3.801746368408203125e+01
3.664448165893554688e+01
3.504350280761718750e+01
3.354212570190429688e+01
3.203177642822265625e+01
3.051318168640136719e+01
2.899873161315917969e+01
2.749925994873046875e+01
2.602972030639648438e+01
2.460701942443847656e+01
2.324826431274414062e+01
2.197200202941894531e+01
2.079602622985839844e+01
1.973562622070312500e+01
1.880178833007812500e+01
1.799964904785156250e+01
1.732677268981933594e+01
1.652519607543945312e+01
1.572981166839599609e+01
1.498091793060302734e+01
1.429369640350341797e+01
1.367491817474365234e+01
1.312770080566406250e+01
1.265324115753173828e+01
1.225120449066162109e+01
1.191960525512695312e+01
1.165459060668945312e+01
1.145045185089111328e+01
1.129990863800048828e+01
1.119462203979492188e+01
1.112585067749023438e+01
1.108508682250976562e+01
1.106459903717041016e+01
1.105778217315673828e+01
1.105935478210449219e+01
1.106534671783447266e+01
1.107300758361816406e+01
1.108060741424560547e+01
1.108721446990966797e+01
1.109247875213623047e+01
1.109643840789794922e+01
1.109934520721435547e+01
1.110155773162841797e+01
1.110344123840332031e+01
1.110532951354980469e+01
1.110747337341308594e+01
1.111003971099853516e+01
1.111310577392578125e+01
1.111666679382324219e+01
1.112064647674560547e+01
1.112491607666015625e+01
1.112931442260742188e+01
1.113366413116455078e+01
1.113779163360595703e+01
1.114153957366943359e+01
1.114478302001953125e+01
1.114743137359619141e+01
1.114943408966064453e+01
1.115077686309814453e+01
1.115148067474365234e+01
1.115159606933593750e+01
1.115119457244873047e+01
1.115036392211914062e+01
1.114919090270996094e+01
1.114777946472167969e+01
1.114621353149414062e+01
1.114458274841308594e+01
1.114296054840087891e+01
1.114140892028808594e+01
1.113998031616210938e+01
1.113870716094970703e+01
1.113761425018310547e+01
1.113671398162841797e+01
1.113600826263427734e+01
1.113549041748046875e+01
1.113514518737792969e+01
1.113496017456054688e+01
1.113490867614746094e+01
1.113497066497802734e+01
1.113512325286865234e+01
1.113534641265869141e+01
1.113561630249023438e+01
1.113591861724853516e+01
1.113623142242431641e+01
1.113654613494873047e+01
1.113684844970703125e+01
1.113712787628173828e+01
1.113737964630126953e+01
1.113759899139404297e+01
1.113778114318847656e+01
1.113792705535888672e+01
1.113803577423095703e+01
1.113810729980468750e+01
1.113814735412597656e+01
1.113815879821777344e+01
1.113814640045166016e+01
1.113811492919921875e+01
1.113806724548339844e+01
1.113801097869873047e+01
1.113794803619384766e+01
1.113788414001464844e+01
1.113782310485839844e+01
1.113776683807373047e+01
1.113771724700927734e+01
1.113767910003662109e+01
1.113764858245849609e+01
1.113762855529785156e+01
1.113761615753173828e+01
1.113761234283447266e+01
1.113761615753173828e+01
1.113762474060058594e+01
1.113763904571533203e+01
1.113765621185302734e+01
1.113767337799072266e+01
1.113769054412841797e+01
1.113770675659179688e+01
1.113772010803222656e+01
1.113773345947265625e+01
1.113774490356445312e+01
1.113775157928466797e+01
1.113775730133056641e+01
1.113776111602783203e+01
1.113776302337646484e+01
1.113776302337646484e+01
1.113776206970214844e+01
1.113776206970214844e+01
1.113776111602783203e+01
1.113775920867919922e+01
1.113775825500488281e+01
1.113775730133056641e+01
1.113775730133056641e+01
1.113775730133056641e+01
1.113775730133056641e+01
1.113775730133056641e+01
1.113775825500488281e+01
1.113775920867919922e+01
1.113775920867919922e+01
1.113776111602783203e+01
1.113776206970214844e+01
1.113776397705078125e+01
1.113776397705078125e+01
1.113776397705078125e+01
1.113776397705078125e+01
1.113776588439941406e+01
1.113776588439941406e+01
1.113776683807373047e+01
1.113776683807373047e+01
1.113776683807373047e+01
1.113776683807373047e+01
1.113776683807373047e+01
1.113776683807373047e+01
1.113776683807373047e+01
1.113776683807373047e+01
1.113776683807373047e+01
1.113776683807373047e+01
1.113776683807373047e+01
1.113776588439941406e+01
1.113776683807373047e+01
1.113776683807373047e+01
1.113776397705078125e+01
1.113776397705078125e+01
1.113776397705078125e+01
1.113776397705078125e+01
1.113776302337646484e+01
1.113776206970214844e+01
1.113776206970214844e+01
1.113776111602783203e+01
1.113775920867919922e+01
1.113775920867919922e+01
1.113775825500488281e+01
1.113775825500488281e+01
1.113775730133056641e+01
1.113775539398193359e+01
1.113775444030761719e+01
1.113775348663330078e+01
1.113775157928466797e+01
1.113775062561035156e+01
1.113775062561035156e+01
1.113774871826171875e+01
1.113774871826171875e+01
1.113774681091308594e+01
1.113774490356445312e+01
1.113774490356445312e+01
1.113774204254150391e+01
1.113774204254150391e+01
1.113774013519287109e+01
1.113774013519287109e+01
1.113773727416992188e+01
1.113773441314697266e+01
1.113773441314697266e+01
1.113773250579833984e+01
1.113773250579833984e+01
1.113772964477539062e+01
1.113772773742675781e+01
1.113772583007812500e+01
1.113772392272949219e+01
1.113772201538085938e+01
1.113772201538085938e+01
1.113772010803222656e+01
1.113771724700927734e+01
1.113771533966064453e+01
1.113771247863769531e+01
1.113771247863769531e+01
1.113770866394042969e+01
1.113770771026611328e+01
1.113770675659179688e+01
1.113770389556884766e+01
1.113770294189453125e+01
1.113770008087158203e+01
1.113769817352294922e+01
1.113769531250000000e+01
1.113769435882568359e+01
1.113769149780273438e+01
1.113768959045410156e+01
1.113768768310546875e+01
1.113768386840820312e+01
1.113768291473388672e+01
1.113768005371093750e+01
1.113767814636230469e+01
1.113767528533935547e+01
1.113767433166503906e+01
1.113767051696777344e+01
1.113766860961914062e+01
1.113766574859619141e+01
1.113766479492187500e+01
1.113766288757324219e+01
1.113765907287597656e+01
1.113765716552734375e+01
1.113765335083007812e+01
1.113765048980712891e+01
1.113764858245849609e+01
1.113764572143554688e+01
1.113764381408691406e+01
1.113764190673828125e+01
1.113763904571533203e+01
1.113763618469238281e+01
1.113763332366943359e+01
1.113763141632080078e+01
1.113762855529785156e+01
1.113762474060058594e+01
1.113762378692626953e+01
1.113761997222900391e+01
1.113761615753173828e+01
1.113761425018310547e+01
1.113761138916015625e+01
1.113760852813720703e+01
1.113760662078857422e+01
1.113760375976562500e+01
1.113759994506835938e+01
1.113759803771972656e+01
1.113759517669677734e+01
1.113759136199951172e+01
1.113758945465087891e+01
1.113758659362792969e+01
1.113758468627929688e+01
1.113758087158203125e+01
1.113757705688476562e+01
1.113757419586181641e+01
1.113757228851318359e+01
1.113756752014160156e+01
1.113756561279296875e+01
1.113756179809570312e+01
1.113755702972412109e+01
1.113755607604980469e+01
1.113755226135253906e+01
1.113754940032958984e+01
1.113754653930664062e+01
1.113754272460937500e+01
1.113753986358642578e+01
1.113753700256347656e+01
1.113753509521484375e+01
1.113753032684326172e+01
1.113752746582031250e+01
1.113752365112304688e+01
1.113751983642578125e+01
1.113751792907714844e+01
1.113751506805419922e+01
1.113751029968261719e+01
1.113750743865966797e+01
1.113750553131103516e+01
1.113750076293945312e+01
1.113749790191650391e+01
1.113749408721923828e+01
1.113749027252197266e+01
1.113748836517333984e+01
1.113748455047607422e+01
1.113748073577880859e+01
1.113747787475585938e+01
1.113747310638427734e+01
1.113747119903564453e+01
1.113746643066406250e+01
1.113746356964111328e+01
1.113745975494384766e+01
1.113745594024658203e+01
1.113745403289794922e+01
1.113745021820068359e+01
1.113744640350341797e+01
1.113744354248046875e+01
1.113743877410888672e+01
1.113743591308593750e+01
1.113743305206298828e+01
1.113742923736572266e+01
1.113742446899414062e+01
1.113742160797119141e+01
1.113741683959960938e+01
1.113741397857666016e+01
1.113740921020507812e+01
1.113740634918212891e+01
1.113740348815917969e+01
1.113739967346191406e+01
1.113739681243896484e+01
1.113739204406738281e+01
1.113738822937011719e+01
1.113738441467285156e+01
1.113738059997558594e+01
1.113737678527832031e+01
1.113737392425537109e+01
1.113737010955810547e+01
1.113736438751220703e+01
1.113736248016357422e+01
1.113735771179199219e+01
1.113735485076904297e+01
1.113735103607177734e+01
1.113734626770019531e+01
1.113734245300292969e+01
1.113733863830566406e+01
1.113733482360839844e+01
1.113733196258544922e+01
1.113732814788818359e+01
1.113732337951660156e+01
1.113732051849365234e+01
1.113731575012207031e+01
1.113731193542480469e+01
1.113730812072753906e+01
1.113730335235595703e+01
1.113729953765869141e+01
1.113729572296142578e+01
1.113729286193847656e+01
1.113728809356689453e+01
1.113728427886962891e+01
1.113728141784667969e+01
1.113727569580078125e+01
1.113727378845214844e+01
1.113726902008056641e+01
1.113726520538330078e+01
1.113726139068603516e+01
1.113725662231445312e+01
1.113725280761718750e+01
1.113724899291992188e+01
1.113724422454833984e+01
1.113724136352539062e+01
1.113723659515380859e+01
1.113723182678222656e+01
1.113722801208496094e+01
1.113722419738769531e+01
1.113721942901611328e+01
1.113721466064453125e+01
1.113721179962158203e+01
1.113720703125000000e+01
1.113720417022705078e+01
1.113719940185546875e+01
1.113719463348388672e+01
1.113719177246093750e+01
1.113718700408935547e+01
1.113718223571777344e+01
1.113718032836914062e+01
1.113717365264892578e+01
1.113716983795166016e+01
1.113716793060302734e+01
1.113716220855712891e+01
1.113715744018554688e+01
1.113715267181396484e+01
1.113714885711669922e+01
1.113714504241943359e+01
1.113714027404785156e+01
1.113713645935058594e+01
1.113713264465332031e+01
1.113712787628173828e+01
1.113712406158447266e+01
1.113712024688720703e+01
1.113711547851562500e+01
1.113711071014404297e+01
1.113710689544677734e+01
1.113710212707519531e+01
1.113709831237792969e+01
1.113709354400634766e+01
1.113708972930908203e+01
1.113708496093750000e+01
1.113708114624023438e+01
1.113707637786865234e+01
1.113707256317138672e+01
1.113706874847412109e+01
1.113706398010253906e+01
1.113705921173095703e+01
1.113705444335937500e+01
1.113705062866210938e+01
1.113704681396484375e+01
1.113704204559326172e+01
1.113703727722167969e+01
1.113703155517578125e+01
1.113702869415283203e+01
1.113702487945556641e+01
1.113701915740966797e+01
1.113701629638671875e+01
1.113700962066650391e+01
1.113700771331787109e+01
1.113700199127197266e+01
1.113699722290039062e+01
1.113699531555175781e+01
1.113698863983154297e+01
1.113698387145996094e+01
1.113698005676269531e+01
1.113697528839111328e+01
1.113697052001953125e+01
1.113696670532226562e+01
1.113696289062500000e+01
1.113695812225341797e+01
1.113695430755615234e+01
1.113694763183593750e+01
1.113694477081298828e+01
1.113694095611572266e+01
1.113693618774414062e+01
1.113693046569824219e+01
1.113692569732666016e+01
1.113692092895507812e+01
1.113691616058349609e+01
1.113691234588623047e+01
1.113690757751464844e+01
1.113690376281738281e+01
1.113689899444580078e+01
1.113689422607421875e+01
1.113689041137695312e+01
1.113688659667968750e+01
1.113688182830810547e+01
1.113687610626220703e+01
1.113687324523925781e+01
1.113686656951904297e+01
1.113686275482177734e+01
1.113685703277587891e+01
1.113685226440429688e+01
1.113684844970703125e+01
1.113684463500976562e+01
1.113683986663818359e+01
1.113683509826660156e+01
1.113682937622070312e+01
1.113682556152343750e+01
1.113682079315185547e+01
1.113681697845458984e+01
1.113681125640869141e+01
1.113680744171142578e+01
1.113680171966552734e+01
1.113679790496826172e+01
1.113679313659667969e+01
1.113678741455078125e+01
1.113678264617919922e+01
1.113677883148193359e+01
1.113677501678466797e+01
1.113677024841308594e+01
1.113676548004150391e+01
1.113675785064697266e+01
1.113675403594970703e+01
1.113675117492675781e+01
1.113674545288085938e+01
1.113674068450927734e+01
1.113673591613769531e+01
1.113673210144042969e+01
1.113672637939453125e+01
1.113672256469726562e+01
1.113671779632568359e+01
1.113671302795410156e+01
1.113670730590820312e+01
1.113670349121093750e+01
1.113669776916503906e+01
1.113669204711914062e+01
1.113668823242187500e+01
1.113668441772460938e+01
1.113667964935302734e+01
1.113667392730712891e+01
1.113666915893554688e+01
1.113666439056396484e+01
1.113665962219238281e+01
1.113665485382080078e+01
1.113665008544921875e+01
1.113664436340332031e+01
1.113664150238037109e+01
1.113663578033447266e+01
1.113663101196289062e+01
1.113662624359130859e+01
1.113662242889404297e+01
1.113661766052246094e+01
1.113661289215087891e+01
1.113660812377929688e+01
1.113660240173339844e+01
1.113659763336181641e+01
1.113659286499023438e+01
1.113658809661865234e+01
1.113658332824707031e+01
1.113657855987548828e+01
1.113657283782958984e+01
1.113656806945800781e+01
1.113656330108642578e+01
1.113655853271484375e+01
1.113655376434326172e+01
1.113654899597167969e+01
1.113654327392578125e+01
1.113653850555419922e+01
1.113653373718261719e+01
1.113652896881103516e+01
1.113652420043945312e+01
1.113651943206787109e+01
1.113651371002197266e+01
1.113650894165039062e+01
1.113650417327880859e+01
1.113649940490722656e+01
1.113649463653564453e+01
1.113648986816406250e+01
1.113648414611816406e+01
1.113647937774658203e+01
1.113647460937500000e+01
1.113646984100341797e+01
1.113646507263183594e+01
1.113645935058593750e+01
1.113645458221435547e+01
1.113644981384277344e+01
1.113644504547119141e+01
1.113644027709960938e+01
1.113643550872802734e+01
1.113642978668212891e+01
1.113642501831054688e+01
1.113642024993896484e+01
1.113641548156738281e+01
1.113641071319580078e+01
1.113640594482421875e+01
1.113640022277832031e+01
1.113639545440673828e+01
1.113639068603515625e+01
1.113638591766357422e+01
1.113638114929199219e+01
1.113637638092041016e+01
1.113637065887451172e+01
1.113636589050292969e+01
1.113636016845703125e+01
1.113635540008544922e+01
1.113634967803955078e+01
1.113634681701660156e+01
1.113634014129638672e+01
1.113633441925048828e+01
1.113633060455322266e+01
1.113632583618164062e+01
1.113631916046142578e+01
1.113631534576416016e+01
1.113630962371826172e+01
1.113630485534667969e+01
1.113629913330078125e+01
1.113629436492919922e+01
1.113628959655761719e+01
1.113628482818603516e+01
1.113628005981445312e+01
1.113627338409423828e+01
1.113626861572265625e+01
1.113626384735107422e+01
1.113625717163085938e+01
1.113625240325927734e+01
1.113624763488769531e+01
1.113624382019042969e+01
1.113623809814453125e+01
1.113623332977294922e+01
1.113622760772705078e+01
1.113622283935546875e+01
1.113621807098388672e+01
1.113621330261230469e+01
1.113620853424072266e+01
1.113620376586914062e+01
1.113619709014892578e+01
1.113619232177734375e+01
1.113618564605712891e+01
1.113618278503417969e+01
1.113617610931396484e+01
1.113617134094238281e+01
1.113616657257080078e+01
1.113616180419921875e+01
1.113615608215332031e+01
1.113615036010742188e+01
1.113614559173583984e+01
1.113614082336425781e+01
1.113613700866699219e+01
1.113613033294677734e+01
1.113612461090087891e+01
1.113611984252929688e+01
1.113611412048339844e+01
1.113610935211181641e+01
1.113610458374023438e+01
1.113609981536865234e+01
1.113609504699707031e+01
1.113608837127685547e+01
1.113608360290527344e+01
1.113607883453369141e+01
1.113607406616210938e+01
1.113606929779052734e+01
1.113606357574462891e+01
1.113605785369873047e+01
1.113605308532714844e+01
1.113604831695556641e+01
1.113604259490966797e+01
1.113603782653808594e+01
1.113603210449218750e+01
1.113602828979492188e+01
1.113602066040039062e+01
1.113601589202880859e+01
1.113601112365722656e+01
1.113600635528564453e+01
1.113599967956542969e+01
1.113599586486816406e+01
1.113598918914794922e+01
1.113598346710205078e+01
1.113597869873046875e+01
1.113597393035888672e+01
1.113596916198730469e+01
1.113596439361572266e+01
1.113595771789550781e+01
1.113595390319824219e+01
1.113594722747802734e+01
1.113594150543212891e+01
1.113593673706054688e+01
1.113593196868896484e+01
1.113592720031738281e+01
1.113592243194580078e+01
1.113591766357421875e+01
1.113591098785400391e+01
1.113590621948242188e+01
1.113589954376220703e+01
1.113589477539062500e+01
1.113589096069335938e+01
1.113588523864746094e+01
1.113588047027587891e+01
1.113587379455566406e+01
1.113586902618408203e+01
1.113586330413818359e+01
1.113585853576660156e+01
1.113585281372070312e+01
1.113584804534912109e+01
1.113584041595458984e+01
1.113583755493164062e+01
1.113583087921142578e+01
1.113582611083984375e+01
1.113582134246826172e+01
1.113581657409667969e+01
1.113581085205078125e+01
1.113580513000488281e+01
1.113579845428466797e+01
1.113579368591308594e+01
1.113578891754150391e+01
1.113578414916992188e+01
1.113577747344970703e+01
1.113577270507812500e+01
1.113576698303222656e+01
1.113576221466064453e+01
1.113575744628906250e+01
1.113575172424316406e+01
1.113574695587158203e+01
1.113574218750000000e+01
1.113573455810546875e+01
1.113573074340820312e+01
1.113572502136230469e+01
1.113572025299072266e+01
1.113571548461914062e+01
1.113570785522460938e+01
1.113570308685302734e+01
1.113569736480712891e+01
1.113569259643554688e+01
1.113568687438964844e+01
1.113568019866943359e+01
1.113567543029785156e+01
1.113567161560058594e+01
1.113566589355468750e+01
1.113566112518310547e+01
1.113565540313720703e+01
1.113564872741699219e+01
1.113564491271972656e+01
1.113563823699951172e+01
1.113563346862792969e+01
1.113562774658203125e+01
1.113562297821044922e+01
1.113561725616455078e+01
1.113561153411865234e+01
1.113560676574707031e+01
1.113560199737548828e+01
1.113559532165527344e+01
1.113559055328369141e+01
1.113558387756347656e+01
1.113557910919189453e+01
1.113557434082031250e+01
1.113556957244873047e+01
1.113556385040283203e+01
1.113555717468261719e+01
1.113555145263671875e+01
1.113554763793945312e+01
1.113554286956787109e+01
1.113553524017333984e+01
1.113553047180175781e+01
1.113552474975585938e+01
1.113551998138427734e+01
1.113551521301269531e+01
1.113550758361816406e+01
1.113550281524658203e+01
1.113549804687500000e+01
1.113549232482910156e+01
1.113548564910888672e+01
1.113548088073730469e+01
1.113547611236572266e+01
1.113546943664550781e+01
1.113546466827392578e+01
1.113545989990234375e+01
1.113545322418212891e+01
1.113544845581054688e+01
1.113544368743896484e+01
1.113543796539306641e+01
1.113543128967285156e+01
1.113542652130126953e+01
1.113542175292968750e+01
1.113541507720947266e+01
1.113540935516357422e+01
1.113540458679199219e+01
1.113539981842041016e+01
1.113539409637451172e+01
1.113538837432861328e+01
1.113538169860839844e+01
1.113537693023681641e+01
1.113537216186523438e+01
1.113536643981933594e+01
1.113536071777343750e+01
1.113535499572753906e+01
1.113535022735595703e+01
1.113534259796142578e+01
1.113533782958984375e+01
1.113533306121826172e+01
1.113532638549804688e+01
1.113532161712646484e+01
1.113531589508056641e+01
1.113531017303466797e+01
1.113530445098876953e+01
1.113529872894287109e+01
1.113529300689697266e+01
1.113528823852539062e+01
1.113528347015380859e+01
1.113527584075927734e+01
1.113527107238769531e+01
1.113526630401611328e+01
1.113525962829589844e+01
1.113525485992431641e+01
1.113524913787841797e+01
1.113524246215820312e+01
1.113523864746093750e+01
1.113523292541503906e+01
1.113522720336914062e+01
1.113522148132324219e+01
1.113521671295166016e+01
1.113521099090576172e+01
1.113520431518554688e+01
1.113519954681396484e+01
1.113519382476806641e+01
1.113518810272216797e+01
1.113518238067626953e+01
1.113517761230468750e+01
1.113517093658447266e+01
1.113516521453857422e+01
1.113516044616699219e+01
1.113515567779541016e+01
1.113514995574951172e+01
1.113514328002929688e+01
1.113513755798339844e+01
1.113513278961181641e+01
1.113512802124023438e+01
1.113512229919433594e+01
1.113511562347412109e+01
1.113510990142822266e+01
1.113510608673095703e+01
1.113509941101074219e+01
1.113509368896484375e+01
1.113508701324462891e+01
1.113508224487304688e+01
1.113507652282714844e+01
1.113506984710693359e+01
1.113506507873535156e+01
1.113505935668945312e+01
1.113505458831787109e+01
1.113504791259765625e+01
1.113504219055175781e+01
1.113503646850585938e+01
1.113503170013427734e+01
1.113502502441406250e+01
1.113501930236816406e+01
1.113501453399658203e+01
1.113500976562500000e+01
1.113500213623046875e+01
1.113499736785888672e+01
1.113499259948730469e+01
1.113498592376708984e+01
1.113498020172119141e+01
1.113497543334960938e+01
1.113497066497802734e+01
1.113496303558349609e+01
1.113495826721191406e+01
1.113495349884033203e+01
1.113494586944580078e+01
1.113494205474853516e+01
1.113493537902832031e+01
1.113492965698242188e+01
1.113492298126220703e+01
1.113491725921630859e+01
1.113491344451904297e+01
1.113490581512451172e+01
1.113490104675292969e+01
1.113489627838134766e+01
1.113488864898681641e+01
1.113488388061523438e+01
1.113487911224365234e+01
1.113487148284912109e+01
1.113486766815185547e+01
1.113486194610595703e+01
1.113485431671142578e+01
1.113484954833984375e+01
1.113484477996826172e+01
1.113483810424804688e+01
1.113483238220214844e+01
1.113482761383056641e+01
1.113482189178466797e+01
1.113481616973876953e+01
1.113481044769287109e+01
1.113480472564697266e+01
1.113479995727539062e+01
1.113479232788085938e+01
1.113478755950927734e+01
1.113478279113769531e+01
1.113477516174316406e+01
1.113477039337158203e+01
1.113476467132568359e+01
1.113475799560546875e+01
1.113475322723388672e+01
1.113474845886230469e+01
1.113474082946777344e+01
1.113473606109619141e+01
1.113473129272460938e+01
1.113472366333007812e+01
1.113471889495849609e+01
1.113471221923828125e+01
1.113470649719238281e+01
1.113470172882080078e+01
1.113469696044921875e+01
1.113469028472900391e+01
1.113468456268310547e+01
1.113467788696289062e+01
1.113467216491699219e+01
1.113466835021972656e+01
1.113466167449951172e+01
1.113465595245361328e+01
1.113464927673339844e+01
1.113464450836181641e+01
1.113463878631591797e+01
1.113463211059570312e+01
1.113462734222412109e+01
1.113462162017822266e+01
1.113461494445800781e+01
1.113461017608642578e+01
1.113460445404052734e+01
1.113459777832031250e+01
1.113459300994873047e+01
1.113458728790283203e+01
1.113458061218261719e+01
1.113457584381103516e+01
1.113456916809082031e+01
1.113456344604492188e+01
1.113455867767333984e+01
1.113455200195312500e+01
1.113454627990722656e+01
1.113454151153564453e+01
1.113453388214111328e+01
1.113452911376953125e+01
1.113452243804931641e+01
1.113451671600341797e+01
1.113451004028320312e+01
1.113450622558593750e+01
1.113450050354003906e+01
1.113449478149414062e+01
1.113448905944824219e+01
1.113448333740234375e+01
1.113447666168212891e+01
1.113447189331054688e+01
1.113446521759033203e+01
1.113445949554443359e+01
1.113445281982421875e+01
1.113444709777832031e+01
1.113444042205810547e+01
1.113443470001220703e+01
1.113442993164062500e+01
1.113442325592041016e+01
1.113441658020019531e+01
1.113440895080566406e+01
1.113440036773681641e+01
1.113438796997070312e+01
1.113435649871826172e+01
1.113411712646484375e+01
1.113256835937500000e+01
1.112337017059326172e+01
1.111559963226318359e+01
1.110161399841308594e+01
1.110570430755615234e+01
1.111118507385253906e+01
1.111740684509277344e+01
1.112379932403564453e+01
1.112989044189453125e+01
1.113534164428710938e+01
1.113992977142333984e+01
1.114354991912841797e+01
1.114618587493896484e+01
1.114790248870849609e+01
1.114880466461181641e+01
1.114903068542480469e+01
1.114872837066650391e+01
1.114804553985595703e+01
1.114711093902587891e+01
1.114604663848876953e+01
1.114494323730468750e+01
1.114387989044189453e+01
1.114290809631347656e+01
1.114206981658935547e+01
1.114138221740722656e+01
1.114085292816162109e+01
1.114047908782958984e+01
1.114024639129638672e+01
1.114013576507568359e+01
1.114012145996093750e+01
1.114017963409423828e+01
1.114028549194335938e+01
1.114041805267333984e+01
1.114055633544921875e+01
1.114068889617919922e+01
1.114080715179443359e+01
1.114090633392333984e+01
1.114098548889160156e+01
1.114104652404785156e+01
1.114109134674072266e+01
1.114112567901611328e+01
1.114115142822265625e+01
1.114117336273193359e+01
1.114119243621826172e+01
1.114121055603027344e+01
1.114122390747070312e+01
1.114123916625976562e+01
1.114124870300292969e+01
1.114125537872314453e+01
1.114125633239746094e+01
1.114125347137451172e+01
1.114124488830566406e+01
1.114123439788818359e+01
1.114121913909912109e+01
1.114120483398437500e+01
1.114118766784667969e+01
1.114117240905761719e+01
1.114116001129150391e+01
1.114114761352539062e+01
1.114113903045654297e+01
1.114113330841064453e+01
1.114113044738769531e+01
1.114112949371337891e+01
1.114113044738769531e+01
1.114113330841064453e+01
1.114113807678222656e+01
1.114114284515380859e+01
1.114114761352539062e+01
1.114115238189697266e+01
1.114115810394287109e+01
1.114116096496582031e+01
1.114116477966308594e+01
1.114116764068603516e+01
1.114116954803466797e+01
1.114117145538330078e+01
1.114117240905761719e+01
1.114116954803466797e+01
1.114116954803466797e+01
1.114116954803466797e+01
1.114116764068603516e+01
1.114116477966308594e+01
1.114116287231445312e+01
1.114116287231445312e+01
1.114116096496582031e+01
1.114116001129150391e+01
1.114116001129150391e+01
1.114116001129150391e+01
1.114116001129150391e+01
1.114116001129150391e+01
1.114116096496582031e+01
1.114116287231445312e+01
1.114116287231445312e+01
1.114116287231445312e+01
1.114116287231445312e+01
1.114116287231445312e+01
1.114116287231445312e+01
1.114116287231445312e+01
1.114116287231445312e+01
