4.706504440307617188e+01
4.657511901855468750e+01
4.604309844970703125e+01
4.553130340576171875e+01
4.497485351562500000e+01
4.446927642822265625e+01
4.394085693359375000e+01
4.336307525634765625e+01
4.270959854125976562e+01
4.199971771240234375e+01
4.122835540771484375e+01
4.039138793945312500e+01
3.944570159912109375e+01
3.832397842407226562e+01
3.709237670898437500e+01
3.562767410278320312e+01
3.422460174560546875e+01
3.292749023437500000e+01
3.137213897705078125e+01
3.004831695556640625e+01
2.870533752441406250e+01
2.740421295166015625e+01
2.617122077941894531e+01
2.506406784057617188e+01
2.397066307067871094e+01
2.294970321655273438e+01
2.206254196166992188e+01
2.125187683105468750e+01
2.046821212768554688e+01
1.976290321350097656e+01
1.918418502807617188e+01
1.863990020751953125e+01
1.812517356872558594e+01
1.753215789794921875e+01
1.711418151855468750e+01
1.684246635437011719e+01
1.670523834228515625e+01
1.662292480468750000e+01
1.638305282592773438e+01
1.620810699462890625e+01
1.607256126403808594e+01
1.600300598144531250e+01
1.594621753692626953e+01
1.570835018157958984e+01
1.558565998077392578e+01
1.540784072875976562e+01
1.494155025482177734e+01
1.470425987243652344e+01
1.447771835327148438e+01
1.442607879638671875e+01
1.432617855072021484e+01
1.429263973236083984e+01
1.428524684906005859e+01
1.456013488769531250e+01
1.432814025878906250e+01
1.435969448089599609e+01
1.439264297485351562e+01
1.443267154693603516e+01
1.441858005523681641e+01
1.437895298004150391e+01
1.435883712768554688e+01
1.434922599792480469e+01
1.435473632812500000e+01
1.438884735107421875e+01
1.439717674255371094e+01
1.460353851318359375e+01
1.424603080749511719e+01
1.420348930358886719e+01
1.437126350402832031e+01
1.411356925964355469e+01
1.408889198303222656e+01
1.408087825775146484e+01
1.408565711975097656e+01
1.409562587738037109e+01
1.410935878753662109e+01
1.417717742919921875e+01
1.468664073944091797e+01
1.408359241485595703e+01
1.403727436065673828e+01
1.402583694458007812e+01
1.406431961059570312e+01
1.464741325378417969e+01
1.396616172790527344e+01
1.394889163970947266e+01
1.395128917694091797e+01
1.397305679321289062e+01
1.398100566864013672e+01
1.396844005584716797e+01
1.397313404083251953e+01
1.400385093688964844e+01
1.399933624267578125e+01
1.396798992156982422e+01
1.396199512481689453e+01
1.395779800415039062e+01
1.396258926391601562e+01
1.396235847473144531e+01
1.397150897979736328e+01
1.396215057373046875e+01
1.398716926574707031e+01
1.393872642517089844e+01
1.397891616821289062e+01
1.394055557250976562e+01
1.393986797332763672e+01
1.394355392456054688e+01
1.401341629028320312e+01
1.400651073455810547e+01
1.401036262512207031e+01
1.395750999450683594e+01
1.393563365936279297e+01
1.393948936462402344e+01
1.393875503540039062e+01
1.392854499816894531e+01
1.392298698425292969e+01
1.392586612701416016e+01
1.392939281463623047e+01
1.392052268981933594e+01
1.391541767120361328e+01
1.392304325103759766e+01
1.489423942565917969e+01
1.393588447570800781e+01
1.394433212280273438e+01
1.399792861938476562e+01
1.402564716339111328e+01
1.408150386810302734e+01
1.417491436004638672e+01
1.428576850891113281e+01
1.439256286621093750e+01
1.446669197082519531e+01
1.451067161560058594e+01
1.451787662506103516e+01
1.449357223510742188e+01
1.444299411773681641e+01
1.437500762939453125e+01
1.429997062683105469e+01
1.422723293304443359e+01
1.416347694396972656e+01
1.411191082000732422e+01
1.407272720336914062e+01
1.404428672790527344e+01
1.402461624145507812e+01
1.401245498657226562e+01
1.400601863861083984e+01
1.400352859497070312e+01
1.400402259826660156e+01
1.400654029846191406e+01
1.400976848602294922e+01
1.401271629333496094e+01
1.401533412933349609e+01
1.401648426055908203e+01
1.401536178588867188e+01
1.401187801361083984e+01
1.400594997406005859e+01
1.399744987487792969e+01
1.398894119262695312e+01
1.398837184906005859e+01
1.399444484710693359e+01
1.397387504577636719e+01
1.394103336334228516e+01
1.393457221984863281e+01
1.393834972381591797e+01
1.393882751464843750e+01
1.393825149536132812e+01
1.393724536895751953e+01
1.393547344207763672e+01
1.393486785888671875e+01
1.393370723724365234e+01
1.393118381500244141e+01
1.392871761322021484e+01
1.392771625518798828e+01
1.392771530151367188e+01
1.392783069610595703e+01
1.392719841003417969e+01
1.392711448669433594e+01
1.392753887176513672e+01
1.392766094207763672e+01
1.392743873596191406e+01
1.392814064025878906e+01
1.392800712585449219e+01
1.392653274536132812e+01
1.392669200897216797e+01
1.392736911773681641e+01
1.392629909515380859e+01
1.392482566833496094e+01
1.392381763458251953e+01
1.392351818084716797e+01
1.392275810241699219e+01
1.392160129547119141e+01
1.392087268829345703e+01
1.392072963714599609e+01
1.392063903808593750e+01
1.392015647888183594e+01
1.391975688934326172e+01
1.391957187652587891e+01
1.391950225830078125e+01
1.391904544830322266e+01
1.391762447357177734e+01
1.391475009918212891e+01
1.391056251525878906e+01
1.390848350524902344e+01
1.390634059906005859e+01
1.390345287322998047e+01
1.390130901336669922e+01
1.390033435821533203e+01
1.389910316467285156e+01
1.389707660675048828e+01
1.389549255371093750e+01
1.389431762695312500e+01
1.389309692382812500e+01
1.389221572875976562e+01
1.389174461364746094e+01
1.389125537872314453e+01
1.389104747772216797e+01
1.389230442047119141e+01
1.389295101165771484e+01
1.389082717895507812e+01
1.389051437377929688e+01
1.389015674591064453e+01
1.388833618164062500e+01
1.388810062408447266e+01
1.388833999633789062e+01
1.388730525970458984e+01
1.388625335693359375e+01
1.388522148132324219e+01
1.388340950012207031e+01
1.388273334503173828e+01
1.388277912139892578e+01
1.388227748870849609e+01
1.388160324096679688e+01
1.388130569458007812e+01
1.388117980957031250e+01
1.388113498687744141e+01
1.388100624084472656e+01
1.388096332550048828e+01
1.388105392456054688e+01
1.388107585906982422e+01
1.388068485260009766e+01
1.388065624237060547e+01
1.387966251373291016e+01
1.387987613677978516e+01
1.387980079650878906e+01
1.388201141357421875e+01
1.387777042388916016e+01
1.387882900238037109e+01
1.387728500366210938e+01
1.388221073150634766e+01
1.387800788879394531e+01
1.388300609588623047e+01
1.387791442871093750e+01
1.387518501281738281e+01
1.387662887573242188e+01
1.387883949279785156e+01
1.387581634521484375e+01
1.387228298187255859e+01
1.387189197540283203e+01
1.387229442596435547e+01
1.387078857421875000e+01
1.387039947509765625e+01
1.387194442749023438e+01
1.386592197418212891e+01
1.386397361755371094e+01
1.387267875671386719e+01
1.386779403686523438e+01
1.387342834472656250e+01
1.387487697601318359e+01
1.387705612182617188e+01
1.387235641479492188e+01
1.387216472625732422e+01
1.388589286804199219e+01
1.387224197387695312e+01
1.388337326049804688e+01
1.386766910552978516e+01
1.386821842193603516e+01
1.386991024017333984e+01
1.386611461639404297e+01
1.386265468597412109e+01
1.386019706726074219e+01
1.385804462432861328e+01
1.385913085937500000e+01
1.385558509826660156e+01
1.385725879669189453e+01
1.385507488250732422e+01
1.386337184906005859e+01
1.386486530303955078e+01
1.386948585510253906e+01
1.387856674194335938e+01
1.387825775146484375e+01
1.387123584747314453e+01
1.386929988861083984e+01
1.386521911621093750e+01
1.386354160308837891e+01
1.386188793182373047e+01
1.386192226409912109e+01
1.386286163330078125e+01
1.386099720001220703e+01
1.385958194732666016e+01
1.385875797271728516e+01
1.386162853240966797e+01
1.385933876037597656e+01
1.385768604278564453e+01
1.385724925994873047e+01
1.385753822326660156e+01
1.385659217834472656e+01
1.385729503631591797e+01
1.386315441131591797e+01
1.386625003814697266e+01
1.386461925506591797e+01
1.385901451110839844e+01
1.385962486267089844e+01
1.385976982116699219e+01
1.386290836334228516e+01
1.385962581634521484e+01
1.386901950836181641e+01
1.386100006103515625e+01
1.386766338348388672e+01
1.385716629028320312e+01
1.385553550720214844e+01
1.386001873016357422e+01
1.385557174682617188e+01
1.386665534973144531e+01
1.386168384552001953e+01
1.387225532531738281e+01
1.386641025543212891e+01
1.385763549804687500e+01
1.385804843902587891e+01
1.385799980163574219e+01
1.386542606353759766e+01
1.386074924468994141e+01
1.386351299285888672e+01
1.385878372192382812e+01
1.385679626464843750e+01
1.385778331756591797e+01
1.386638450622558594e+01
1.386758422851562500e+01
1.386540317535400391e+01
1.386136436462402344e+01
1.387525653839111328e+01
1.385494804382324219e+01
1.390603637695312500e+01
1.391362476348876953e+01
1.390979957580566406e+01
1.390540981292724609e+01
1.389596939086914062e+01
1.386619663238525391e+01
1.386580467224121094e+01
1.386659622192382812e+01
1.386597347259521484e+01
1.386230182647705078e+01
1.386020374298095703e+01
1.385834026336669922e+01
1.386542987823486328e+01
1.385535049438476562e+01
1.387780284881591797e+01
1.389603710174560547e+01
1.386059188842773438e+01
1.385566806793212891e+01
1.387730693817138672e+01
1.385469055175781250e+01
1.387814998626708984e+01
1.386512660980224609e+01
1.386877441406250000e+01
1.387753009796142578e+01
1.386489009857177734e+01
1.386930561065673828e+01
1.387484169006347656e+01
1.387258529663085938e+01
1.386925888061523438e+01
1.386372947692871094e+01
1.386254405975341797e+01
1.386953163146972656e+01
1.386479949951171875e+01
1.386760425567626953e+01
1.387639999389648438e+01
1.387892150878906250e+01
1.387430572509765625e+01
1.386919593811035156e+01
1.386477375030517578e+01
1.387041950225830078e+01
1.387220573425292969e+01
1.397845554351806641e+01
1.386897087097167969e+01
1.387962436676025391e+01
1.388617038726806641e+01
1.388827800750732422e+01
1.388403320312500000e+01
1.387851524353027344e+01
1.387028026580810547e+01
1.386025810241699219e+01
1.388555049896240234e+01
1.429081535339355469e+01
1.441298961639404297e+01
1.424677467346191406e+01
1.424973297119140625e+01
1.428311729431152344e+01
1.430329322814941406e+01
1.428123474121093750e+01
1.424044895172119141e+01
1.422642993927001953e+01
1.425535488128662109e+01
1.428773498535156250e+01
1.424885272979736328e+01
1.421626949310302734e+01
1.422215938568115234e+01
1.423211097717285156e+01
1.422958374023437500e+01
1.421404647827148438e+01
1.419754028320312500e+01
1.418761825561523438e+01
1.418407630920410156e+01
1.418155097961425781e+01
1.417701148986816406e+01
1.417325973510742188e+01
1.416888999938964844e+01
1.416510009765625000e+01
1.416237449645996094e+01
1.415930938720703125e+01
1.415717411041259766e+01
1.415744018554687500e+01
1.415530967712402344e+01
1.414978599548339844e+01
1.414566326141357422e+01
1.414619541168212891e+01
1.414415073394775391e+01
1.414180660247802734e+01
1.413845348358154297e+01
1.413764667510986328e+01
1.413716697692871094e+01
1.413880729675292969e+01
1.413879776000976562e+01
1.413676548004150391e+01
1.413559150695800781e+01
1.413150024414062500e+01
1.413362407684326172e+01
1.414973354339599609e+01
1.413992309570312500e+01
1.414071559906005859e+01
1.418199157714843750e+01
1.413470935821533203e+01
1.414767551422119141e+01
1.416414260864257812e+01
1.413804531097412109e+01
1.416156959533691406e+01
1.416241836547851562e+01
1.414296531677246094e+01
1.411298274993896484e+01
1.411194038391113281e+01
1.412208557128906250e+01
1.411977291107177734e+01
1.411975097656250000e+01
1.411691761016845703e+01
1.412221240997314453e+01
1.413859748840332031e+01
1.414988899230957031e+01
1.413257884979248047e+01
1.410415363311767578e+01
1.409575462341308594e+01
1.411010074615478516e+01
1.411088180541992188e+01
1.410169887542724609e+01
1.410741329193115234e+01
1.410990810394287109e+01
1.409758949279785156e+01
1.408918762207031250e+01
1.410452079772949219e+01
1.409801006317138672e+01
1.408551979064941406e+01
1.411298561096191406e+01
1.412623023986816406e+01
1.410645484924316406e+01
1.415410041809082031e+01
1.409927749633789062e+01
1.412952041625976562e+01
1.413783359527587891e+01
1.415504550933837891e+01
1.414569473266601562e+01
1.412529087066650391e+01
1.411922359466552734e+01
1.411833000183105469e+01
1.411034679412841797e+01
1.408299922943115234e+01
1.407765197753906250e+01
1.407416248321533203e+01
1.407767581939697266e+01
1.407392024993896484e+01
1.407576847076416016e+01
1.408248424530029297e+01
1.407709884643554688e+01
1.405728626251220703e+01
1.405861949920654297e+01
1.407296562194824219e+01
1.407351112365722656e+01
1.406085872650146484e+01
1.405927562713623047e+01
1.406160736083984375e+01
1.406338500976562500e+01
1.406112194061279297e+01
1.404893875122070312e+01
1.405414104461669922e+01
1.405340576171875000e+01
1.404915523529052734e+01
1.406390666961669922e+01
1.406556224822998047e+01
1.405418109893798828e+01
1.405842876434326172e+01
1.406543636322021484e+01
1.404718875885009766e+01
1.404943847656250000e+01
1.404360675811767578e+01
1.404563903808593750e+01
1.404271125793457031e+01
1.404572486877441406e+01
1.403938674926757812e+01
1.405187034606933594e+01
1.405528450012207031e+01
1.404829311370849609e+01
1.404979801177978516e+01
1.404500675201416016e+01
1.404916667938232422e+01
1.404832172393798828e+01
1.404619407653808594e+01
1.404597949981689453e+01
1.404192066192626953e+01
1.403291988372802734e+01
1.403405666351318359e+01
1.404360675811767578e+01
1.403126716613769531e+01
1.404644012451171875e+01
1.403605747222900391e+01
1.408300113677978516e+01
1.415481472015380859e+01
1.405662155151367188e+01
1.406546878814697266e+01
1.406161975860595703e+01
1.406956481933593750e+01
1.406788635253906250e+01
1.403892326354980469e+01
1.405309963226318359e+01
1.407221984863281250e+01
1.405018711090087891e+01
1.405472850799560547e+01
1.406539344787597656e+01
1.406379604339599609e+01
1.405953693389892578e+01
1.404603862762451172e+01
1.404461669921875000e+01
1.403708934783935547e+01
1.403800773620605469e+01
1.404438304901123047e+01
1.406320762634277344e+01
1.406729316711425781e+01
1.404687500000000000e+01
1.403864288330078125e+01
1.403892707824707031e+01
1.403449726104736328e+01
1.403172111511230469e+01
1.402107048034667969e+01
1.401304912567138672e+01
1.402092647552490234e+01
1.404810237884521484e+01
1.404540538787841797e+01
1.401625919342041016e+01
1.401415920257568359e+01
1.403703022003173828e+01
1.400752067565917969e+01
1.402974510192871094e+01
1.403423881530761719e+01
1.401798915863037109e+01
1.401370906829833984e+01
1.405272674560546875e+01
1.404982376098632812e+01
1.401938247680664062e+01
1.402949523925781250e+01
1.403536987304687500e+01
1.403126144409179688e+01
1.402853488922119141e+01
1.401701450347900391e+01
1.400984573364257812e+01
1.400907707214355469e+01
1.401271724700927734e+01
1.401570606231689453e+01
1.401079750061035156e+01
1.400638484954833984e+01
1.402323436737060547e+01
1.400259113311767578e+01
1.402109336853027344e+01
1.401838111877441406e+01
1.400931262969970703e+01
1.400601387023925781e+01
1.401500797271728516e+01
1.404342460632324219e+01
1.400407123565673828e+01
1.401117992401123047e+01
1.400832366943359375e+01
1.400880336761474609e+01
1.400570869445800781e+01
1.401043987274169922e+01
1.400629329681396484e+01
1.402624988555908203e+01
1.402153491973876953e+01
1.399774360656738281e+01
1.400766372680664062e+01
1.402562141418457031e+01
1.400021076202392578e+01
1.402442741394042969e+01
1.402141761779785156e+01
1.400011825561523438e+01
1.400368022918701172e+01
1.401786422729492188e+01
1.402374649047851562e+01
1.401000976562500000e+01
1.401343154907226562e+01
1.401756572723388672e+01
1.401444149017333984e+01
1.400257301330566406e+01
1.399948692321777344e+01
1.399954605102539062e+01
1.399433135986328125e+01
1.399489879608154297e+01
1.399330425262451172e+01
1.399377155303955078e+01
1.399974155426025391e+01
1.399133586883544922e+01
1.399164485931396484e+01
1.399532699584960938e+01
1.402123260498046875e+01
1.399260234832763672e+01
1.400922012329101562e+01
1.399989891052246094e+01
1.398137569427490234e+01
1.402485847473144531e+01
1.398237705230712891e+01
1.400324630737304688e+01
1.400202655792236328e+01
1.398906612396240234e+01
1.400137710571289062e+01
1.402424526214599609e+01
1.399908828735351562e+01
1.398678016662597656e+01
1.399137973785400391e+01
1.399476623535156250e+01
1.399655532836914062e+01
1.398417949676513672e+01
1.397994899749755859e+01
1.399118137359619141e+01
1.399646091461181641e+01
1.399688911437988281e+01
1.399432563781738281e+01
1.398132801055908203e+01
1.397190284729003906e+01
1.397970485687255859e+01
1.398673343658447266e+01
1.397347450256347656e+01
1.398025798797607422e+01
1.398750305175781250e+01
1.398518562316894531e+01
1.397612094879150391e+01
1.397467422485351562e+01
1.397772216796875000e+01
1.398085975646972656e+01
1.398438262939453125e+01
1.398036861419677734e+01
1.398775386810302734e+01
1.398052787780761719e+01
1.397558116912841797e+01
1.399821186065673828e+01
1.397015094757080078e+01
1.398606967926025391e+01
1.398286437988281250e+01
1.396969413757324219e+01
1.400796413421630859e+01
1.401648616790771484e+01
1.397426509857177734e+01
1.400559711456298828e+01
1.397199726104736328e+01
1.397967338562011719e+01
1.399744224548339844e+01
1.398908519744873047e+01
1.398350620269775391e+01
1.399516201019287109e+01
1.397322463989257812e+01
1.398076725006103516e+01
1.398728561401367188e+01
1.397231960296630859e+01
1.396909713745117188e+01
1.398758888244628906e+01
1.396909523010253906e+01
1.396896934509277344e+01
1.396811294555664062e+01
1.396392440795898438e+01
1.396426010131835938e+01
1.397123813629150391e+01
1.396353054046630859e+01
1.396460247039794922e+01
1.396537113189697266e+01
1.396525192260742188e+01
1.396461105346679688e+01
1.397370147705078125e+01
1.396140575408935547e+01
1.396659660339355469e+01
1.395937538146972656e+01
1.395823287963867188e+01
1.396326637268066406e+01
1.395990276336669922e+01
1.396070861816406250e+01
1.396098423004150391e+01
1.395805072784423828e+01
1.396122360229492188e+01
1.395803356170654297e+01
1.395952510833740234e+01
1.396258926391601562e+01
1.395777511596679688e+01
1.396157455444335938e+01
1.395554161071777344e+01
1.395936107635498047e+01
1.395756626129150391e+01
1.396478939056396484e+01
1.395444393157958984e+01
1.395644474029541016e+01
1.395308685302734375e+01
1.395514774322509766e+01
1.394998455047607422e+01
1.395894336700439453e+01
1.395269298553466797e+01
1.395108985900878906e+01
1.398003673553466797e+01
1.394610786437988281e+01
1.396619606018066406e+01
1.396203041076660156e+01
1.394763851165771484e+01
1.400423336029052734e+01
1.395571136474609375e+01
1.395815849304199219e+01
1.397235393524169922e+01
1.395637035369873047e+01
1.395192813873291016e+01
1.397660636901855469e+01
1.396538162231445312e+01
1.395113086700439453e+01
1.396072387695312500e+01
1.396125125885009766e+01
1.396773624420166016e+01
1.398212337493896484e+01
1.397296237945556641e+01
1.396548461914062500e+01
1.395690250396728516e+01
1.395623874664306641e+01
1.395300674438476562e+01
1.395726013183593750e+01
1.394061660766601562e+01
1.395662975311279297e+01
1.396588611602783203e+01
1.397078132629394531e+01
1.394147586822509766e+01
1.396930122375488281e+01
1.395032501220703125e+01
1.396786117553710938e+01
1.395425510406494141e+01
1.394434547424316406e+01
1.399937629699707031e+01
1.397995185852050781e+01
1.393994235992431641e+01
1.395484447479248047e+01
1.395258903503417969e+01
1.394472312927246094e+01
1.395016956329345703e+01
1.394657611846923828e+01
1.393891048431396484e+01
1.394010448455810547e+01
1.394230175018310547e+01
1.393511772155761719e+01
1.394968509674072266e+01
1.393568897247314453e+01
1.394888973236083984e+01
1.393600082397460938e+01
1.397060298919677734e+01
1.393223953247070312e+01
1.395511436462402344e+01
1.393947792053222656e+01
1.393772029876708984e+01
1.397760772705078125e+01
1.393272399902343750e+01
1.394385910034179688e+01
1.394804954528808594e+01
1.393400669097900391e+01
1.392697906494140625e+01
1.392720222473144531e+01
1.392000198364257812e+01
1.392076110839843750e+01
1.391939544677734375e+01
1.392273712158203125e+01
1.392242240905761719e+01
1.391790294647216797e+01
1.391693973541259766e+01
1.391718387603759766e+01
1.391778659820556641e+01
1.391711997985839844e+01
1.391651153564453125e+01
1.391520214080810547e+01
1.391616344451904297e+01
1.391738224029541016e+01
1.391539859771728516e+01
1.391465187072753906e+01
1.391441917419433594e+01
1.391436290740966797e+01
1.391362476348876953e+01
1.391385555267333984e+01
1.391721534729003906e+01
1.392666149139404297e+01
1.393088150024414062e+01
1.392525482177734375e+01
1.392357254028320312e+01
1.392079448699951172e+01
1.391790485382080078e+01
1.391879272460937500e+01
1.391859245300292969e+01
1.392335987091064453e+01
1.392142581939697266e+01
1.394181060791015625e+01
1.391654300689697266e+01
1.391976356506347656e+01
1.393252086639404297e+01
1.391489028930664062e+01
1.393480110168457031e+01
1.392689037322998047e+01
1.391793441772460938e+01
1.394006061553955078e+01
1.392884349822998047e+01
1.394038963317871094e+01
1.392111492156982422e+01
1.393758487701416016e+01
1.393511486053466797e+01
1.392097187042236328e+01
1.393749713897705078e+01
1.392587184906005859e+01
1.394158649444580078e+01
1.392154693603515625e+01
1.393495178222656250e+01
1.393869018554687500e+01
1.392934417724609375e+01
1.391623497009277344e+01
1.391195678710937500e+01
1.392360687255859375e+01
1.392581748962402344e+01
1.391277694702148438e+01
1.393745422363281250e+01
1.391649913787841797e+01
1.394288349151611328e+01
1.391331863403320312e+01
1.396766185760498047e+01
1.391792678833007812e+01
1.394942760467529297e+01
1.394821834564208984e+01
1.393381500244140625e+01
1.391675472259521484e+01
1.390432929992675781e+01
1.391167163848876953e+01
1.390700626373291016e+01
1.391075229644775391e+01
1.391064167022705078e+01
1.390100574493408203e+01
1.390089893341064453e+01
1.390644550323486328e+01
1.390008163452148438e+01
1.389672756195068359e+01
1.389619350433349609e+01
1.389633655548095703e+01
1.389523410797119141e+01
1.389370441436767578e+01
1.389243888854980469e+01
1.389423847198486328e+01
1.389375591278076172e+01
1.389315509796142578e+01
1.389252567291259766e+01
1.389200973510742188e+01
1.389077091217041016e+01
1.389198684692382812e+01
1.389013481140136719e+01
1.389009284973144531e+01
1.389104366302490234e+01
1.389039230346679688e+01
1.389187049865722656e+01
1.389079856872558594e+01
1.389037513732910156e+01
1.388932037353515625e+01
1.388923549652099609e+01
1.389006900787353516e+01
1.388986492156982422e+01
1.389059162139892578e+01
1.389179611206054688e+01
1.389135551452636719e+01
1.389200401306152344e+01
1.388971710205078125e+01
1.389118003845214844e+01
1.388993263244628906e+01
1.388984775543212891e+01
1.389434909820556641e+01
1.389315128326416016e+01
1.389660072326660156e+01
1.389933013916015625e+01
1.389857959747314453e+01
1.392015457153320312e+01
1.389812755584716797e+01
1.391716098785400391e+01
1.389451122283935547e+01
1.392477893829345703e+01
1.389183616638183594e+01
1.390879154205322266e+01
1.389818763732910156e+01
1.390730285644531250e+01
1.389848613739013672e+01
1.390912055969238281e+01
1.389333057403564453e+01
1.392669773101806641e+01
1.391116237640380859e+01
1.391946887969970703e+01
1.392850780487060547e+01
1.390773773193359375e+01
1.390869712829589844e+01
1.392015838623046875e+01
1.392104148864746094e+01
1.390467643737792969e+01
1.389038372039794922e+01
1.389296436309814453e+01
1.388681316375732422e+01
1.389194869995117188e+01
1.388969612121582031e+01
1.388736438751220703e+01
1.388787460327148438e+01
1.388989734649658203e+01
1.388505649566650391e+01
1.388395404815673828e+01
1.388138580322265625e+01
1.388223075866699219e+01
1.388065338134765625e+01
1.387941455841064453e+01
1.388002109527587891e+01
1.388021278381347656e+01
1.387837219238281250e+01
1.387911891937255859e+01
1.387815475463867188e+01
1.387853717803955078e+01
1.387813472747802734e+01
1.388002300262451172e+01
1.387798023223876953e+01
1.387844848632812500e+01
1.387878894805908203e+01
1.387802600860595703e+01
1.387916088104248047e+01
1.387992000579833984e+01
1.388001060485839844e+01
1.387763309478759766e+01
1.387958335876464844e+01
1.387816238403320312e+01
1.387865161895751953e+01
1.387925148010253906e+01
1.387850284576416016e+01
1.387944507598876953e+01
1.387978649139404297e+01
1.388327312469482422e+01
1.387917804718017578e+01
1.388080787658691406e+01
1.387937259674072266e+01
1.387981128692626953e+01
1.388270568847656250e+01
1.388169860839843750e+01
1.388299369812011719e+01
1.388387775421142578e+01
1.388451385498046875e+01
1.388392257690429688e+01
1.388680267333984375e+01
1.388601112365722656e+01
1.395590400695800781e+01
1.391185379028320312e+01
1.394136047363281250e+01
1.392332172393798828e+01
1.397299957275390625e+01
1.389670085906982422e+01
1.389736938476562500e+01
1.390756607055664062e+01
1.389856624603271484e+01
1.388598060607910156e+01
1.390103912353515625e+01
1.390731048583984375e+01
1.390716075897216797e+01
1.389894962310791016e+01
1.390654087066650391e+01
1.389710712432861328e+01
1.389030075073242188e+01
1.388537311553955078e+01
1.388990688323974609e+01
1.389879035949707031e+01
1.392938613891601562e+01
1.390045738220214844e+01
1.392025947570800781e+01
1.390892982482910156e+01
1.391957855224609375e+01
1.391539001464843750e+01
1.393433856964111328e+01
1.392862510681152344e+01
1.391810798645019531e+01
1.392589473724365234e+01
