2.915945053100585938e+01
2.875478744506835938e+01
2.834489822387695312e+01
2.796222114562988281e+01
2.761795234680175781e+01
2.728744697570800781e+01
2.695863342285156250e+01
2.662811660766601562e+01
2.628523445129394531e+01
2.592629241943359375e+01
2.556094551086425781e+01
2.520314216613769531e+01
2.486416053771972656e+01
2.447844314575195312e+01
2.415169525146484375e+01
2.382391357421875000e+01
2.354267692565917969e+01
2.329130554199218750e+01
2.307151794433593750e+01
2.287820053100585938e+01
2.270122718811035156e+01
2.255421257019042969e+01
2.245546340942382812e+01
2.238890838623046875e+01
2.234701347351074219e+01
2.232451438903808594e+01
2.231727790832519531e+01
2.231963157653808594e+01
2.232705307006835938e+01
2.233776283264160156e+01
2.235186004638671875e+01
2.236936950683593750e+01
2.238963699340820312e+01
2.241183090209960938e+01
2.243564414978027344e+01
2.246021080017089844e+01
2.248453521728515625e+01
2.250724220275878906e+01
2.252695083618164062e+01
2.254298210144042969e+01
2.255522918701171875e+01
2.256410217285156250e+01
2.257036399841308594e+01
2.257481002807617188e+01
2.257800483703613281e+01
2.258021354675292969e+01
2.258146858215332031e+01
2.258162498474121094e+01
2.258049201965332031e+01
2.257804489135742188e+01
2.257452774047851562e+01
2.257039642333984375e+01
2.256613349914550781e+01
2.256211280822753906e+01
2.255851554870605469e+01
2.255534553527832031e+01
2.255248832702636719e+01
2.254981231689453125e+01
2.254726409912109375e+01
2.254489517211914062e+01
2.254278182983398438e+01
2.254095649719238281e+01
2.253937530517578125e+01
2.253797531127929688e+01
2.253673171997070312e+01
2.253562164306640625e+01
2.253459739685058594e+01
2.253357315063476562e+01
2.253243446350097656e+01
2.253113937377929688e+01
2.252974891662597656e+01
2.252837181091308594e+01
2.252706527709960938e+01
2.252582550048828125e+01
2.252447128295898438e+01
2.252299690246582031e+01
2.252154350280761719e+01
2.252011871337890625e+01
2.251854705810546875e+01
2.251688766479492188e+01
2.251534080505371094e+01
2.251388359069824219e+01
2.251228141784667969e+01
2.251055526733398438e+01
2.250868034362792969e+01
2.250669288635253906e+01
2.250484466552734375e+01
2.250269317626953125e+01
2.249970436096191406e+01
2.249639320373535156e+01
2.249273300170898438e+01
2.248854827880859375e+01
2.248351097106933594e+01
2.247655105590820312e+01
2.246759986877441406e+01
2.241331863403320312e+01
2.240056419372558594e+01
2.237695121765136719e+01
2.238677406311035156e+01
2.238775634765625000e+01
2.235924339294433594e+01
2.234244537353515625e+01
2.232940292358398438e+01
2.231474494934082031e+01
2.230675506591796875e+01
2.229737854003906250e+01
2.228683090209960938e+01
2.227801322937011719e+01
2.227095985412597656e+01
2.226295089721679688e+01
2.224242401123046875e+01
2.213291740417480469e+01
2.211199569702148438e+01
2.212411880493164062e+01
2.221255683898925781e+01
2.223167610168457031e+01
2.224040222167968750e+01
2.223851776123046875e+01
2.223267173767089844e+01
2.222134399414062500e+01
2.213973426818847656e+01
2.212602996826171875e+01
2.183836555480957031e+01
2.144527244567871094e+01
2.103178215026855469e+01
2.066777610778808594e+01
2.035927200317382812e+01
2.014077758789062500e+01
2.000995635986328125e+01
1.995219612121582031e+01
1.993864059448242188e+01
1.994925308227539062e+01
1.997412681579589844e+01
1.998861312866210938e+01
1.974052429199218750e+01
1.940908813476562500e+01
1.909859848022460938e+01
1.887904930114746094e+01
1.875172996520996094e+01
1.870560646057128906e+01
1.869846153259277344e+01
1.872532653808593750e+01
1.876285171508789062e+01
1.876701545715332031e+01
1.877021980285644531e+01
1.877129364013671875e+01
1.876751518249511719e+01
1.875223159790039062e+01
1.872780609130859375e+01
1.871047592163085938e+01
1.870759773254394531e+01
1.871175384521484375e+01
1.869644165039062500e+01
1.868080711364746094e+01
1.867380523681640625e+01
1.866435050964355469e+01
1.865060806274414062e+01
1.865096473693847656e+01
1.865470504760742188e+01
1.864553070068359375e+01
1.864322090148925781e+01
1.864723205566406250e+01
1.864369392395019531e+01
1.864557456970214844e+01
1.865239524841308594e+01
1.865785217285156250e+01
1.866180038452148438e+01
1.866839599609375000e+01
1.867547225952148438e+01
1.867783927917480469e+01
1.867919921875000000e+01
1.868115806579589844e+01
1.867915534973144531e+01
1.867822456359863281e+01
1.867962265014648438e+01
1.867765808105468750e+01
1.867606925964355469e+01
1.867620658874511719e+01
1.867545127868652344e+01
1.867768859863281250e+01
1.869602394104003906e+01
1.870792198181152344e+01
1.868978309631347656e+01
1.865284538269042969e+01
1.864707756042480469e+01
1.866132736206054688e+01
1.864480400085449219e+01
1.864553260803222656e+01
1.865089797973632812e+01
1.865661621093750000e+01
1.865906143188476562e+01
1.865823364257812500e+01
1.865435981750488281e+01
1.865111923217773438e+01
1.865167617797851562e+01
1.865667343139648438e+01
1.866368675231933594e+01
1.867028045654296875e+01
1.867529106140136719e+01
1.867842674255371094e+01
1.867882919311523438e+01
1.867813110351562500e+01
1.867798423767089844e+01
1.867849159240722656e+01
1.867973327636718750e+01
1.867991065979003906e+01
1.867915153503417969e+01
1.868039131164550781e+01
1.868316650390625000e+01
1.868478393554687500e+01
1.868563270568847656e+01
1.868758583068847656e+01
1.869000053405761719e+01
1.869132423400878906e+01
1.869174957275390625e+01
1.869242668151855469e+01
1.869277572631835938e+01
1.869251251220703125e+01
1.869196701049804688e+01
1.869162559509277344e+01
1.869139862060546875e+01
1.869120025634765625e+01
1.869112777709960938e+01
1.869123649597167969e+01
1.869123458862304688e+01
1.869126510620117188e+01
1.869138145446777344e+01
1.869133949279785156e+01
1.869097518920898438e+01
1.869079399108886719e+01
1.869074630737304688e+01
1.869023323059082031e+01
1.868988227844238281e+01
1.868992614746093750e+01
1.868986701965332031e+01
1.868945121765136719e+01
1.868914222717285156e+01
1.868937301635742188e+01
1.868902969360351562e+01
1.868855285644531250e+01
1.868830108642578125e+01
1.868734741210937500e+01
1.868707466125488281e+01
1.868597793579101562e+01
1.868507385253906250e+01
1.868636703491210938e+01
1.868553924560546875e+01
1.868478965759277344e+01
1.868445968627929688e+01
1.868283271789550781e+01
1.868363380432128906e+01
1.868194770812988281e+01
1.868294334411621094e+01
1.868127822875976562e+01
1.868347167968750000e+01
1.867959785461425781e+01
1.867960929870605469e+01
1.869784545898437500e+01
1.867191696166992188e+01
1.867016410827636719e+01
1.867730522155761719e+01
1.869033622741699219e+01
1.873963737487792969e+01
1.868941116333007812e+01
1.867891311645507812e+01
1.867460441589355469e+01
1.867625808715820312e+01
1.868074035644531250e+01
1.870746231079101562e+01
1.867877578735351562e+01
1.867457771301269531e+01
1.867417144775390625e+01
1.867699813842773438e+01
1.868159294128417969e+01
1.869635391235351562e+01
1.867427635192871094e+01
1.866842460632324219e+01
1.866970062255859375e+01
1.867618370056152344e+01
1.868248176574707031e+01
1.871589279174804688e+01
1.867483520507812500e+01
1.866793060302734375e+01
1.866736602783203125e+01
1.867235183715820312e+01
1.867799186706542969e+01
1.870098114013671875e+01
1.867280006408691406e+01
1.866546630859375000e+01
1.866462516784667969e+01
1.867008209228515625e+01
1.867699813842773438e+01
1.869503402709960938e+01
1.867435646057128906e+01
1.866717147827148438e+01
1.866569519042968750e+01
1.866943931579589844e+01
1.867444038391113281e+01
1.867870903015136719e+01
1.868556404113769531e+01
1.866396903991699219e+01
1.865698623657226562e+01
1.865748214721679688e+01
1.866438293457031250e+01
1.867401504516601562e+01
1.869642066955566406e+01
1.866570663452148438e+01
1.865611076354980469e+01
1.865513801574707031e+01
1.865956497192382812e+01
1.866888236999511719e+01
1.867774200439453125e+01
1.868149948120117188e+01
1.866230964660644531e+01
1.865349006652832031e+01
1.865189170837402344e+01
1.865521621704101562e+01
1.866226577758789062e+01
1.866729354858398438e+01
1.868095970153808594e+01
1.847961235046386719e+01
1.847447586059570312e+01
1.847861289978027344e+01
1.848889350891113281e+01
1.850525665283203125e+01
1.852104377746582031e+01
1.855091667175292969e+01
1.851796340942382812e+01
1.851353645324707031e+01
1.851685333251953125e+01
1.852591514587402344e+01
1.854034805297851562e+01
1.855641746520996094e+01
1.855188751220703125e+01
1.854435729980468750e+01
1.854004096984863281e+01
1.854413986206054688e+01
1.854207229614257812e+01
1.857757949829101562e+01
1.855681800842285156e+01
1.856527137756347656e+01
1.877635383605957031e+01
1.883974647521972656e+01
1.881324768066406250e+01
1.875368690490722656e+01
1.874294471740722656e+01
1.873124313354492188e+01
1.872677993774414062e+01
1.869994544982910156e+01
1.853671455383300781e+01
1.853463363647460938e+01
1.854095458984375000e+01
1.854416275024414062e+01
1.855750656127929688e+01
1.857251548767089844e+01
1.858520126342773438e+01
1.874134826660156250e+01
1.856989097595214844e+01
1.855682373046875000e+01
1.855045509338378906e+01
1.855206680297851562e+01
1.855015373229980469e+01
1.855610466003417969e+01
1.861889457702636719e+01
1.858047103881835938e+01
1.855540466308593750e+01
1.855469512939453125e+01
1.855666160583496094e+01
1.855945777893066406e+01
1.856176948547363281e+01
1.856365394592285156e+01
1.855307769775390625e+01
1.854267311096191406e+01
1.854092407226562500e+01
1.854516792297363281e+01
1.853964996337890625e+01
1.853331565856933594e+01
1.853356170654296875e+01
1.853892135620117188e+01
1.853312110900878906e+01
1.853203773498535156e+01
1.853479003906250000e+01
1.853361892700195312e+01
1.853109359741210938e+01
1.853108215332031250e+01
1.853197097778320312e+01
1.852991485595703125e+01
1.852886962890625000e+01
1.852943229675292969e+01
1.852865982055664062e+01
1.852604103088378906e+01
1.852596092224121094e+01
1.852660751342773438e+01
1.852357482910156250e+01
1.852258682250976562e+01
1.852378082275390625e+01
1.852128982543945312e+01
1.851970100402832031e+01
1.851991653442382812e+01
1.852025413513183594e+01
1.851830101013183594e+01
1.851753425598144531e+01
1.851836013793945312e+01
1.851656341552734375e+01
1.851484680175781250e+01
1.851436996459960938e+01
1.851427268981933594e+01
1.851288223266601562e+01
1.851169776916503906e+01
1.851114845275878906e+01
1.851015281677246094e+01
1.850892639160156250e+01
1.850845336914062500e+01
1.850824165344238281e+01
1.850734710693359375e+01
1.850607681274414062e+01
1.850517845153808594e+01
1.850513267517089844e+01
1.850421142578125000e+01
1.850276756286621094e+01
1.850237464904785156e+01
1.850281333923339844e+01
1.850126266479492188e+01
1.849965286254882812e+01
1.849940872192382812e+01
1.850016021728515625e+01
1.849865341186523438e+01
1.849723243713378906e+01
1.849734115600585938e+01
1.849745941162109375e+01
1.849509620666503906e+01
1.849395370483398438e+01
1.849457740783691406e+01
1.849408531188964844e+01
1.849176216125488281e+01
1.849095153808593750e+01
1.849193382263183594e+01
1.849116897583007812e+01
1.848894309997558594e+01
1.848844146728515625e+01
1.848931312561035156e+01
1.848771476745605469e+01
1.848636054992675781e+01
1.848623847961425781e+01
1.848698806762695312e+01
1.848525428771972656e+01
1.848333930969238281e+01
1.848308944702148438e+01
1.848353958129882812e+01
1.848152351379394531e+01
1.848374366760253906e+01
1.848697090148925781e+01
1.848503875732421875e+01
1.847639274597167969e+01
1.847253990173339844e+01
1.847330093383789062e+01
1.847056770324707031e+01
1.846731758117675781e+01
1.846746444702148438e+01
1.846940994262695312e+01
1.847289848327636719e+01
1.847328376770019531e+01
1.847076606750488281e+01
1.846949768066406250e+01
1.846999359130859375e+01
1.846949386596679688e+01
1.846498298645019531e+01
1.846183776855468750e+01
1.846014976501464844e+01
1.845930099487304688e+01
1.845552825927734375e+01
1.845206832885742188e+01
1.845394325256347656e+01
1.845757484436035156e+01
1.845228767395019531e+01
1.845290184020996094e+01
1.845665359497070312e+01
1.845814704895019531e+01
1.844310188293457031e+01
1.847924613952636719e+01
1.853731727600097656e+01
1.844054222106933594e+01
1.844051933288574219e+01
1.850683403015136719e+01
1.844579887390136719e+01
1.844272041320800781e+01
1.843623352050781250e+01
1.846261978149414062e+01
1.844264221191406250e+01
1.844162559509277344e+01
1.844566345214843750e+01
1.847900199890136719e+01
1.844641494750976562e+01
1.843714141845703125e+01
1.844125747680664062e+01
1.847296142578125000e+01
1.845600891113281250e+01
1.842245483398437500e+01
1.842330551147460938e+01
1.845553970336914062e+01
1.844322586059570312e+01
1.844123840332031250e+01
1.852838325500488281e+01
1.843445205688476562e+01
1.842332458496093750e+01
1.843670463562011719e+01
1.843516731262207031e+01
1.842842102050781250e+01
1.843297576904296875e+01
1.844422721862792969e+01
1.843265151977539062e+01
1.842495536804199219e+01
1.842359161376953125e+01
1.842636489868164062e+01
1.842193794250488281e+01
1.842614746093750000e+01
1.842202568054199219e+01
1.842161941528320312e+01
1.841724205017089844e+01
1.842208671569824219e+01
1.842655944824218750e+01
1.841884803771972656e+01
1.842269134521484375e+01
1.841823005676269531e+01
1.841696929931640625e+01
1.841680908203125000e+01
1.841519546508789062e+01
1.840860939025878906e+01
1.840686798095703125e+01
1.841121482849121094e+01
1.841450500488281250e+01
1.840817832946777344e+01
1.840913772583007812e+01
1.841053962707519531e+01
1.840267372131347656e+01
1.839943885803222656e+01
1.839911460876464844e+01
1.840715408325195312e+01
1.840491867065429688e+01
1.839955139160156250e+01
1.839875411987304688e+01
1.839823532104492188e+01
1.840436363220214844e+01
1.839587783813476562e+01
1.839168167114257812e+01
1.840191268920898438e+01
1.839851379394531250e+01
1.839461135864257812e+01
1.839386367797851562e+01
1.838806152343750000e+01
1.839917755126953125e+01
1.840101432800292969e+01
1.838483810424804688e+01
1.839385414123535156e+01
1.840818595886230469e+01
1.838203048706054688e+01
1.838734054565429688e+01
1.841133499145507812e+01
1.838556480407714844e+01
1.838175964355468750e+01
1.838679504394531250e+01
1.838138008117675781e+01
1.838239479064941406e+01
1.838025665283203125e+01
1.837680053710937500e+01
1.838694763183593750e+01
1.838720130920410156e+01
1.837560844421386719e+01
1.837766265869140625e+01
1.837573623657226562e+01
1.837629508972167969e+01
1.838178825378417969e+01
1.837457656860351562e+01
1.837690162658691406e+01
1.838147735595703125e+01
1.837060737609863281e+01
1.837708854675292969e+01
1.838710975646972656e+01
1.836897277832031250e+01
1.837114524841308594e+01
1.837736129760742188e+01
1.837066459655761719e+01
1.837030601501464844e+01
1.837755775451660156e+01
1.836349678039550781e+01
1.836596298217773438e+01
1.837943649291992188e+01
1.836918640136718750e+01
1.836632919311523438e+01
1.837480354309082031e+01
1.836197853088378906e+01
1.836656761169433594e+01
1.836787223815917969e+01
1.835391807556152344e+01
1.836192703247070312e+01
1.837630462646484375e+01
1.836461067199707031e+01
1.837582015991210938e+01
1.836512184143066406e+01
1.834441375732421875e+01
1.835722351074218750e+01
1.837191009521484375e+01
1.835552597045898438e+01
1.836783027648925781e+01
1.840050125122070312e+01
1.835355758666992188e+01
1.835200500488281250e+01
1.838331222534179688e+01
1.834883689880371094e+01
1.833554840087890625e+01
1.835423469543457031e+01
1.836988067626953125e+01
1.835051536560058594e+01
1.835066986083984375e+01
1.836689567565917969e+01
1.835294151306152344e+01
1.834062576293945312e+01
1.834070587158203125e+01
1.834506988525390625e+01
1.834062576293945312e+01
1.833746719360351562e+01
1.833871459960937500e+01
1.834311676025390625e+01
1.834827423095703125e+01
1.834556770324707031e+01
1.833959197998046875e+01
1.834041023254394531e+01
1.834372901916503906e+01
1.833839225769042969e+01
1.833552932739257812e+01
1.833613586425781250e+01
1.833558273315429688e+01
1.833781814575195312e+01
1.834219360351562500e+01
1.833634757995605469e+01
1.833070945739746094e+01
1.833388710021972656e+01
1.833863258361816406e+01
1.833003234863281250e+01
1.832966804504394531e+01
1.833448028564453125e+01
1.832723045349121094e+01
1.832369804382324219e+01
1.832851409912109375e+01
1.832942581176757812e+01
1.832141876220703125e+01
1.832256507873535156e+01
1.832849311828613281e+01
1.832074928283691406e+01
1.831890106201171875e+01
1.832302856445312500e+01
1.831867599487304688e+01
1.831365394592285156e+01
1.831326484680175781e+01
1.831263542175292969e+01
1.830061149597167969e+01
1.829314994812011719e+01
1.829320907592773438e+01
1.829095840454101562e+01
1.829392814636230469e+01
1.829896354675292969e+01
1.829354286193847656e+01
1.829050445556640625e+01
1.829203414916992188e+01
1.830237007141113281e+01
1.828807449340820312e+01
1.829392242431640625e+01
1.829989433288574219e+01
1.831520080566406250e+01
1.829962921142578125e+01
1.830050277709960938e+01
1.830376625061035156e+01
1.830160713195800781e+01
1.830095672607421875e+01
1.830407905578613281e+01
1.830118370056152344e+01
1.829891777038574219e+01
1.829771804809570312e+01
1.830116653442382812e+01
1.829297065734863281e+01
1.829654312133789062e+01
1.830248451232910156e+01
1.829886245727539062e+01
1.828893089294433594e+01
1.829342460632324219e+01
1.829938888549804688e+01
1.829608917236328125e+01
1.828702545166015625e+01
1.829274559020996094e+01
1.829759216308593750e+01
1.829003143310546875e+01
1.831151580810546875e+01
1.828621292114257812e+01
1.829722976684570312e+01
1.829539299011230469e+01
1.828573608398437500e+01
1.831082344055175781e+01
1.835418319702148438e+01
1.828374481201171875e+01
1.828306388854980469e+01
1.829184913635253906e+01
1.827945518493652344e+01
1.829857444763183594e+01
1.831608963012695312e+01
1.830931282043457031e+01
1.829081726074218750e+01
1.827234840393066406e+01
1.827402496337890625e+01
1.826871299743652344e+01
1.826875495910644531e+01
1.827863502502441406e+01
1.826933288574218750e+01
1.826728630065917969e+01
1.826952362060546875e+01
1.827278709411621094e+01
1.827720451354980469e+01
1.826983642578125000e+01
1.826965713500976562e+01
1.827109718322753906e+01
1.827234649658203125e+01
1.827541542053222656e+01
1.828175735473632812e+01
1.827162361145019531e+01
1.827119445800781250e+01
1.827413558959960938e+01
1.827299308776855469e+01
1.827211380004882812e+01
1.828871917724609375e+01
1.828131294250488281e+01
1.826929855346679688e+01
1.827116012573242188e+01
1.827396583557128906e+01
1.826792716979980469e+01
1.826851654052734375e+01
1.827978324890136719e+01
1.826976203918457031e+01
1.826753616333007812e+01
1.826713180541992188e+01
1.826399040222167969e+01
1.826534843444824219e+01
1.826230049133300781e+01
1.826622200012207031e+01
1.826383018493652344e+01
1.826311683654785156e+01
1.826475906372070312e+01
1.826654815673828125e+01
1.826118659973144531e+01
1.826251983642578125e+01
1.826516723632812500e+01
1.825992965698242188e+01
1.825670814514160156e+01
1.827212333679199219e+01
1.826261901855468750e+01
1.825747680664062500e+01
1.825445938110351562e+01
1.825381278991699219e+01
1.825410842895507812e+01
1.825369453430175781e+01
1.825298118591308594e+01
1.825337028503417969e+01
1.825220680236816406e+01
1.825547981262207031e+01
1.825544548034667969e+01
1.825194549560546875e+01
1.828172302246093750e+01
1.825086593627929688e+01
1.825195121765136719e+01
1.825764274597167969e+01
1.825160789489746094e+01
1.824758148193359375e+01
1.826330375671386719e+01
1.826606941223144531e+01
1.826107406616210938e+01
1.825405120849609375e+01
1.823982810974121094e+01
1.823813629150390625e+01
1.824610519409179688e+01
1.824749755859375000e+01
1.824129486083984375e+01
1.823821830749511719e+01
1.824550628662109375e+01
1.825389099121093750e+01
1.824046134948730469e+01
1.824360847473144531e+01
1.823929977416992188e+01
1.825058746337890625e+01
1.824159049987792969e+01
1.823697280883789062e+01
1.824155426025390625e+01
1.824703407287597656e+01
1.824037742614746094e+01
1.823956680297851562e+01
1.824019241333007812e+01
1.825359344482421875e+01
1.823373031616210938e+01
1.823422050476074219e+01
1.824579429626464844e+01
1.824353599548339844e+01
1.824234008789062500e+01
1.824387359619140625e+01
1.823958778381347656e+01
1.822496604919433594e+01
1.822448539733886719e+01
1.822655677795410156e+01
1.822894287109375000e+01
1.822533607482910156e+01
1.822736167907714844e+01
1.822801589965820312e+01
1.823650741577148438e+01
1.822811317443847656e+01
1.823301315307617188e+01
1.824274826049804688e+01
1.823774528503417969e+01
1.822994232177734375e+01
1.825270652770996094e+01
1.823663520812988281e+01
1.823778152465820312e+01
1.823792266845703125e+01
1.823460388183593750e+01
1.824804115295410156e+01
1.826362609863281250e+01
1.824441528320312500e+01
1.824317741394042969e+01
1.825269317626953125e+01
1.825851058959960938e+01
1.824412727355957031e+01
1.825875854492187500e+01
1.830585289001464844e+01
1.826573753356933594e+01
1.824702644348144531e+01
1.824569702148437500e+01
1.826361465454101562e+01
1.826605224609375000e+01
1.825163269042968750e+01
1.826825714111328125e+01
1.829917335510253906e+01
1.825758934020996094e+01
1.826058197021484375e+01
1.827785110473632812e+01
1.826866531372070312e+01
1.827617645263671875e+01
1.830009078979492188e+01
1.826926040649414062e+01
1.827285003662109375e+01
1.827520751953125000e+01
1.827407646179199219e+01
1.828188896179199219e+01
1.828824615478515625e+01
1.828421974182128906e+01
1.827969932556152344e+01
1.826823997497558594e+01
1.826441192626953125e+01
1.827172660827636719e+01
1.827544593811035156e+01
1.826848220825195312e+01
1.827038955688476562e+01
1.827676200866699219e+01
1.827745819091796875e+01
1.826571464538574219e+01
1.826033401489257812e+01
1.826173210144042969e+01
1.825844001770019531e+01
1.825374984741210938e+01
1.825823020935058594e+01
1.826350402832031250e+01
1.829509925842285156e+01
1.822931671142578125e+01
1.819836425781250000e+01
1.826119041442871094e+01
1.842813110351562500e+01
1.830684280395507812e+01
1.832443046569824219e+01
1.834568595886230469e+01
1.832577896118164062e+01
1.830396652221679688e+01
1.829356002807617188e+01
1.826437187194824219e+01
1.825103378295898438e+01
1.823515892028808594e+01
1.823993301391601562e+01
1.825679397583007812e+01
1.825305175781250000e+01
1.825595664978027344e+01
1.824406051635742188e+01
1.824168586730957031e+01
1.823831367492675781e+01
1.823941993713378906e+01
1.825332450866699219e+01
1.826004600524902344e+01
1.824860191345214844e+01
1.824892234802246094e+01
1.824481010437011719e+01
1.824436950683593750e+01
1.824883651733398438e+01
1.825252532958984375e+01
1.825205039978027344e+01
1.825236701965332031e+01
1.825558090209960938e+01
1.825500869750976562e+01
1.824945831298828125e+01
1.824646568298339844e+01
1.824658012390136719e+01
1.824547576904296875e+01
1.824145317077636719e+01
1.823954010009765625e+01
1.823942184448242188e+01
1.823654365539550781e+01
1.823168563842773438e+01
1.823951530456542969e+01
1.824069213867187500e+01
1.823915672302246094e+01
1.823927307128906250e+01
1.824003219604492188e+01
1.823839378356933594e+01
1.823581886291503906e+01
1.823488616943359375e+01
1.823479270935058594e+01
1.823393249511718750e+01
1.823245239257812500e+01
1.823197746276855469e+01
1.823257637023925781e+01
1.823231124877929688e+01
1.823077392578125000e+01
1.822941017150878906e+01
1.822942924499511719e+01
1.823103523254394531e+01
1.823122215270996094e+01
1.822879028320312500e+01
1.822730064392089844e+01
1.822762870788574219e+01
1.822678184509277344e+01
1.822511672973632812e+01
1.822509956359863281e+01
1.822522354125976562e+01
1.822452926635742188e+01
1.822531890869140625e+01
1.822519683837890625e+01
1.822241592407226562e+01
1.822046089172363281e+01
1.822126579284667969e+01
1.822090148925781250e+01
1.821938133239746094e+01
1.821976089477539062e+01
1.822087860107421875e+01
1.821909332275390625e+01
1.821675109863281250e+01
1.821712303161621094e+01
1.821834754943847656e+01
1.821636199951171875e+01
1.821380233764648438e+01
1.821235084533691406e+01
1.821212959289550781e+01
1.821132278442382812e+01
1.820914459228515625e+01
1.820738220214843750e+01
1.820773506164550781e+01
1.821073532104492188e+01
1.820974349975585938e+01
1.820583534240722656e+01
1.820546531677246094e+01
1.820737648010253906e+01
1.820499420166015625e+01
1.820322608947753906e+01
1.820609283447265625e+01
1.820617294311523438e+01
1.820362472534179688e+01
1.820397949218750000e+01
1.820497703552246094e+01
1.820216751098632812e+01
1.820154380798339844e+01
1.820376586914062500e+01
1.819990348815917969e+01
1.819875717163085938e+01
1.820235633850097656e+01
1.820104789733886719e+01
1.819816589355468750e+01
1.820018959045410156e+01
1.820136451721191406e+01
1.819555473327636719e+01
1.819544792175292969e+01
1.820056724548339844e+01
1.819666862487792969e+01
1.819306564331054688e+01
1.819688606262207031e+01
1.819784927368164062e+01
1.819304275512695312e+01
1.819425010681152344e+01
1.819848823547363281e+01
1.819399261474609375e+01
1.819208145141601562e+01
1.819606590270996094e+01
1.819525527954101562e+01
1.819286346435546875e+01
1.819389343261718750e+01
1.819651794433593750e+01
1.819722938537597656e+01
1.818547248840332031e+01
1.819935035705566406e+01
1.820633697509765625e+01
1.819222640991210938e+01
