2.511549949645996094e+00
2.465173959732055664e+00
2.418335437774658203e+00
2.376534461975097656e+00
2.338583230972290039e+00
2.305582284927368164e+00
2.280150175094604492e+00
2.259545087814331055e+00
2.243881464004516602e+00
2.236194133758544922e+00
2.234224557876586914e+00
2.233969688415527344e+00
2.234116792678833008e+00
2.232835531234741211e+00
2.235646009445190430e+00
2.235704421997070312e+00
2.233011484146118164e+00
2.229538679122924805e+00
2.226273059844970703e+00
2.223982095718383789e+00
2.221831560134887695e+00
2.220556259155273438e+00
2.219198465347290039e+00
2.217725276947021484e+00
2.216433286666870117e+00
2.215760946273803711e+00
2.215347528457641602e+00
2.215009212493896484e+00
2.214334964752197266e+00
2.213347196578979492e+00
2.211997747421264648e+00
2.210489988327026367e+00
2.208946704864501953e+00
2.207491397857666016e+00
2.206092834472656250e+00
2.204687833786010742e+00
2.203496217727661133e+00
2.203148126602172852e+00
2.202142238616943359e+00
2.201811552047729492e+00
2.201544523239135742e+00
2.201311826705932617e+00
2.201081991195678711e+00
2.200843811035156250e+00
2.200595140457153320e+00
2.200319290161132812e+00
2.200007677078247070e+00
2.199662446975708008e+00
2.199293375015258789e+00
2.198914051055908203e+00
2.198534965515136719e+00
2.198186397552490234e+00
2.197890996932983398e+00
2.197649717330932617e+00
2.197444200515747070e+00
2.197239160537719727e+00
2.197027444839477539e+00
2.196747303009033203e+00
2.196507215499877930e+00
2.196282148361206055e+00
2.196082830429077148e+00
2.195922851562500000e+00
2.195801496505737305e+00
2.195706129074096680e+00
2.195625305175781250e+00
2.195554971694946289e+00
2.195492267608642578e+00
2.195461034774780273e+00
2.195485353469848633e+00
2.195517539978027344e+00
2.195512056350708008e+00
2.195484876632690430e+00
2.195420503616333008e+00
2.195311784744262695e+00
2.195191860198974609e+00
2.195098876953125000e+00
2.195029973983764648e+00
2.194976568222045898e+00
2.194944620132446289e+00
2.194923877716064453e+00
2.194885253906250000e+00
2.194820404052734375e+00
2.194749593734741211e+00
2.194690465927124023e+00
2.194641590118408203e+00
2.194576501846313477e+00
2.194499015808105469e+00
2.194439649581909180e+00
2.194406747817993164e+00
2.194387435913085938e+00
2.194366693496704102e+00
2.194338321685791016e+00
2.194284915924072266e+00
2.194603204727172852e+00
2.193765401840209961e+00
2.191226959228515625e+00
2.189238071441650391e+00
2.191220283508300781e+00
2.196201562881469727e+00
2.199142694473266602e+00
2.198195695877075195e+00
2.195199489593505859e+00
2.191954135894775391e+00
2.188201904296875000e+00
2.188186168670654297e+00
2.188925027847290039e+00
2.190496921539306641e+00
2.189828157424926758e+00
2.189722776412963867e+00
2.189897298812866211e+00
2.190140485763549805e+00
2.190285444259643555e+00
2.190091371536254883e+00
2.189851760864257812e+00
2.189647912979125977e+00
2.189468383789062500e+00
2.188713312149047852e+00
2.200672626495361328e+00
2.200148105621337891e+00
2.199459075927734375e+00
2.198819637298583984e+00
2.198314905166625977e+00
2.197982788085937500e+00
2.197797298431396484e+00
2.197707176208496094e+00
2.197664260864257812e+00
2.197650432586669922e+00
2.197672605514526367e+00
2.197695255279541016e+00
2.197702169418334961e+00
2.197684764862060547e+00
2.197630167007446289e+00
2.197550296783447266e+00
2.197450160980224609e+00
2.197347879409790039e+00
2.197260141372680664e+00
2.197196245193481445e+00
2.197155237197875977e+00
2.197127342224121094e+00
2.197102069854736328e+00
2.197071552276611328e+00
2.197031736373901367e+00
2.196985721588134766e+00
2.196921110153198242e+00
2.196853637695312500e+00
2.196783304214477539e+00
2.196724414825439453e+00
2.196675777435302734e+00
2.196646451950073242e+00
2.196607589721679688e+00
2.196566104888916016e+00
2.196510314941406250e+00
2.196445226669311523e+00
2.196377992630004883e+00
2.196320533752441406e+00
2.196282148361206055e+00
2.196248531341552734e+00
2.196191787719726562e+00
2.196125268936157227e+00
2.196072340011596680e+00
2.196031570434570312e+00
2.196180820465087891e+00
2.196399211883544922e+00
2.192575454711914062e+00
2.188786029815673828e+00
2.184798240661621094e+00
2.184191703796386719e+00
2.185694217681884766e+00
2.185711383819580078e+00
2.184498310089111328e+00
2.182803630828857422e+00
2.181909322738647461e+00
2.181878328323364258e+00
2.182262182235717773e+00
2.182502746582031250e+00
2.182573556900024414e+00
2.182195901870727539e+00
2.181639432907104492e+00
2.181281089782714844e+00
2.181160211563110352e+00
2.181194067001342773e+00
2.181376218795776367e+00
2.181633710861206055e+00
2.181807041168212891e+00
2.181794643402099609e+00
2.181637287139892578e+00
2.181444644927978516e+00
2.181299209594726562e+00
2.181225538253784180e+00
2.181213378906250000e+00
2.181230306625366211e+00
2.181233882904052734e+00
2.181205987930297852e+00
2.181153535842895508e+00
2.181078672409057617e+00
2.180995702743530273e+00
2.180933475494384766e+00
2.180901765823364258e+00
2.180879592895507812e+00
2.180844545364379883e+00
2.180785894393920898e+00
2.180715560913085938e+00
2.180638074874877930e+00
2.180564165115356445e+00
2.180510997772216797e+00
2.180500030517578125e+00
2.180494546890258789e+00
2.180458784103393555e+00
2.180437326431274414e+00
2.180435419082641602e+00
2.180423974990844727e+00
2.180404186248779297e+00
2.180391311645507812e+00
2.180366754531860352e+00
2.180344581604003906e+00
2.180333375930786133e+00
2.180323839187622070e+00
2.180320739746093750e+00
2.180318117141723633e+00
2.180320501327514648e+00
2.180339574813842773e+00
2.180359601974487305e+00
2.180379152297973633e+00
2.180384397506713867e+00
2.180371046066284180e+00
2.180355072021484375e+00
2.180334568023681641e+00
2.180310726165771484e+00
2.180284500122070312e+00
2.180260419845581055e+00
2.180246591567993164e+00
2.180238485336303711e+00
2.180233955383300781e+00
2.180227994918823242e+00
2.180225610733032227e+00
2.180217504501342773e+00
2.180206060409545898e+00
2.180188655853271484e+00
2.180172920227050781e+00
2.180168151855468750e+00
2.180167436599731445e+00
2.180175781250000000e+00
2.180180311203002930e+00
2.180177211761474609e+00
2.180167436599731445e+00
2.180157899856567383e+00
2.180148839950561523e+00
2.180138826370239258e+00
2.180135965347290039e+00
2.180135965347290039e+00
2.180140495300292969e+00
2.180141448974609375e+00
2.180134534835815430e+00
2.180120944976806641e+00
2.180107831954956055e+00
2.180102825164794922e+00
2.180101156234741211e+00
2.180103778839111328e+00
2.180101156234741211e+00
2.180094957351684570e+00
2.180084705352783203e+00
2.180081844329833984e+00
2.180082082748413086e+00
2.180082798004150391e+00
2.180080413818359375e+00
2.180076360702514648e+00
2.180074214935302734e+00
2.180070877075195312e+00
2.180069208145141602e+00
2.180069208145141602e+00
2.180071115493774414e+00
2.180074453353881836e+00
2.180074214935302734e+00
2.180074214935302734e+00
2.180079936981201172e+00
2.180079698562622070e+00
2.180075883865356445e+00
2.180070400238037109e+00
2.180065393447875977e+00
2.180065155029296875e+00
2.180064916610717773e+00
2.180066108703613281e+00
2.180054426193237305e+00
2.180038213729858398e+00
2.180027961730957031e+00
2.180026769638061523e+00
2.180034637451171875e+00
2.180051088333129883e+00
2.180075407028198242e+00
2.180100917816162109e+00
2.180114746093750000e+00
2.180109024047851562e+00
2.180090427398681641e+00
2.180068492889404297e+00
2.180044174194335938e+00
2.180024623870849609e+00
2.180018186569213867e+00
2.180021047592163086e+00
2.180014371871948242e+00
2.180009603500366211e+00
2.180005788803100586e+00
2.180005788803100586e+00
2.180021047592163086e+00
2.180033445358276367e+00
2.180042743682861328e+00
2.180053710937500000e+00
2.180062532424926758e+00
2.180081605911254883e+00
2.180100440979003906e+00
2.180115699768066406e+00
2.180117607116699219e+00
2.180123805999755859e+00
2.180110454559326172e+00
2.180096149444580078e+00
2.180081129074096680e+00
2.180074214935302734e+00
2.180074691772460938e+00
2.180076599121093750e+00
2.180058717727661133e+00
2.180046319961547852e+00
2.180034160614013672e+00
2.180030107498168945e+00
2.180033683776855469e+00
2.180038690567016602e+00
2.180045604705810547e+00
2.180040359497070312e+00
2.180051326751708984e+00
2.180065393447875977e+00
2.180069208145141602e+00
2.180072307586669922e+00
2.180070161819458008e+00
2.180065393447875977e+00
2.180224180221557617e+00
2.195205211639404297e+00
2.203673124313354492e+00
2.189438581466674805e+00
2.187139987945556641e+00
2.185758113861083984e+00
2.184211730957031250e+00
2.173697948455810547e+00
2.173541545867919922e+00
2.172876596450805664e+00
2.172631025314331055e+00
2.173419237136840820e+00
2.174145698547363281e+00
2.174141168594360352e+00
2.173799514770507812e+00
2.173509597778320312e+00
2.173350095748901367e+00
2.173325777053833008e+00
2.173208236694335938e+00
2.173006534576416016e+00
2.172776460647583008e+00
2.172553539276123047e+00
2.172255516052246094e+00
2.172054290771484375e+00
2.171859264373779297e+00
2.171740293502807617e+00
2.171688556671142578e+00
2.171662330627441406e+00
2.171637296676635742e+00
2.171633720397949219e+00
2.171668052673339844e+00
2.171719789505004883e+00
2.171775102615356445e+00
2.171811819076538086e+00
2.171813964843750000e+00
2.171782732009887695e+00
2.171749114990234375e+00
2.171709299087524414e+00
2.171679258346557617e+00
2.171661615371704102e+00
2.171649932861328125e+00
2.171637058258056641e+00
2.171630144119262695e+00
2.171629190444946289e+00
2.171626091003417969e+00
2.171617507934570312e+00
2.171601772308349609e+00
2.171577692031860352e+00
2.171546697616577148e+00
2.171519279479980469e+00
2.171497344970703125e+00
2.171489953994750977e+00
2.171485662460327148e+00
2.171488523483276367e+00
2.171493291854858398e+00
2.171493530273437500e+00
2.171494245529174805e+00
2.171490192413330078e+00
2.171472787857055664e+00
2.171469688415527344e+00
2.171488046646118164e+00
2.171493291854858398e+00
2.171476602554321289e+00
2.171474456787109375e+00
2.171464681625366211e+00
2.171449184417724609e+00
2.171443462371826172e+00
2.171446561813354492e+00
2.171450614929199219e+00
2.171451330184936523e+00
2.171454906463623047e+00
2.171455860137939453e+00
2.171454668045043945e+00
2.171457052230834961e+00
2.171454668045043945e+00
2.171464204788208008e+00
2.171489953994750977e+00
2.171484947204589844e+00
2.171490669250488281e+00
2.171505928039550781e+00
2.171523094177246094e+00
2.171529769897460938e+00
2.171547889709472656e+00
2.171569108963012695e+00
2.171572208404541016e+00
2.171584606170654297e+00
2.171590566635131836e+00
2.171578884124755859e+00
2.171578645706176758e+00
2.171621799468994141e+00
2.171604633331298828e+00
2.171605348587036133e+00
2.171603918075561523e+00
2.171621799468994141e+00
2.171597480773925781e+00
2.171591997146606445e+00
2.171584606170654297e+00
2.171569585800170898e+00
2.171565294265747070e+00
2.171566009521484375e+00
2.171573400497436523e+00
2.171573638916015625e+00
2.171514272689819336e+00
2.171472787857055664e+00
2.171440362930297852e+00
2.171412944793701172e+00
2.171410560607910156e+00
2.171400785446166992e+00
2.171377420425415039e+00
2.171384572982788086e+00
2.171398401260375977e+00
2.171358108520507812e+00
2.171367406845092773e+00
2.171396493911743164e+00
2.171408414840698242e+00
2.171427249908447266e+00
2.171449661254882812e+00
2.171503305435180664e+00
2.171523809432983398e+00
2.171520709991455078e+00
2.171546936035156250e+00
2.171552896499633789e+00
2.171585559844970703e+00
2.171584129333496094e+00
2.171598672866821289e+00
2.171615123748779297e+00
2.171625137329101562e+00
2.171636343002319336e+00
2.171653509140014648e+00
2.171653032302856445e+00
2.171637535095214844e+00
2.171635150909423828e+00
2.171627044677734375e+00
2.171644687652587891e+00
2.171630144119262695e+00
2.171667098999023438e+00
2.171657800674438477e+00
2.171707868576049805e+00
2.171703338623046875e+00
2.171712875366210938e+00
2.171728134155273438e+00
2.171745061874389648e+00
2.171764135360717773e+00
2.171781778335571289e+00
2.171799659729003906e+00
2.171827793121337891e+00
2.171851634979248047e+00
2.171859264373779297e+00
2.171870470046997070e+00
2.171900272369384766e+00
2.171897649765014648e+00
2.171916246414184570e+00
2.171911239624023438e+00
2.171897411346435547e+00
2.171884775161743164e+00
2.171884298324584961e+00
2.171873331069946289e+00
2.171877622604370117e+00
2.171906471252441406e+00
2.171942234039306641e+00
2.171935796737670898e+00
2.171982526779174805e+00
2.171945571899414062e+00
2.171925067901611328e+00
2.171961784362792969e+00
2.171956300735473633e+00
2.171976566314697266e+00
2.171961069107055664e+00
2.171956062316894531e+00
2.171977281570434570e+00
2.172001838684082031e+00
2.172024250030517578e+00
2.172024488449096680e+00
2.172010660171508789e+00
2.172010421752929688e+00
2.172014474868774414e+00
2.172028541564941406e+00
2.172042131423950195e+00
2.172036170959472656e+00
2.172046184539794922e+00
2.172060966491699219e+00
2.172049760818481445e+00
2.172036647796630859e+00
2.172035932540893555e+00
2.172042846679687500e+00
2.172085285186767578e+00
2.172113418579101562e+00
2.172066688537597656e+00
2.172081708908081055e+00
2.172061681747436523e+00
2.172022819519042969e+00
2.172075986862182617e+00
2.172063827514648438e+00
2.172095775604248047e+00
2.172086238861083984e+00
2.172055959701538086e+00
2.172067642211914062e+00
2.172035694122314453e+00
2.172056436538696289e+00
2.172057151794433594e+00
2.172064065933227539e+00
2.172098398208618164e+00
2.172092437744140625e+00
2.172063827514648438e+00
2.172070503234863281e+00
2.172082424163818359e+00
2.172074317932128906e+00
2.172086000442504883e+00
2.172120571136474609e+00
2.172121524810791016e+00
2.172095298767089844e+00
2.172090530395507812e+00
2.172089576721191406e+00
2.172073125839233398e+00
2.172065734863281250e+00
2.172079086303710938e+00
2.172081708908081055e+00
2.172089099884033203e+00
2.172096729278564453e+00
2.172101259231567383e+00
2.172099828720092773e+00
2.172071933746337891e+00
2.172075986862182617e+00
2.172102928161621094e+00
2.172102928161621094e+00
2.172100543975830078e+00
2.172120094299316406e+00
2.172097921371459961e+00
2.172130584716796875e+00
2.172120094299316406e+00
2.172097682952880859e+00
2.172103404998779297e+00
2.172114849090576172e+00
2.172112226486206055e+00
2.172114372253417969e+00
2.172104120254516602e+00
2.172092676162719727e+00
2.172116518020629883e+00
2.172123432159423828e+00
2.172105550765991211e+00
2.172112703323364258e+00
2.172114849090576172e+00
2.172131538391113281e+00
2.172119855880737305e+00
2.172105073928833008e+00
2.172109603881835938e+00
2.172106504440307617e+00
2.172130346298217773e+00
2.172119855880737305e+00
2.172122240066528320e+00
2.172122001647949219e+00
2.172126054763793945e+00
2.172127246856689453e+00
2.172107934951782227e+00
2.172093868255615234e+00
2.172104597091674805e+00
2.172103166580200195e+00
2.172112703323364258e+00
2.172139644622802734e+00
2.172124624252319336e+00
2.172136306762695312e+00
2.172139167785644531e+00
2.172138929367065430e+00
2.172119617462158203e+00
2.172127723693847656e+00
2.172132015228271484e+00
2.172154188156127930e+00
2.172143936157226562e+00
2.172148704528808594e+00
2.172143936157226562e+00
2.172121524810791016e+00
2.172154903411865234e+00
2.172148466110229492e+00
2.172140359878540039e+00
2.172153234481811523e+00
2.172149896621704102e+00
2.172144651412963867e+00
2.172168970108032227e+00
2.172155380249023438e+00
2.172158956527709961e+00
2.172144412994384766e+00
2.172118186950683594e+00
2.172142028808593750e+00
2.172142028808593750e+00
2.172116041183471680e+00
2.172123908996582031e+00
2.172114610671997070e+00
2.172100782394409180e+00
2.172099828720092773e+00
2.172103881835937500e+00
2.172102928161621094e+00
2.172100305557250977e+00
2.172109603881835938e+00
2.172122478485107422e+00
2.172116279602050781e+00
2.172106027603149414e+00
2.172127723693847656e+00
2.172150135040283203e+00
2.172157764434814453e+00
2.172159671783447266e+00
2.172140121459960938e+00
2.172136783599853516e+00
2.172128677368164062e+00
2.172132968902587891e+00
2.172127246856689453e+00
2.172116041183471680e+00
2.172073125839233398e+00
2.172041893005371094e+00
2.172034740447998047e+00
2.172298431396484375e+00
2.172100305557250977e+00
2.172199249267578125e+00
2.172205448150634766e+00
2.172092914581298828e+00
2.171845674514770508e+00
2.171787977218627930e+00
2.171831607818603516e+00
2.171864509582519531e+00
2.171751260757446289e+00
2.171701431274414062e+00
2.171716451644897461e+00
2.171736240386962891e+00
2.171690464019775391e+00
2.171667098999023438e+00
2.171618700027465820e+00
2.171589374542236328e+00
2.171583890914916992e+00
2.171601533889770508e+00
2.171578645706176758e+00
2.171563625335693359e+00
2.171555280685424805e+00
2.171523094177246094e+00
2.171490669250488281e+00
2.171474933624267578e+00
2.171473503112792969e+00
2.171452522277832031e+00
2.171412706375122070e+00
2.171366453170776367e+00
2.171344995498657227e+00
2.171352386474609375e+00
2.171362400054931641e+00
2.171345949172973633e+00
2.171337842941284180e+00
2.171323060989379883e+00
2.171280622482299805e+00
2.171281576156616211e+00
2.171275854110717773e+00
2.171261310577392578e+00
2.171267032623291016e+00
2.171254396438598633e+00
2.171263933181762695e+00
2.171241521835327148e+00
2.171197414398193359e+00
2.171163320541381836e+00
2.171151161193847656e+00
2.171167850494384766e+00
2.171190738677978516e+00
2.171161890029907227e+00
2.171114444732666016e+00
2.171112537384033203e+00
2.171089649200439453e+00
2.171062707901000977e+00
2.171069383621215820e+00
2.171065092086791992e+00
2.171048402786254883e+00
2.171034336090087891e+00
2.171018600463867188e+00
2.170987606048583984e+00
2.170972347259521484e+00
2.170972824096679688e+00
2.170960903167724609e+00
2.170951366424560547e+00
2.170911073684692383e+00
2.170897245407104492e+00
2.170901298522949219e+00
2.170894622802734375e+00
2.170881271362304688e+00
2.170870304107666016e+00
2.170866727828979492e+00
2.170874118804931641e+00
2.170877218246459961e+00
2.170863389968872070e+00
2.170850276947021484e+00
2.170805215835571289e+00
2.170811653137207031e+00
2.170830488204956055e+00
2.170815706253051758e+00
2.170870065689086914e+00
2.170832633972167969e+00
2.170776844024658203e+00
2.170799016952514648e+00
2.170769214630126953e+00
2.170755147933959961e+00
2.170758247375488281e+00
2.170751333236694336e+00
2.170675516128540039e+00
2.170664072036743164e+00
2.170709848403930664e+00
2.170615911483764648e+00
2.170606613159179688e+00
2.170602560043334961e+00
2.170595645904541016e+00
2.170622587203979492e+00
2.170642852783203125e+00
2.170580148696899414e+00
2.170534849166870117e+00
2.170555830001831055e+00
2.170526981353759766e+00
2.170539617538452148e+00
2.170546293258666992e+00
2.170525789260864258e+00
2.170574903488159180e+00
2.170550584793090820e+00
2.170578002929687500e+00
2.170614480972290039e+00
2.170556306838989258e+00
2.170566320419311523e+00
2.170549631118774414e+00
2.170532941818237305e+00
2.170536518096923828e+00
2.170525550842285156e+00
2.170535564422607422e+00
2.170511484146118164e+00
2.170537233352661133e+00
2.170492172241210938e+00
2.170499086380004883e+00
2.170486688613891602e+00
2.170485973358154297e+00
2.170479297637939453e+00
2.170458078384399414e+00
2.170444011688232422e+00
2.170423269271850586e+00
2.170428037643432617e+00
2.170409202575683594e+00
2.170419692993164062e+00
2.170411586761474609e+00
2.170421361923217773e+00
2.170410156250000000e+00
2.170422792434692383e+00
2.170419454574584961e+00
2.170408487319946289e+00
2.170453548431396484e+00
2.170406341552734375e+00
2.170383214950561523e+00
2.170462608337402344e+00
2.170389413833618164e+00
2.170478105545043945e+00
2.170431137084960938e+00
2.170362949371337891e+00
2.170471429824829102e+00
2.170367717742919922e+00
2.170448780059814453e+00
2.170432329177856445e+00
2.170340299606323242e+00
2.170418977737426758e+00
2.170358896255493164e+00
2.170386314392089844e+00
2.170404911041259766e+00
2.170366048812866211e+00
2.170407533645629883e+00
2.170369625091552734e+00
2.170396327972412109e+00
2.170378208160400391e+00
2.170362710952758789e+00
2.170358896255493164e+00
2.170363426208496094e+00
2.170403242111206055e+00
2.170477151870727539e+00
2.170359373092651367e+00
2.170338153839111328e+00
2.170336008071899414e+00
2.170321702957153320e+00
2.170377016067504883e+00
2.170351982116699219e+00
2.170278072357177734e+00
2.170288324356079102e+00
2.170273065567016602e+00
2.170291662216186523e+00
2.170328855514526367e+00
2.170333385467529297e+00
2.170319080352783203e+00
2.170331478118896484e+00
2.170328855514526367e+00
2.170334577560424805e+00
2.170341730117797852e+00
2.170309066772460938e+00
2.170274496078491211e+00
2.170304298400878906e+00
2.170273542404174805e+00
2.170303106307983398e+00
2.170314311981201172e+00
2.170298814773559570e+00
2.170284509658813477e+00
2.170307159423828125e+00
2.170310974121093750e+00
2.170309066772460938e+00
2.170332431793212891e+00
2.170332431793212891e+00
2.170310974121093750e+00
2.170271396636962891e+00
2.170275449752807617e+00
2.170253276824951172e+00
2.170273065567016602e+00
2.170290470123291016e+00
2.170283555984497070e+00
2.170259952545166016e+00
2.170249700546264648e+00
2.170250415802001953e+00
2.170224428176879883e+00
2.170249938964843750e+00
2.170255422592163086e+00
2.170255422592163086e+00
2.170252799987792969e+00
2.170252561569213867e+00
2.170241832733154297e+00
2.170243024826049805e+00
2.170243501663208008e+00
2.170227766036987305e+00
2.170234918594360352e+00
2.170257329940795898e+00
2.170212984085083008e+00
2.170256614685058594e+00
2.170274972915649414e+00
2.170222520828247070e+00
2.170188188552856445e+00
2.170247077941894531e+00
2.170212507247924805e+00
2.170236587524414062e+00
2.170252799987792969e+00
2.170224428176879883e+00
2.170182704925537109e+00
2.170179367065429688e+00
2.170208930969238281e+00
2.170201063156127930e+00
2.170220136642456055e+00
2.170221328735351562e+00
2.170198917388916016e+00
2.170188903808593750e+00
2.170207262039184570e+00
2.170166492462158203e+00
2.170190572738647461e+00
2.170217990875244141e+00
2.170202016830444336e+00
2.170204162597656250e+00
2.170182466506958008e+00
2.170179843902587891e+00
2.170184612274169922e+00
2.170210123062133789e+00
2.170222043991088867e+00
2.170235395431518555e+00
2.170207023620605469e+00
2.170224428176879883e+00
2.170216083526611328e+00
2.170141696929931641e+00
2.170187711715698242e+00
2.170173168182373047e+00
2.170198678970336914e+00
2.170233249664306641e+00
2.170191526412963867e+00
2.170131921768188477e+00
2.170194387435913086e+00
2.170158863067626953e+00
2.170130729675292969e+00
2.170184373855590820e+00
2.170197010040283203e+00
2.170170307159423828e+00
2.170178890228271484e+00
2.170169353485107422e+00
2.170164823532104492e+00
2.170202255249023438e+00
2.170183897018432617e+00
2.170130729675292969e+00
2.170196294784545898e+00
2.170169353485107422e+00
2.170211076736450195e+00
2.170225143432617188e+00
2.170158624649047852e+00
2.170140266418457031e+00
2.170120239257812500e+00
2.170149564743041992e+00
2.170198440551757812e+00
2.170162677764892578e+00
2.170126676559448242e+00
2.170164346694946289e+00
2.170156955718994141e+00
2.170175790786743164e+00
2.170203208923339844e+00
2.170218229293823242e+00
2.170160293579101562e+00
2.170202016830444336e+00
2.170126438140869141e+00
2.170148372650146484e+00
2.170084714889526367e+00
2.170076370239257812e+00
2.170092344284057617e+00
2.170099496841430664e+00
2.170100212097167969e+00
2.170114755630493164e+00
2.170095920562744141e+00
2.170088291168212891e+00
2.170081615447998047e+00
2.170090913772583008e+00
2.170125007629394531e+00
2.170093059539794922e+00
2.170085668563842773e+00
2.170098304748535156e+00
2.170112133026123047e+00
2.170059204101562500e+00
2.170102357864379883e+00
2.170085191726684570e+00
2.170101404190063477e+00
2.170134305953979492e+00
2.170118808746337891e+00
2.170108795166015625e+00
2.170086860656738281e+00
2.170081138610839844e+00
2.170090675354003906e+00
2.170076847076416016e+00
2.170074701309204102e+00
2.170091629028320312e+00
2.170086860656738281e+00
2.170050621032714844e+00
2.170094490051269531e+00
2.170089483261108398e+00
2.170031309127807617e+00
2.170037746429443359e+00
2.170028209686279297e+00
2.170042753219604492e+00
2.170023202896118164e+00
2.170012950897216797e+00
2.170055627822875977e+00
2.170043230056762695e+00
2.170065879821777344e+00
2.170070648193359375e+00
2.170078039169311523e+00
2.170084238052368164e+00
2.170073747634887695e+00
2.170079231262207031e+00
2.170042991638183594e+00
2.170043945312500000e+00
2.170060873031616211e+00
2.170108556747436523e+00
2.170109987258911133e+00
2.170127868652343750e+00
2.170131206512451172e+00
2.170105934143066406e+00
2.170080661773681641e+00
2.170085668563842773e+00
2.170103549957275391e+00
2.170123338699340820e+00
2.170114755630493164e+00
2.170122861862182617e+00
2.170109987258911133e+00
2.170084476470947266e+00
2.170016527175903320e+00
2.170057535171508789e+00
2.170070648193359375e+00
2.170061588287353516e+00
2.170057535171508789e+00
2.170041322708129883e+00
2.169993400573730469e+00
2.169954776763916016e+00
2.169942140579223633e+00
2.169930696487426758e+00
2.169907569885253906e+00
2.169899463653564453e+00
2.169911861419677734e+00
2.169929027557373047e+00
