4.460920333862304688e+01
4.402269744873046875e+01
4.328413391113281250e+01
4.248253631591796875e+01
4.160098266601562500e+01
4.057903671264648438e+01
3.943654251098632812e+01
3.796604156494140625e+01
3.643428039550781250e+01
3.495167160034179688e+01
3.351032638549804688e+01
3.210749816894531250e+01
3.076790046691894531e+01
2.950392723083496094e+01
2.824297142028808594e+01
2.717094230651855469e+01
2.610664558410644531e+01
2.509665679931640625e+01
2.441767120361328125e+01
2.386656379699707031e+01
2.343448257446289062e+01
2.311042785644531250e+01
2.288211059570312500e+01
2.273770523071289062e+01
2.266291046142578125e+01
2.263422203063964844e+01
2.264083862304687500e+01
2.267814636230468750e+01
2.273898315429687500e+01
2.281791114807128906e+01
2.291202163696289062e+01
2.301348304748535156e+01
2.311542701721191406e+01
2.326403999328613281e+01
2.322209930419921875e+01
2.323372840881347656e+01
2.325762367248535156e+01
2.327951622009277344e+01
2.329513359069824219e+01
2.330649375915527344e+01
2.331841850280761719e+01
2.333834075927734375e+01
2.339265060424804688e+01
2.347214508056640625e+01
2.347123908996582031e+01
2.339022636413574219e+01
2.341109466552734375e+01
2.322839164733886719e+01
2.308031463623046875e+01
2.301651382446289062e+01
2.298902893066406250e+01
2.298334693908691406e+01
2.294829177856445312e+01
2.289125251770019531e+01
2.283616828918457031e+01
2.279204750061035156e+01
2.276578140258789062e+01
2.275681304931640625e+01
2.273760604858398438e+01
2.269757461547851562e+01
2.265277481079101562e+01
2.261606216430664062e+01
2.258985328674316406e+01
2.256748390197753906e+01
2.253692436218261719e+01
2.248318290710449219e+01
2.242044067382812500e+01
2.237233924865722656e+01
2.233703994750976562e+01
2.230473327636718750e+01
2.227028656005859375e+01
2.224316596984863281e+01
2.218445777893066406e+01
2.214511680603027344e+01
2.210693359375000000e+01
2.206596565246582031e+01
2.202886772155761719e+01
2.199815559387207031e+01
2.197386932373046875e+01
2.195521545410156250e+01
2.194052696228027344e+01
2.192815589904785156e+01
2.191567420959472656e+01
2.189970779418945312e+01
2.188199996948242188e+01
2.186325263977050781e+01
2.183708190917968750e+01
2.180753707885742188e+01
2.178229522705078125e+01
2.176245307922363281e+01
2.174847984313964844e+01
2.173922157287597656e+01
2.173205757141113281e+01
2.172513771057128906e+01
2.171684646606445312e+01
2.170706367492675781e+01
2.169742965698242188e+01
2.168660354614257812e+01
2.167486953735351562e+01
2.166493606567382812e+01
2.165760612487792969e+01
2.164946174621582031e+01
2.163941001892089844e+01
2.162850189208984375e+01
2.161604309082031250e+01
2.160432815551757812e+01
2.159203338623046875e+01
2.157855415344238281e+01
2.156007385253906250e+01
2.154061508178710938e+01
2.152598953247070312e+01
2.151614570617675781e+01
2.149866676330566406e+01
2.147620773315429688e+01
2.146356582641601562e+01
2.147373771667480469e+01
2.141732788085937500e+01
2.141499900817871094e+01
2.142788696289062500e+01
2.143023490905761719e+01
2.141033363342285156e+01
2.138552856445312500e+01
2.136629867553710938e+01
2.135086822509765625e+01
2.133733940124511719e+01
2.132048988342285156e+01
2.130259704589843750e+01
2.129083633422851562e+01
2.128794097900390625e+01
2.129133415222167969e+01
2.129005241394042969e+01
2.127268028259277344e+01
2.125460433959960938e+01
2.124743843078613281e+01
2.125127410888671875e+01
2.125623893737792969e+01
2.125398063659667969e+01
2.124647521972656250e+01
2.124277687072753906e+01
2.124672508239746094e+01
2.124808692932128906e+01
2.123868370056152344e+01
2.123117446899414062e+01
2.123248672485351562e+01
2.123429298400878906e+01
2.122701263427734375e+01
2.121900177001953125e+01
2.120446014404296875e+01
2.119435882568359375e+01
2.118538475036621094e+01
2.118445777893066406e+01
2.119186401367187500e+01
2.118576049804687500e+01
2.117374801635742188e+01
2.117349815368652344e+01
2.118162536621093750e+01
2.116979408264160156e+01
2.115479660034179688e+01
2.115074729919433594e+01
2.114708709716796875e+01
2.115217781066894531e+01
2.113171005249023438e+01
2.111095809936523438e+01
2.110969734191894531e+01
2.112203025817871094e+01
2.113983535766601562e+01
2.113030242919921875e+01
2.111128234863281250e+01
2.110561370849609375e+01
2.111055374145507812e+01
2.111913299560546875e+01
2.110913085937500000e+01
2.109604644775390625e+01
2.109410095214843750e+01
2.110017967224121094e+01
2.110894584655761719e+01
2.109236145019531250e+01
2.107311248779296875e+01
2.106999397277832031e+01
2.107823181152343750e+01
2.109196662902832031e+01
2.108525657653808594e+01
2.106764030456542969e+01
2.106044769287109375e+01
2.106281089782714844e+01
2.106948661804199219e+01
2.106119155883789062e+01
2.104940986633300781e+01
2.104816246032714844e+01
2.105409240722656250e+01
2.105071258544921875e+01
2.104064559936523438e+01
2.103782844543457031e+01
2.103953742980957031e+01
2.104284095764160156e+01
2.103491401672363281e+01
2.102490234375000000e+01
2.102473258972167969e+01
2.103877258300781250e+01
2.104611587524414062e+01
2.103897285461425781e+01
2.103343772888183594e+01
2.103186416625976562e+01
2.103238868713378906e+01
2.102059745788574219e+01
2.100834083557128906e+01
2.100879096984863281e+01
2.100574684143066406e+01
2.099217033386230469e+01
2.098674964904785156e+01
2.099372291564941406e+01
2.099873542785644531e+01
2.099151229858398438e+01
2.098548507690429688e+01
2.098830604553222656e+01
2.099038505554199219e+01
2.098439598083496094e+01
2.098180770874023438e+01
2.098837661743164062e+01
2.099193763732910156e+01
2.098386955261230469e+01
2.097873497009277344e+01
2.098356819152832031e+01
2.098688697814941406e+01
2.098540306091308594e+01
2.097912979125976562e+01
2.097307777404785156e+01
2.097485733032226562e+01
2.097453880310058594e+01
2.097287940979003906e+01
2.096899795532226562e+01
2.096426391601562500e+01
2.096593856811523438e+01
2.096515655517578125e+01
2.096179962158203125e+01
2.096210289001464844e+01
2.095748519897460938e+01
2.095195960998535156e+01
2.095500373840332031e+01
2.095565414428710938e+01
2.094662857055664062e+01
2.094189262390136719e+01
2.094832992553710938e+01
2.095319557189941406e+01
2.095139503479003906e+01
2.094414710998535156e+01
2.093854713439941406e+01
2.094169998168945312e+01
2.094263648986816406e+01
2.094034957885742188e+01
2.093534851074218750e+01
2.093243408203125000e+01
2.093717384338378906e+01
2.093683815002441406e+01
2.092653465270996094e+01
2.092149162292480469e+01
2.092766761779785156e+01
2.093274497985839844e+01
2.092747306823730469e+01
2.092248153686523438e+01
2.092591667175292969e+01
2.092925453186035156e+01
2.092465591430664062e+01
2.092267608642578125e+01
2.092905616760253906e+01
2.093625640869140625e+01
2.095322036743164062e+01
2.098623275756835938e+01
2.089451980590820312e+01
2.083465576171875000e+01
2.081062507629394531e+01
2.077922821044921875e+01
2.074245643615722656e+01
2.071117210388183594e+01
2.069407844543457031e+01
2.068798637390136719e+01
2.068373870849609375e+01
2.067732238769531250e+01
2.067050743103027344e+01
2.066574287414550781e+01
2.066520690917968750e+01
2.067033195495605469e+01
2.067934036254882812e+01
2.068846130371093750e+01
2.069734001159667969e+01
2.073729133605957031e+01
2.072849464416503906e+01
2.069924926757812500e+01
2.069775199890136719e+01
2.070380592346191406e+01
2.072742080688476562e+01
2.079866981506347656e+01
2.071258926391601562e+01
2.070184135437011719e+01
2.069620323181152344e+01
2.070759963989257812e+01
2.110848236083984375e+01
2.086453628540039062e+01
2.085912322998046875e+01
2.085864639282226562e+01
2.085939598083496094e+01
2.085610008239746094e+01
2.084860992431640625e+01
2.084093284606933594e+01
2.083716392517089844e+01
2.083586311340332031e+01
2.083087921142578125e+01
2.082049560546875000e+01
2.080901527404785156e+01
2.079974365234375000e+01
2.079398155212402344e+01
2.079182052612304688e+01
2.079233932495117188e+01
2.079269027709960938e+01
2.080676841735839844e+01
2.083722877502441406e+01
2.087198066711425781e+01
2.089888381958007812e+01
2.092163658142089844e+01
2.092523956298828125e+01
2.092490386962890625e+01
2.092230033874511719e+01
2.092012023925781250e+01
2.091912841796875000e+01
2.091926956176757812e+01
2.091454887390136719e+01
2.090785598754882812e+01
2.088935279846191406e+01
2.086824989318847656e+01
2.085943603515625000e+01
2.083959579467773438e+01
2.081446456909179688e+01
2.080321311950683594e+01
2.079184341430664062e+01
2.078781127929687500e+01
2.079104042053222656e+01
2.079620170593261719e+01
2.080751609802246094e+01
2.082828521728515625e+01
2.085745811462402344e+01
2.085235023498535156e+01
2.081639289855957031e+01
2.080302429199218750e+01
2.079858779907226562e+01
2.079597854614257812e+01
2.079316329956054688e+01
2.079007530212402344e+01
2.078772926330566406e+01
2.078559684753417969e+01
2.078256225585937500e+01
2.077859497070312500e+01
2.077465438842773438e+01
2.077135467529296875e+01
2.076828956604003906e+01
2.076477050781250000e+01
2.076109886169433594e+01
2.075885772705078125e+01
2.075773429870605469e+01
2.075627136230468750e+01
2.075452995300292969e+01
2.075362586975097656e+01
2.075465011596679688e+01
2.076642990112304688e+01
2.078408622741699219e+01
2.079841423034667969e+01
2.080202865600585938e+01
2.079463386535644531e+01
2.078595161437988281e+01
2.078009033203125000e+01
2.077350807189941406e+01
2.077532386779785156e+01
2.076377868652343750e+01
2.076966094970703125e+01
2.079082679748535156e+01
2.079592895507812500e+01
2.079111671447753906e+01
2.078171920776367188e+01
2.076681327819824219e+01
2.074740028381347656e+01
2.072988700866699219e+01
2.072554206848144531e+01
2.073328208923339844e+01
2.074035453796386719e+01
2.073971366882324219e+01
2.073543167114257812e+01
2.073547744750976562e+01
2.074000358581542969e+01
2.074233245849609375e+01
2.074039840698242188e+01
2.073982620239257812e+01
2.074205970764160156e+01
2.074434661865234375e+01
2.074487876892089844e+01
2.074405860900878906e+01
2.074200057983398438e+01
2.074170875549316406e+01
2.074278259277343750e+01
2.074361038208007812e+01
2.074160575866699219e+01
2.074044418334960938e+01
2.074271774291992188e+01
2.074081230163574219e+01
2.073509788513183594e+01
2.073178100585937500e+01
2.073489570617675781e+01
2.073622894287109375e+01
2.073129081726074219e+01
2.072599983215332031e+01
2.072745323181152344e+01
2.073022079467773438e+01
2.072723197937011719e+01
2.072353553771972656e+01
2.072242546081542969e+01
2.072104072570800781e+01
2.071726226806640625e+01
2.071317100524902344e+01
2.071269226074218750e+01
2.071500396728515625e+01
2.071121788024902344e+01
2.070731353759765625e+01
2.070855522155761719e+01
2.071240806579589844e+01
2.071076774597167969e+01
2.070686531066894531e+01
2.070466995239257812e+01
2.070531845092773438e+01
2.070914840698242188e+01
2.070907402038574219e+01
2.070747184753417969e+01
2.070779037475585938e+01
2.071000862121582031e+01
2.070643615722656250e+01
2.070219993591308594e+01
2.069645690917968750e+01
2.070511436462402344e+01
2.072739028930664062e+01
2.073838043212890625e+01
2.084551239013671875e+01
2.108849143981933594e+01
2.077772331237792969e+01
2.068525314331054688e+01
2.065992927551269531e+01
2.064730262756347656e+01
2.064006233215332031e+01
2.062969017028808594e+01
2.061878585815429688e+01
2.061427116394042969e+01
2.061500358581542969e+01
2.061515235900878906e+01
2.061487007141113281e+01
2.061760711669921875e+01
2.062228775024414062e+01
2.062553405761718750e+01
2.062810134887695312e+01
2.063251113891601562e+01
2.063792419433593750e+01
2.064163017272949219e+01
2.064373588562011719e+01
2.064642715454101562e+01
2.064933776855468750e+01
2.066719245910644531e+01
2.068708419799804688e+01
2.068970108032226562e+01
2.067589569091796875e+01
2.067951965332031250e+01
2.067726325988769531e+01
2.064857673645019531e+01
2.062137985229492188e+01
2.059566116333007812e+01
2.058687591552734375e+01
2.061030769348144531e+01
2.074592590332031250e+01
2.105227661132812500e+01
2.067521286010742188e+01
2.066229438781738281e+01
2.066867065429687500e+01
2.068077850341796875e+01
2.069934654235839844e+01
2.071943473815917969e+01
2.072455978393554688e+01
2.071480560302734375e+01
2.070636177062988281e+01
2.069927597045898438e+01
2.068995285034179688e+01
2.067628479003906250e+01
2.066358184814453125e+01
2.065707206726074219e+01
2.065370368957519531e+01
2.064787483215332031e+01
2.064173126220703125e+01
2.064465904235839844e+01
2.065295219421386719e+01
2.065656852722167969e+01
2.065740203857421875e+01
2.066307449340820312e+01
2.067201042175292969e+01
2.067628479003906250e+01
2.067633819580078125e+01
2.067673110961914062e+01
2.067901802062988281e+01
2.068025016784667969e+01
2.067905426025390625e+01
2.067708396911621094e+01
2.067717170715332031e+01
2.067698669433593750e+01
2.067446517944335938e+01
2.067227172851562500e+01
2.067138671875000000e+01
2.066969680786132812e+01
2.066716384887695312e+01
2.066611480712890625e+01
2.066599655151367188e+01
2.066514587402343750e+01
2.066452407836914062e+01
2.066470336914062500e+01
2.066475677490234375e+01
2.066413497924804688e+01
2.066378784179687500e+01
2.066428565979003906e+01
2.066457366943359375e+01
2.066473388671875000e+01
2.066444969177246094e+01
2.066445732116699219e+01
2.066465187072753906e+01
2.066403961181640625e+01
2.066407966613769531e+01
2.066403388977050781e+01
2.066310501098632812e+01
2.066316032409667969e+01
2.066303443908691406e+01
2.066184234619140625e+01
2.066189765930175781e+01
2.066178703308105469e+01
2.066034889221191406e+01
2.066040039062500000e+01
2.066046905517578125e+01
2.065893554687500000e+01
2.065901565551757812e+01
2.065932273864746094e+01
2.065786170959472656e+01
2.065803146362304688e+01
2.065849685668945312e+01
2.065705108642578125e+01
2.065725517272949219e+01
2.065783119201660156e+01
2.065642929077148438e+01
2.065665054321289062e+01
2.065725326538085938e+01
2.065588188171386719e+01
2.065611267089843750e+01
2.065667533874511719e+01
2.065526199340820312e+01
2.065551948547363281e+01
2.065610122680664062e+01
2.065466499328613281e+01
2.065491676330566406e+01
2.065547943115234375e+01
2.065400314331054688e+01
2.065430450439453125e+01
2.065492057800292969e+01
2.065341758728027344e+01
2.065374755859375000e+01
2.065440368652343750e+01
2.065285491943359375e+01
2.065322303771972656e+01
2.065391731262207031e+01
2.065226936340332031e+01
2.065264701843261719e+01
2.065341758728027344e+01
2.065174102783203125e+01
2.065217018127441406e+01
2.065300559997558594e+01
2.065126037597656250e+01
2.065174484252929688e+01
2.065266609191894531e+01
2.065080451965332031e+01
2.065131568908691406e+01
2.065232658386230469e+01
2.065032005310058594e+01
2.065085029602050781e+01
2.065197563171386719e+01
2.064979743957519531e+01
2.065035247802734375e+01
2.065162467956542969e+01
2.064925956726074219e+01
2.064996910095214844e+01
2.065133857727050781e+01
2.064780998229980469e+01
2.064729690551757812e+01
2.064830970764160156e+01
2.064501380920410156e+01
2.064313507080078125e+01
2.064337539672851562e+01
2.064163970947265625e+01
2.063967514038085938e+01
2.063927268981933594e+01
2.063893127441406250e+01
2.063834953308105469e+01
2.063762283325195312e+01
2.063713645935058594e+01
2.063731575012207031e+01
2.063705062866210938e+01
2.062538719177246094e+01
2.062454223632812500e+01
2.063062286376953125e+01
2.062617301940917969e+01
2.061888504028320312e+01
2.062900352478027344e+01
2.064939880371093750e+01
2.067173194885253906e+01
2.067199516296386719e+01
2.062921714782714844e+01
2.060894393920898438e+01
2.060462760925292969e+01
2.060721015930175781e+01
2.060846328735351562e+01
2.061187553405761719e+01
2.061847496032714844e+01
2.062353134155273438e+01
2.062615776062011719e+01
2.062921905517578125e+01
2.063405036926269531e+01
2.063809394836425781e+01
2.063922500610351562e+01
2.063984107971191406e+01
2.064251327514648438e+01
2.064488601684570312e+01
2.064393043518066406e+01
2.064158630371093750e+01
2.064121818542480469e+01
2.064177703857421875e+01
2.064048004150390625e+01
2.063804244995117188e+01
2.063779640197753906e+01
2.063865280151367188e+01
2.063748168945312500e+01
2.063637351989746094e+01
2.063715553283691406e+01
2.063787269592285156e+01
2.063743209838867188e+01
2.063793182373046875e+01
2.063919639587402344e+01
2.063892364501953125e+01
2.063861846923828125e+01
2.063921737670898438e+01
2.063941574096679688e+01
2.063964271545410156e+01
2.063969993591308594e+01
2.063953208923339844e+01
2.063981246948242188e+01
2.064007759094238281e+01
2.064037895202636719e+01
2.064030456542968750e+01
2.064028167724609375e+01
2.064043807983398438e+01
2.064018249511718750e+01
2.064054298400878906e+01
2.064072418212890625e+01
2.064009475708007812e+01
2.064015960693359375e+01
2.064077949523925781e+01
2.064122581481933594e+01
2.064102935791015625e+01
2.064120292663574219e+01
2.064180183410644531e+01
2.064180564880371094e+01
2.064232063293457031e+01
2.064278793334960938e+01
2.064244079589843750e+01
2.064291191101074219e+01
2.064336585998535156e+01
2.064268875122070312e+01
2.064248657226562500e+01
2.064333343505859375e+01
2.064311027526855469e+01
2.064223670959472656e+01
2.064258193969726562e+01
2.064264297485351562e+01
2.064191627502441406e+01
2.064216423034667969e+01
2.064301109313964844e+01
2.064305305480957031e+01
2.064325904846191406e+01
2.064403343200683594e+01
2.064413261413574219e+01
2.064332962036132812e+01
2.064339828491210938e+01
2.064425468444824219e+01
2.064418411254882812e+01
2.064422035217285156e+01
2.064458465576171875e+01
2.064487075805664062e+01
2.064475822448730469e+01
2.064477157592773438e+01
2.064500999450683594e+01
2.064475440979003906e+01
2.064517211914062500e+01
2.064555931091308594e+01
2.064550781250000000e+01
2.064523506164550781e+01
2.064507484436035156e+01
2.064612960815429688e+01
2.064614105224609375e+01
2.064483642578125000e+01
2.064612770080566406e+01
2.064730262756347656e+01
2.064500236511230469e+01
2.064423561096191406e+01
2.064660835266113281e+01
2.064712142944335938e+01
2.064470481872558594e+01
2.064369964599609375e+01
2.064586639404296875e+01
2.064680480957031250e+01
2.064433670043945312e+01
2.064410781860351562e+01
2.064732551574707031e+01
2.064825820922851562e+01
2.064590835571289062e+01
2.064542770385742188e+01
2.064705848693847656e+01
2.064727401733398438e+01
2.064653396606445312e+01
2.064771080017089844e+01
2.064892768859863281e+01
2.064820671081542969e+01
2.064787292480468750e+01
2.064830207824707031e+01
2.064868545532226562e+01
2.064924049377441406e+01
2.064850234985351562e+01
2.064730262756347656e+01
2.064966392517089844e+01
2.065133666992187500e+01
2.064783859252929688e+01
2.064527511596679688e+01
2.064700508117675781e+01
2.064903640747070312e+01
2.064822578430175781e+01
2.064566612243652344e+01
2.064389038085937500e+01
2.064464569091796875e+01
2.064709091186523438e+01
2.064865684509277344e+01
2.064736747741699219e+01
2.064400863647460938e+01
2.064372634887695312e+01
2.064749336242675781e+01
2.064908599853515625e+01
2.064633750915527344e+01
2.064518737792968750e+01
2.064718627929687500e+01
2.064900779724121094e+01
2.064950180053710938e+01
2.064882469177246094e+01
2.064709854125976562e+01
2.064699935913085938e+01
2.064985275268554688e+01
2.065136909484863281e+01
2.064916801452636719e+01
2.064758110046386719e+01
2.064922714233398438e+01
2.065128707885742188e+01
2.065121841430664062e+01
2.064922523498535156e+01
2.064706611633300781e+01
2.064738464355468750e+01
2.064944076538085938e+01
2.065060424804687500e+01
2.064910316467285156e+01
2.064704132080078125e+01
2.064784812927246094e+01
2.065098953247070312e+01
2.065267372131347656e+01
2.065036201477050781e+01
2.064743804931640625e+01
2.064850807189941406e+01
2.065151214599609375e+01
2.065144920349121094e+01
2.064941024780273438e+01
2.064871788024902344e+01
2.064958572387695312e+01
2.065152549743652344e+01
2.065238761901855469e+01
2.065062904357910156e+01
2.064827537536621094e+01
2.064873313903808594e+01
2.065137863159179688e+01
2.065233993530273438e+01
2.065065002441406250e+01
2.064854812622070312e+01
2.064960670471191406e+01
2.065338325500488281e+01
2.065417671203613281e+01
2.065129852294921875e+01
2.064962768554687500e+01
2.065064239501953125e+01
2.065199279785156250e+01
2.065256309509277344e+01
2.065163993835449219e+01
2.064981651306152344e+01
2.064966392517089844e+01
2.065240859985351562e+01
2.065439987182617188e+01
2.065208244323730469e+01
2.064856147766113281e+01
2.064896202087402344e+01
2.065166664123535156e+01
2.065223312377929688e+01
2.065058708190917969e+01
2.064930915832519531e+01
2.065087699890136719e+01
2.065366935729980469e+01
2.065437126159667969e+01
2.065285682678222656e+01
2.065059471130371094e+01
2.065093612670898438e+01
2.065324783325195312e+01
2.065377426147460938e+01
2.065248870849609375e+01
2.065144348144531250e+01
2.065188789367675781e+01
2.065259933471679688e+01
2.065261268615722656e+01
2.065302276611328125e+01
2.065366744995117188e+01
2.065472793579101562e+01
2.065593528747558594e+01
2.065570640563964844e+01
2.065412330627441406e+01
2.065440368652343750e+01
2.065526771545410156e+01
2.065449905395507812e+01
2.065398979187011719e+01
2.065446662902832031e+01
2.065451622009277344e+01
2.065431404113769531e+01
2.065477371215820312e+01
2.065447044372558594e+01
2.065397834777832031e+01
2.065384483337402344e+01
2.065365219116210938e+01
2.065392494201660156e+01
2.065356826782226562e+01
2.065320777893066406e+01
2.065382003784179688e+01
2.065358543395996094e+01
2.065294075012207031e+01
2.065401649475097656e+01
2.065489006042480469e+01
2.065382957458496094e+01
2.065380096435546875e+01
2.065482521057128906e+01
2.065375518798828125e+01
2.065334320068359375e+01
2.065497398376464844e+01
2.065436935424804688e+01
2.065194320678710938e+01
2.065212059020996094e+01
2.065246582031250000e+01
2.065149688720703125e+01
2.065165710449218750e+01
2.065176010131835938e+01
2.065187263488769531e+01
2.065225601196289062e+01
2.065179061889648438e+01
2.065223121643066406e+01
2.065280532836914062e+01
2.065241432189941406e+01
2.065333366394042969e+01
2.065469741821289062e+01
2.065510177612304688e+01
2.065531921386718750e+01
2.065569877624511719e+01
2.065522003173828125e+01
2.065433311462402344e+01
2.065375709533691406e+01
2.065399932861328125e+01
2.065377616882324219e+01
2.065262794494628906e+01
2.065343093872070312e+01
2.065495300292968750e+01
2.065417289733886719e+01
2.065391540527343750e+01
2.065458679199218750e+01
2.065418624877929688e+01
2.065415191650390625e+01
2.065347480773925781e+01
2.065282630920410156e+01
2.065373039245605469e+01
2.065356063842773438e+01
2.065255737304687500e+01
2.065349578857421875e+01
2.065445709228515625e+01
2.065418434143066406e+01
2.065405654907226562e+01
2.065392112731933594e+01
2.065509414672851562e+01
2.065524291992187500e+01
2.065299987792968750e+01
2.065350914001464844e+01
2.065475082397460938e+01
2.065299987792968750e+01
2.065288925170898438e+01
2.065363502502441406e+01
2.065227890014648438e+01
2.065242958068847656e+01
2.065409851074218750e+01
2.065340805053710938e+01
2.065270614624023438e+01
2.065372848510742188e+01
2.065354728698730469e+01
2.065258979797363281e+01
2.065414237976074219e+01
2.065555000305175781e+01
2.065433120727539062e+01
2.065341949462890625e+01
2.065380477905273438e+01
2.065542221069335938e+01
2.065538406372070312e+01
2.065351676940917969e+01
2.065254974365234375e+01
2.065282440185546875e+01
2.065300369262695312e+01
2.065277290344238281e+01
2.065258407592773438e+01
2.065272331237792969e+01
2.065311431884765625e+01
2.065345191955566406e+01
2.065351295471191406e+01
2.065427207946777344e+01
2.065537452697753906e+01
2.065534210205078125e+01
2.065437507629394531e+01
2.065454483032226562e+01
2.065539360046386719e+01
2.065562629699707031e+01
2.065513801574707031e+01
2.065387725830078125e+01
2.065454483032226562e+01
2.065495681762695312e+01
2.065304946899414062e+01
2.065399169921875000e+01
2.065583229064941406e+01
2.065452384948730469e+01
2.065437126159667969e+01
2.065469932556152344e+01
2.065304565429687500e+01
2.065369415283203125e+01
2.065461921691894531e+01
2.065278244018554688e+01
2.065280532836914062e+01
2.065432929992675781e+01
2.065455055236816406e+01
2.065405845642089844e+01
2.065378379821777344e+01
2.065456962585449219e+01
2.065693283081054688e+01
2.065674781799316406e+01
2.065342903137207031e+01
2.065271949768066406e+01
2.065363311767578125e+01
2.065281486511230469e+01
2.065265274047851562e+01
2.065311622619628906e+01
2.065335083007812500e+01
2.065437889099121094e+01
2.065459442138671875e+01
2.065348815917968750e+01
2.065304183959960938e+01
2.065432548522949219e+01
2.065458488464355469e+01
2.065361595153808594e+01
2.065525436401367188e+01
2.065660476684570312e+01
2.065404129028320312e+01
2.065453147888183594e+01
2.065637588500976562e+01
2.065424346923828125e+01
2.065331840515136719e+01
2.065399169921875000e+01
2.065364456176757812e+01
2.065382194519042969e+01
2.065442276000976562e+01
2.065461921691894531e+01
2.065520477294921875e+01
2.065444564819335938e+01
2.065283966064453125e+01
2.065384101867675781e+01
2.065451812744140625e+01
2.065234756469726562e+01
2.065405273437500000e+01
2.065686035156250000e+01
2.065359878540039062e+01
2.065180206298828125e+01
2.065323066711425781e+01
2.065330886840820312e+01
2.065238952636718750e+01
2.065295791625976562e+01
2.065342712402343750e+01
