1.178457975387573242e+00
1.126669883728027344e+00
1.071452140808105469e+00
1.018265128135681152e+00
9.705557823181152344e-01
9.287816882133483887e-01
8.927320837974548340e-01
8.618535399436950684e-01
8.355307579040527344e-01
8.132776021957397461e-01
7.948229908943176270e-01
7.800467014312744141e-01
7.688008546829223633e-01
7.608179450035095215e-01
7.556669712066650391e-01
7.527589201927185059e-01
7.514371275901794434e-01
7.510995864868164062e-01
7.512727379798889160e-01
7.515735030174255371e-01
7.518186569213867188e-01
7.521250844001770020e-01
7.525439262390136719e-01
7.529721260070800781e-01
7.534533143043518066e-01
7.540148496627807617e-01
7.547652721405029297e-01
7.554344534873962402e-01
7.557694911956787109e-01
7.559074759483337402e-01
7.558754086494445801e-01
7.556744813919067383e-01
7.553337812423706055e-01
7.548691034317016602e-01
7.540896534919738770e-01
7.533392906188964844e-01
7.528226971626281738e-01
7.523082494735717773e-01
7.514250278472900391e-01
7.508203387260437012e-01
7.504228353500366211e-01
7.497014999389648438e-01
7.489626407623291016e-01
7.489192485809326172e-01
7.489224672317504883e-01
7.482545375823974609e-01
7.475020289421081543e-01
7.469430565834045410e-01
7.461744546890258789e-01
7.448686361312866211e-01
7.430582642555236816e-01
7.410273551940917969e-01
7.389457821846008301e-01
7.368637919425964355e-01
7.348827123641967773e-01
7.330143451690673828e-01
7.312873005867004395e-01
7.296003699302673340e-01
7.279158234596252441e-01
7.262589335441589355e-01
7.246480584144592285e-01
7.230868935585021973e-01
7.215682268142700195e-01
7.200812697410583496e-01
7.186473608016967773e-01
7.173004150390625000e-01
7.160104513168334961e-01
7.148352861404418945e-01
7.137705683708190918e-01
7.131173610687255859e-01
7.122636437416076660e-01
7.114421129226684570e-01
7.111461162567138672e-01
7.106896042823791504e-01
7.104880809783935547e-01
7.101129889488220215e-01
7.096815705299377441e-01
7.097325325012207031e-01
7.091956734657287598e-01
7.090465426445007324e-01
7.088363170623779297e-01
7.086285948753356934e-01
7.085219025611877441e-01
7.084652781486511230e-01
7.084826827049255371e-01
7.083370089530944824e-01
7.082037925720214844e-01
7.081711888313293457e-01
7.081602215766906738e-01
7.081732749938964844e-01
7.081995606422424316e-01
7.081909775733947754e-01
7.081878185272216797e-01
7.082082033157348633e-01
7.082075476646423340e-01
7.081924676895141602e-01
7.081856727600097656e-01
7.081758975982666016e-01
7.081639170646667480e-01
7.081537842750549316e-01
7.081386446952819824e-01
7.081238627433776855e-01
7.081140875816345215e-01
7.081046104431152344e-01
7.080978155136108398e-01
7.080961465835571289e-01
7.080959677696228027e-01
7.080973386764526367e-01
7.081012129783630371e-01
7.081068158149719238e-01
7.081140279769897461e-01
7.081217169761657715e-01
7.081283330917358398e-01
7.081348299980163574e-01
7.081417441368103027e-01
7.081488370895385742e-01
7.081559300422668457e-01
7.081625461578369141e-01
7.081686258316040039e-01
7.081747055053710938e-01
7.081812024116516113e-01
7.081884741783142090e-01
7.081964015960693359e-01
7.082046270370483398e-01
7.082132101058959961e-01
7.082222104072570801e-01
7.082316279411315918e-01
7.082411646842956543e-01
7.082505822181701660e-01
7.082594037055969238e-01
7.082678079605102539e-01
7.082758545875549316e-01
7.082834243774414062e-01
7.082904577255249023e-01
7.082969546318054199e-01
7.083029747009277344e-01
7.083085179328918457e-01
7.083137631416320801e-01
7.083188295364379883e-01
7.083237767219543457e-01
7.083285450935363770e-01
7.083330154418945312e-01
7.083375453948974609e-01
7.083421349525451660e-01
7.083467245101928711e-01
7.083510756492614746e-01
7.083555459976196289e-01
7.083598375320434570e-01
7.083641290664672852e-01
7.083683013916015625e-01
7.083724737167358398e-01
7.083766460418701172e-01
7.083806395530700684e-01
7.083845734596252441e-01
7.083885073661804199e-01
7.083923816680908203e-01
7.083961963653564453e-01
7.083998918533325195e-01
7.084035873413085938e-01
7.084072232246398926e-01
7.084106802940368652e-01
7.084143161773681641e-01
7.084178924560546875e-01
7.084212899208068848e-01
7.084246277809143066e-01
7.084279656410217285e-01
7.084311842918395996e-01
7.084344625473022461e-01
7.084376215934753418e-01
7.084406018257141113e-01
7.084437012672424316e-01
7.084466218948364258e-01
7.084495425224304199e-01
7.084523439407348633e-01
7.084550857543945312e-01
7.084578871726989746e-01
7.084603905677795410e-01
7.084629535675048828e-01
7.084655761718750000e-01
7.084679603576660156e-01
7.084703445434570312e-01
7.084727287292480469e-01
7.084751129150390625e-01
7.084773778915405273e-01
7.084795236587524414e-01
7.084817886352539062e-01
7.084838151931762695e-01
7.084859013557434082e-01
7.084879279136657715e-01
7.084899544715881348e-01
7.084919214248657227e-01
7.084937691688537598e-01
7.084955573081970215e-01
7.084974050521850586e-01
7.084991931915283203e-01
7.085009217262268066e-01
7.085026502609252930e-01
7.085042595863342285e-01
7.085058689117431641e-01
7.085074782371520996e-01
7.085090875625610352e-01
7.085105776786804199e-01
7.085121273994445801e-01
7.085134983062744141e-01
7.085148692131042480e-01
7.085162997245788574e-01
7.085176706314086914e-01
7.085189819335937500e-01
7.085202932357788086e-01
7.085215449333190918e-01
7.085227370262145996e-01
7.085239887237548828e-01
7.085252404212951660e-01
7.085263133049011230e-01
7.085274457931518555e-01
7.085285186767578125e-01
7.085297107696533203e-01
7.085307240486145020e-01
7.085316777229309082e-01
7.085326910018920898e-01
7.085337042808532715e-01
7.085347175598144531e-01
7.085357308387756348e-01
7.085365653038024902e-01
7.085373997688293457e-01
7.085383534431457520e-01
7.085392475128173828e-01
7.085400223731994629e-01
7.085408568382263184e-01
7.085416913032531738e-01
7.085424661636352539e-01
7.085432410240173340e-01
7.085440158843994141e-01
7.085447311401367188e-01
7.085453867912292480e-01
7.085461616516113281e-01
7.085468173027038574e-01
7.085475921630859375e-01
7.085481882095336914e-01
7.085487842559814453e-01
7.085494399070739746e-01
7.085502147674560547e-01
7.085507512092590332e-01
7.085514068603515625e-01
7.085518836975097656e-01
7.085525989532470703e-01
7.085530161857604980e-01
7.085536718368530273e-01
7.085542082786560059e-01
7.085547447204589844e-01
7.085552811622619629e-01
7.085558176040649414e-01
7.085563540458679199e-01
7.085568308830261230e-01
7.085573077201843262e-01
7.085578441619873047e-01
7.085582613945007324e-01
7.085587382316589355e-01
7.085592746734619141e-01
7.085597515106201172e-01
7.085602283477783203e-01
7.085605859756469727e-01
7.085610628128051758e-01
7.085614204406738281e-01
7.085618972778320312e-01
7.085623145103454590e-01
7.085627317428588867e-01
7.085632085800170898e-01
7.085636258125305176e-01
7.085639834403991699e-01
7.085644602775573730e-01
7.085647583007812500e-01
7.085651159286499023e-01
7.085655927658081055e-01
7.085660099983215332e-01
7.085663080215454102e-01
7.085666656494140625e-01
7.085670828819274902e-01
7.085674405097961426e-01
7.085678577423095703e-01
7.085682153701782227e-01
7.085686326026916504e-01
7.085689902305603027e-01
7.085692882537841797e-01
7.085695862770080566e-01
7.085700035095214844e-01
7.085703611373901367e-01
7.085707187652587891e-01
7.085710763931274414e-01
7.085714340209960938e-01
7.085717916488647461e-01
7.085721492767333984e-01
7.085725665092468262e-01
7.085728645324707031e-01
7.085731625556945801e-01
7.085734605789184570e-01
7.085737586021423340e-01
7.085741758346557617e-01
7.085745334625244141e-01
7.085748314857482910e-01
7.085751891136169434e-01
7.085755467414855957e-01
7.085757851600646973e-01
7.085761427879333496e-01
7.085765600204467773e-01
7.085768580436706543e-01
7.085772156715393066e-01
7.085775732994079590e-01
7.085779309272766113e-01
7.085782289505004883e-01
7.085786461830139160e-01
7.085790038108825684e-01
7.085794210433959961e-01
7.085797786712646484e-01
7.085801959037780762e-01
7.085805535316467285e-01
7.085809707641601562e-01
7.085813879966735840e-01
7.085818648338317871e-01
7.085823416709899902e-01
7.085828781127929688e-01
7.085833549499511719e-01
7.085839509963989258e-01
7.085844874382019043e-01
7.085852026939392090e-01
7.085857987403869629e-01
7.085865139961242676e-01
7.085873484611511230e-01
7.085881829261779785e-01
7.085891366004943848e-01
7.085902094841003418e-01
7.085913419723510742e-01
7.085924744606018066e-01
7.085937857627868652e-01
7.085953354835510254e-01
7.085970640182495117e-01
7.085987925529479980e-01
7.086007595062255859e-01
7.086029052734375000e-01
7.086052298545837402e-01
7.086078524589538574e-01
7.086105942726135254e-01
7.086136937141418457e-01
7.086169123649597168e-01
7.086205482482910156e-01
7.086244821548461914e-01
7.086286544799804688e-01
7.086331844329833984e-01
7.086380720138549805e-01
7.086431980133056641e-01
7.086487412452697754e-01
7.086563110351562500e-01
7.089259028434753418e-01
7.087936401367187500e-01
7.087337374687194824e-01
7.087728381156921387e-01
7.089199423789978027e-01
7.089207172393798828e-01
7.089141011238098145e-01
7.089970111846923828e-01
7.089823484420776367e-01
7.090197205543518066e-01
7.090517282485961914e-01
7.090946435928344727e-01
7.090941667556762695e-01
7.091149091720581055e-01
7.091080546379089355e-01
7.090990543365478516e-01
7.090980410575866699e-01
7.091001272201538086e-01
7.091025710105895996e-01
7.091027498245239258e-01
7.091073989868164062e-01
7.091091275215148926e-01
7.091161608695983887e-01
7.091200351715087891e-01
7.091249227523803711e-01
7.091280221939086914e-01
7.091304659843444824e-01
7.091299295425415039e-01
7.091608047485351562e-01
7.091619372367858887e-01
7.091080546379089355e-01
7.090768814086914062e-01
7.090148925781250000e-01
7.089520692825317383e-01
7.089043259620666504e-01
7.087969779968261719e-01
7.087098956108093262e-01
7.086317539215087891e-01
7.085357308387756348e-01
7.084376215934753418e-01
7.083497643470764160e-01
7.082745432853698730e-01
7.082032561302185059e-01
7.081472277641296387e-01
7.081021666526794434e-01
7.080628275871276855e-01
7.080301642417907715e-01
7.080057859420776367e-01
7.079901099205017090e-01
7.079797387123107910e-01
7.079768180847167969e-01
7.079805135726928711e-01
7.079860568046569824e-01
7.079921960830688477e-01
7.080001831054687500e-01
7.080079913139343262e-01
7.080137729644775391e-01
7.080199718475341797e-01
7.080265879631042480e-01
7.080317139625549316e-01
7.080357074737548828e-01
7.080391049385070801e-01
7.080413103103637695e-01
7.080420255661010742e-01
7.080423235893249512e-01
7.080420851707458496e-01
7.080407738685607910e-01
7.080391049385070801e-01
7.080380916595458984e-01
7.081859707832336426e-01
7.080594301223754883e-01
7.080830335617065430e-01
7.082513570785522461e-01
7.082184553146362305e-01
7.081840038299560547e-01
7.082219123840332031e-01
7.082793712615966797e-01
7.082564234733581543e-01
7.082832455635070801e-01
7.083120346069335938e-01
7.083287239074707031e-01
7.083533406257629395e-01
7.083551287651062012e-01
7.083600759506225586e-01
7.083615660667419434e-01
7.083587646484375000e-01
7.083575129508972168e-01
7.083527445793151855e-01
7.083482146263122559e-01
7.083470225334167480e-01
7.083442211151123047e-01
7.083347439765930176e-01
7.083301544189453125e-01
7.083271145820617676e-01
7.083178162574768066e-01
7.083098292350769043e-01
7.083025574684143066e-01
7.082934379577636719e-01
7.082837820053100586e-01
7.082750797271728516e-01
7.082747817039489746e-01
7.082374095916748047e-01
7.082150578498840332e-01
7.081780433654785156e-01
7.081535458564758301e-01
7.081146836280822754e-01
7.080858945846557617e-01
7.080688476562500000e-01
7.080439329147338867e-01
7.080309987068176270e-01
7.080258727073669434e-01
7.080269455909729004e-01
7.080320715904235840e-01
7.080461978912353516e-01
7.080671787261962891e-01
7.080856561660766602e-01
7.081063985824584961e-01
7.081270813941955566e-01
7.081438899040222168e-01
7.081577777862548828e-01
7.081702351570129395e-01
7.081801891326904297e-01
7.081856727600097656e-01
7.082012295722961426e-01
7.083297371864318848e-01
7.082116603851318359e-01
7.082409262657165527e-01
7.085258960723876953e-01
7.085373997688293457e-01
7.083364725112915039e-01
7.081733345985412598e-01
7.080351710319519043e-01
7.078551650047302246e-01
7.076863050460815430e-01
7.077922821044921875e-01
7.076405286788940430e-01
7.074350714683532715e-01
7.073427438735961914e-01
7.073407173156738281e-01
7.073782682418823242e-01
7.074811458587646484e-01
7.074705362319946289e-01
7.075448036193847656e-01
7.075933814048767090e-01
7.076342105865478516e-01
7.076836824417114258e-01
7.077018618583679199e-01
7.077345252037048340e-01
7.077471017837524414e-01
7.077679038047790527e-01
7.077736854553222656e-01
7.077620625495910645e-01
7.077581882476806641e-01
7.077525854110717773e-01
7.077529430389404297e-01
7.077474594116210938e-01
7.077408432960510254e-01
7.077379226684570312e-01
7.077368497848510742e-01
7.077373266220092773e-01
7.077326774597167969e-01
7.077282071113586426e-01
7.077258229255676270e-01
7.077243924140930176e-01
7.077225446701049805e-01
7.077196836471557617e-01
7.077191472053527832e-01
7.077212333679199219e-01
7.077257633209228516e-01
7.077311277389526367e-01
7.077373266220092773e-01
7.077447772026062012e-01
7.077533602714538574e-01
7.077621221542358398e-01
7.077705860137939453e-01
7.077794075012207031e-01
7.077886462211608887e-01
7.077980637550354004e-01
7.078068256378173828e-01
7.078149914741516113e-01
7.078230381011962891e-01
7.078307867050170898e-01
7.078382968902587891e-01
7.078453302383422852e-01
7.078523635864257812e-01
7.078593969345092773e-01
7.078663706779479980e-01
7.078732848167419434e-01
7.078799009323120117e-01
7.078863382339477539e-01
7.078928947448730469e-01
7.078991532325744629e-01
7.079051733016967773e-01
7.079109549522399902e-01
7.079165577888488770e-01
7.079222798347473145e-01
7.079278230667114258e-01
7.079333662986755371e-01
7.079389095306396484e-01
7.079444527626037598e-01
7.079499959945678711e-01
7.079557180404663086e-01
7.079612612724304199e-01
7.079668641090393066e-01
7.079725861549377441e-01
7.079782485961914062e-01
7.079839110374450684e-01
7.079895734786987305e-01
7.079951763153076172e-01
7.080008983612060547e-01
7.080063223838806152e-01
7.080119848251342773e-01
7.080174684524536133e-01
7.080228924751281738e-01
7.080283761024475098e-01
7.080338001251220703e-01
7.080391645431518555e-01
7.080445885658264160e-01
7.080498933792114258e-01
7.080552577972412109e-01
7.080605030059814453e-01
7.080658674240112305e-01
7.080709934234619141e-01
7.080762386322021484e-01
7.080814838409423828e-01
7.080867290496826172e-01
7.080917954444885254e-01
7.080969214439392090e-01
7.081020474433898926e-01
7.081070542335510254e-01
7.081121802330017090e-01
7.081172466278076172e-01
7.081221938133239746e-01
7.081270813941955566e-01
7.081320881843566895e-01
7.081371545791625977e-01
7.081420421600341797e-01
7.081469893455505371e-01
7.081518173217773438e-01
7.081567645072937012e-01
7.081616520881652832e-01
7.081664204597473145e-01
7.081798315048217773e-01
7.083292007446289062e-01
7.082127928733825684e-01
7.082442641258239746e-01
7.082961797714233398e-01
7.084108591079711914e-01
7.083481550216674805e-01
7.083871364593505859e-01
7.084139585494995117e-01
7.084608674049377441e-01
7.084707617759704590e-01
7.085055112838745117e-01
7.085198163986206055e-01
7.085361480712890625e-01
7.085466384887695312e-01
7.085541486740112305e-01
7.085557579994201660e-01
7.085608243942260742e-01
7.085644006729125977e-01
7.085651159286499023e-01
7.085692286491394043e-01
7.085654735565185547e-01
7.085611224174499512e-01
7.085596919059753418e-01
7.085603475570678711e-01
7.085560560226440430e-01
7.085529565811157227e-01
7.085502743721008301e-01
7.085471153259277344e-01
7.085420489311218262e-01
7.085378766059875488e-01
7.085340023040771484e-01
7.085301280021667480e-01
7.085263729095458984e-01
7.085234522819519043e-01
7.085215449333190918e-01
7.085201144218444824e-01
7.085195183753967285e-01
7.085196971893310547e-01
7.085202336311340332e-01
7.085205912590026855e-01
7.085208892822265625e-01
7.085217833518981934e-01
7.085227370262145996e-01
7.085238099098205566e-01
7.085251212120056152e-01
7.085264325141906738e-01
7.085273265838623047e-01
7.085278630256652832e-01
7.085282206535339355e-01
7.085284590721130371e-01
7.085284590721130371e-01
7.085284590721130371e-01
7.085286974906921387e-01
7.085288166999816895e-01
7.085289955139160156e-01
7.085292935371398926e-01
7.085297107696533203e-01
7.085301280021667480e-01
7.085307240486145020e-01
7.085315585136413574e-01
7.085324525833129883e-01
7.085334062576293945e-01
7.085345983505249023e-01
7.085359096527099609e-01
7.085372209548950195e-01
7.085386514663696289e-01
7.085403203964233398e-01
7.086797952651977539e-01
7.085620760917663574e-01
7.085905075073242188e-01
7.086962461471557617e-01
7.087041735649108887e-01
7.086884379386901855e-01
7.087082266807556152e-01
7.087607383728027344e-01
7.087609767913818359e-01
7.088000178337097168e-01
7.088133692741394043e-01
7.088328003883361816e-01
7.088521122932434082e-01
7.088543176651000977e-01
7.088576555252075195e-01
7.088583707809448242e-01
7.088615894317626953e-01
7.088617086410522461e-01
7.088629007339477539e-01
7.088558077812194824e-01
7.088524103164672852e-01
7.088521122932434082e-01
7.088459730148315430e-01
7.088420987129211426e-01
7.088391780853271484e-01
7.088354825973510742e-01
7.088299393653869629e-01
7.088245153427124023e-01
7.088189721107482910e-01
7.088128924369812012e-01
7.088072896003723145e-01
7.088018655776977539e-01
7.087970376014709473e-01
7.087922692298889160e-01
7.087883353233337402e-01
7.087850570678710938e-01
7.087818384170532227e-01
7.087789177894592285e-01
7.087767124176025391e-01
7.087746262550354004e-01
7.087727785110473633e-01
7.087712883949279785e-01
7.087701559066772461e-01
7.087687253952026367e-01
7.087672948837280273e-01
7.087658047676086426e-01
7.087640762329101562e-01
7.087622880935668945e-01
7.087605595588684082e-01
7.087588906288146973e-01
7.087573409080505371e-01
7.087556719779968262e-01
7.087542414665222168e-01
7.087528705596923828e-01
7.087516188621520996e-01
7.087506651878356934e-01
7.087497711181640625e-01
7.087491154670715332e-01
7.087485790252685547e-01
7.087489962577819824e-01
7.088781595230102539e-01
7.087636590003967285e-01
7.087880969047546387e-01
7.089208960533142090e-01
7.088695764541625977e-01
7.088853716850280762e-01
7.089057564735412598e-01
7.089385986328125000e-01
7.089570760726928711e-01
7.089769840240478516e-01
7.090022563934326172e-01
7.090161442756652832e-01
7.090356945991516113e-01
7.090309858322143555e-01
7.090338468551635742e-01
7.090372443199157715e-01
7.090348005294799805e-01
7.090386152267456055e-01
7.090303301811218262e-01
7.090265154838562012e-01
7.090259790420532227e-01
7.090188264846801758e-01
7.090145945549011230e-01
7.090113759040832520e-01
7.090072631835937500e-01
7.090020775794982910e-01
7.089961767196655273e-01
7.089900970458984375e-01
7.089833021163940430e-01
7.089766860008239746e-01
7.089701890945434570e-01
7.089636921882629395e-01
7.089575529098510742e-01
7.089520096778869629e-01
7.089467644691467285e-01
7.089415192604064941e-01
7.089370489120483398e-01
7.089333534240722656e-01
7.089294791221618652e-01
7.089262604713439941e-01
7.089235186576843262e-01
7.089207172393798828e-01
7.089179158210754395e-01
7.089152336120605469e-01
7.089124917984008789e-01
7.089096307754516602e-01
7.089068293571472168e-01
7.089042067527770996e-01
7.089015841484069824e-01
7.088989615440368652e-01
7.088966965675354004e-01
7.088943123817443848e-01
7.088922262191772461e-01
7.088903784751892090e-01
7.088885903358459473e-01
7.088869810104370117e-01
7.088855504989624023e-01
7.088842391967773438e-01
7.088831067085266113e-01
7.088819742202758789e-01
7.088809609413146973e-01
7.088800072669982910e-01
7.088959813117980957e-01
7.090054154396057129e-01
7.088927626609802246e-01
7.089170217514038086e-01
7.090604305267333984e-01
7.089825272560119629e-01
7.090085744857788086e-01
7.090411782264709473e-01
7.090514302253723145e-01
7.090891003608703613e-01
7.090985774993896484e-01
7.091236114501953125e-01
7.091490626335144043e-01
7.091506719589233398e-01
7.091545462608337402e-01
7.091552019119262695e-01
7.091559171676635742e-01
7.091594934463500977e-01
7.091542482376098633e-01
7.091493010520935059e-01
7.091475725173950195e-01
7.091432213783264160e-01
7.091369032859802246e-01
7.091333270072937012e-01
7.091303467750549316e-01
7.091252207756042480e-01
7.091198563575744629e-01
7.091137766838073730e-01
7.091066837310791016e-01
7.090998291969299316e-01
7.090927362442016602e-01
7.090857028961181641e-01
7.090787887573242188e-01
7.090722322463989258e-01
7.090660333633422852e-01
7.090597152709960938e-01
7.090541720390319824e-01
7.090494036674499512e-01
7.090446949005126953e-01
7.090406417846679688e-01
7.090369462966918945e-01
7.090331315994262695e-01
7.090295553207397461e-01
7.090261578559875488e-01
7.090227007865905762e-01
7.090191841125488281e-01
7.090159654617309570e-01
7.090127468109130859e-01
7.090095877647399902e-01
7.090065479278564453e-01
7.090036273002624512e-01
7.090010046958923340e-01
7.089985609054565430e-01
7.089962363243103027e-01
7.089941501617431641e-01
7.089922428131103516e-01
7.089903950691223145e-01
7.089886665344238281e-01
7.089870572090148926e-01
7.089856266975402832e-01
7.089841961860656738e-01
7.089828252792358398e-01
7.089814543724060059e-01
7.089802026748657227e-01
7.089789509773254395e-01
7.089777588844299316e-01
7.089768052101135254e-01
7.089757323265075684e-01
7.089746594429016113e-01
7.089806795120239258e-01
7.090981006622314453e-01
7.089878320693969727e-01
7.090145349502563477e-01
7.091593742370605469e-01
7.090710997581481934e-01
7.090985774993896484e-01
7.091426849365234375e-01
7.091408371925354004e-01
7.091848850250244141e-01
7.091965079307556152e-01
7.092166543006896973e-01
7.092493176460266113e-01
7.092413306236267090e-01
7.092474102973937988e-01
7.092515826225280762e-01
7.092491388320922852e-01
7.092553973197937012e-01
7.092469930648803711e-01
7.092440724372863770e-01
7.092445492744445801e-01
7.092360854148864746e-01
7.092326283454895020e-01
7.092300057411193848e-01
7.092252969741821289e-01
7.092211246490478516e-01
7.092147469520568848e-01
7.092079520225524902e-01
7.092010974884033203e-01
7.091933488845825195e-01
7.091862559318542480e-01
7.091787457466125488e-01
7.091716527938842773e-01
7.091648578643798828e-01
7.091577053070068359e-01
7.091512680053710938e-01
7.091459035873413086e-01
7.091404199600219727e-01
7.091355919837951660e-01
7.091311812400817871e-01
7.091267704963684082e-01
7.091225385665893555e-01
7.091184854507446289e-01
7.091145515441894531e-01
7.091106176376342773e-01
7.091069221496582031e-01
7.091033458709716797e-01
7.090997695922851562e-01
7.090963721275329590e-01
7.090932726860046387e-01
7.090902328491210938e-01
7.090876698493957520e-01
7.090851664543151855e-01
7.090828418731689453e-01
7.090806365013122559e-01
7.090785503387451172e-01
7.090765237808227539e-01
7.090748548507690430e-01
7.090731263160705566e-01
7.090714573860168457e-01
7.090698480606079102e-01
7.090682387351989746e-01
7.090667486190795898e-01
7.090653181076049805e-01
7.090640068054199219e-01
7.090626955032348633e-01
7.090614438056945801e-01
7.090601921081542969e-01
7.090591192245483398e-01
7.090581059455871582e-01
7.090571522712707520e-01
7.090561985969543457e-01
7.090554237365722656e-01
7.090546488761901855e-01
7.090538740158081055e-01
7.090532779693603516e-01
7.090526819229125977e-01
7.090520858764648438e-01
7.090515494346618652e-01
7.090511918067932129e-01
7.090548872947692871e-01
7.091748714447021484e-01
7.090668082237243652e-01
7.090988755226135254e-01
7.092374563217163086e-01
7.091494202613830566e-01
7.091740965843200684e-01
7.092251181602478027e-01
7.092238664627075195e-01
7.092618346214294434e-01
7.092823982238769531e-01
7.093016505241394043e-01
7.093284130096435547e-01
7.093237638473510742e-01
7.093271613121032715e-01
7.093328833580017090e-01
7.093355059623718262e-01
7.093353867530822754e-01
7.093306779861450195e-01
7.093302607536315918e-01
7.093269228935241699e-01
7.093210220336914062e-01
7.093178033828735352e-01
7.093150019645690918e-01
7.093108892440795898e-01
7.093048691749572754e-01
7.092984318733215332e-01
7.092909216880798340e-01
7.092832326889038086e-01
7.092758417129516602e-01
7.092679738998413086e-01
7.092602849006652832e-01
7.092531919479370117e-01
7.092454433441162109e-01
7.092382907867431641e-01
7.092322111129760742e-01
7.092261314392089844e-01
7.092205882072448730e-01
7.092154622077941895e-01
7.092104554176330566e-01
7.092054486274719238e-01
7.092007994651794434e-01
7.091962099075317383e-01
7.091919183731079102e-01
7.091878056526184082e-01
7.091838121414184570e-01
7.091799378395080566e-01
7.091762423515319824e-01
7.091730237007141113e-01
7.091698050498962402e-01
7.091670036315917969e-01
7.091643214225769043e-01
7.091617584228515625e-01
7.091594934463500977e-01
7.091571688652038574e-01
7.091551423072814941e-01
7.091531753540039062e-01
7.091512680053710938e-01
7.091493606567382812e-01
7.091475725173950195e-01
7.091459035873413086e-01
7.091442942619323730e-01
7.091426849365234375e-01
7.091412544250488281e-01
7.091398239135742188e-01
7.091384530067443848e-01
7.091371417045593262e-01
