4.776363372802734375e+01
4.713119506835937500e+01
4.632356643676757812e+01
4.544708633422851562e+01
4.443224334716796875e+01
4.344667434692382812e+01
4.242716217041015625e+01
4.141140365600585938e+01
4.031859970092773438e+01
3.910954666137695312e+01
3.773698043823242188e+01
3.566210937500000000e+01
3.397190475463867188e+01
3.235805130004882812e+01
3.099830818176269531e+01
2.972463989257812500e+01
2.851743125915527344e+01
2.726066398620605469e+01
2.600401496887207031e+01
2.437612533569335938e+01
2.332074546813964844e+01
2.236414909362792969e+01
2.134168434143066406e+01
2.030006408691406250e+01
1.945400047302246094e+01
1.864118385314941406e+01
1.814854240417480469e+01
1.774818038940429688e+01
1.743192291259765625e+01
1.719015312194824219e+01
1.701288414001464844e+01
1.689039421081542969e+01
1.681330490112304688e+01
1.677232170104980469e+01
1.676044464111328125e+01
1.677621078491210938e+01
1.681742477416992188e+01
1.688444519042968750e+01
1.695229721069335938e+01
1.699224281311035156e+01
1.701167106628417969e+01
1.703120422363281250e+01
1.705884742736816406e+01
1.709204864501953125e+01
1.712404251098632812e+01
1.714723205566406250e+01
1.715847587585449219e+01
1.716094589233398438e+01
1.716003799438476562e+01
1.715916061401367188e+01
1.715887260437011719e+01
1.715782546997070312e+01
1.715406990051269531e+01
1.714655876159667969e+01
1.713598823547363281e+01
1.712423706054687500e+01
1.711307144165039062e+01
1.710331344604492188e+01
1.709480476379394531e+01
1.708678436279296875e+01
1.707850646972656250e+01
1.706972885131835938e+01
1.706083869934082031e+01
1.705249595642089844e+01
1.704520606994628906e+01
1.703907775878906250e+01
1.703386878967285156e+01
1.702916717529296875e+01
1.702466773986816406e+01
1.702027511596679688e+01
1.701610946655273438e+01
1.701234626770019531e+01
1.700908279418945312e+01
1.700626564025878906e+01
1.700370788574218750e+01
1.700119209289550781e+01
1.699864768981933594e+01
1.699597740173339844e+01
1.699287033081054688e+01
1.698973083496093750e+01
1.698679161071777344e+01
1.698384094238281250e+01
1.698079109191894531e+01
1.697758674621582031e+01
1.697419929504394531e+01
1.697061729431152344e+01
1.696682929992675781e+01
1.696277618408203125e+01
1.695708084106445312e+01
1.695115089416503906e+01
1.694690322875976562e+01
1.694275474548339844e+01
1.693503379821777344e+01
1.691904830932617188e+01
1.689412498474121094e+01
1.686527633666992188e+01
1.683545875549316406e+01
1.680243301391601562e+01
1.675950622558593750e+01
1.670296859741210938e+01
1.663614463806152344e+01
1.656047821044921875e+01
1.640207290649414062e+01
1.629954910278320312e+01
1.617481040954589844e+01
1.604086112976074219e+01
1.586070537567138672e+01
1.570527744293212891e+01
1.577927112579345703e+01
1.561415386199951172e+01
1.520918941497802734e+01
1.490581321716308594e+01
1.476552104949951172e+01
1.483347320556640625e+01
1.493999481201171875e+01
1.514217185974121094e+01
1.526114749908447266e+01
1.529007530212402344e+01
1.527191925048828125e+01
1.529294967651367188e+01
1.530092906951904297e+01
1.515280342102050781e+01
1.516946315765380859e+01
1.521171855926513672e+01
1.526058578491210938e+01
1.534315013885498047e+01
1.525278759002685547e+01
1.521290397644042969e+01
1.518572807312011719e+01
1.517186737060546875e+01
1.517940807342529297e+01
1.510352420806884766e+01
1.507201862335205078e+01
1.505817794799804688e+01
1.505368518829345703e+01
1.505050659179687500e+01
1.504445934295654297e+01
1.503177738189697266e+01
1.502023887634277344e+01
1.501297473907470703e+01
1.501069736480712891e+01
1.501508522033691406e+01
1.502542209625244141e+01
1.503859329223632812e+01
1.505319881439208984e+01
1.506818294525146484e+01
1.508280944824218750e+01
1.509646892547607422e+01
1.510828304290771484e+01
1.511957550048828125e+01
1.513089179992675781e+01
1.514177417755126953e+01
1.515353584289550781e+01
1.516579246520996094e+01
1.517698097229003906e+01
1.518785858154296875e+01
1.519770908355712891e+01
1.520529937744140625e+01
1.521236705780029297e+01
1.521864414215087891e+01
1.522277450561523438e+01
1.522704505920410156e+01
1.523164653778076172e+01
1.523516368865966797e+01
1.523929977416992188e+01
1.524354839324951172e+01
1.524648571014404297e+01
1.525019931793212891e+01
1.525427818298339844e+01
1.525682735443115234e+01
1.525854873657226562e+01
1.526222038269042969e+01
1.526898956298828125e+01
1.527508449554443359e+01
1.527754020690917969e+01
1.527718353271484375e+01
1.527628803253173828e+01
1.527896595001220703e+01
1.528674316406250000e+01
1.529506015777587891e+01
1.530016708374023438e+01
1.530178546905517578e+01
1.530122184753417969e+01
1.530278396606445312e+01
1.530858516693115234e+01
1.531418037414550781e+01
1.531588745117187500e+01
1.531431484222412109e+01
1.531165790557861328e+01
1.531257152557373047e+01
1.531702518463134766e+01
1.532127761840820312e+01
1.532658863067626953e+01
1.533135509490966797e+01
1.533237457275390625e+01
1.533044624328613281e+01
1.532800960540771484e+01
1.532982349395751953e+01
1.533706474304199219e+01
1.534334182739257812e+01
1.534415245056152344e+01
1.534071254730224609e+01
1.533639717102050781e+01
1.533488655090332031e+01
1.534023284912109375e+01
1.535134410858154297e+01
1.536040306091308594e+01
1.536270141601562500e+01
1.535898017883300781e+01
1.535192489624023438e+01
1.534593582153320312e+01
1.534720897674560547e+01
1.535623645782470703e+01
1.536433410644531250e+01
1.536565113067626953e+01
1.536057662963867188e+01
1.535253047943115234e+01
1.534650611877441406e+01
1.534838199615478516e+01
1.535534381866455078e+01
1.536051368713378906e+01
1.536251831054687500e+01
1.536470127105712891e+01
1.536664772033691406e+01
1.536503791809082031e+01
1.536102676391601562e+01
1.535805988311767578e+01
1.536121749877929688e+01
1.536750698089599609e+01
1.537078666687011719e+01
1.537075233459472656e+01
1.537166690826416016e+01
1.537288188934326172e+01
1.537165832519531250e+01
1.536903285980224609e+01
1.536312484741210938e+01
1.536017894744873047e+01
1.536806964874267578e+01
1.537995147705078125e+01
1.538675975799560547e+01
1.538709354400634766e+01
1.538497161865234375e+01
1.539002513885498047e+01
1.539956378936767578e+01
1.540436458587646484e+01
1.540378379821777344e+01
1.540054798126220703e+01
1.539900016784667969e+01
1.540219783782958984e+01
1.541196727752685547e+01
1.542253208160400391e+01
1.542650604248046875e+01
1.542346858978271484e+01
1.541684722900390625e+01
1.541433048248291016e+01
1.541636276245117188e+01
1.541788959503173828e+01
1.541788959503173828e+01
1.541941261291503906e+01
1.542049598693847656e+01
1.541722202301025391e+01
1.541185665130615234e+01
1.541044235229492188e+01
1.541210174560546875e+01
1.541188907623291016e+01
1.540999221801757812e+01
1.540839195251464844e+01
1.541144275665283203e+01
1.541642475128173828e+01
1.541744709014892578e+01
1.541497421264648438e+01
1.541222572326660156e+01
1.541503047943115234e+01
1.542105293273925781e+01
1.542368125915527344e+01
1.542247772216796875e+01
1.542249011993408203e+01
1.542318248748779297e+01
1.542095184326171875e+01
1.541782188415527344e+01
1.541902160644531250e+01
1.542220592498779297e+01
1.542150688171386719e+01
1.541774654388427734e+01
1.541426563262939453e+01
1.541662120819091797e+01
1.542179965972900391e+01
1.542275619506835938e+01
1.541959667205810547e+01
1.541595458984375000e+01
1.541829490661621094e+01
1.542396259307861328e+01
1.542584133148193359e+01
1.542395687103271484e+01
1.542396736145019531e+01
1.542517471313476562e+01
1.542324638366699219e+01
1.542010307312011719e+01
1.542131137847900391e+01
1.542434597015380859e+01
1.542300415039062500e+01
1.541892147064208984e+01
1.541608047485351562e+01
1.541983604431152344e+01
1.542562484741210938e+01
1.542526435852050781e+01
1.542053890228271484e+01
1.541613769531250000e+01
1.541871833801269531e+01
1.542502975463867188e+01
1.542686843872070312e+01
1.542394351959228516e+01
1.542272472381591797e+01
1.542314910888671875e+01
1.542116832733154297e+01
1.541867828369140625e+01
1.542089366912841797e+01
1.542459201812744141e+01
1.542307662963867188e+01
1.541792869567871094e+01
1.541637992858886719e+01
1.541788101196289062e+01
1.541719245910644531e+01
1.541525936126708984e+01
1.541475009918212891e+01
1.542005443572998047e+01
1.542647075653076172e+01
1.542631912231445312e+01
1.542151355743408203e+01
1.541979026794433594e+01
1.542103862762451172e+01
1.542075157165527344e+01
1.541948318481445312e+01
1.542194080352783203e+01
1.542488670349121094e+01
1.542202472686767578e+01
1.541615867614746094e+01
1.541526126861572266e+01
1.541809082031250000e+01
1.541807174682617188e+01
1.541563606262207031e+01
1.541386890411376953e+01
1.542512702941894531e+01
1.543439579010009766e+01
1.541837596893310547e+01
1.539746856689453125e+01
1.540433883666992188e+01
1.542833900451660156e+01
1.543421936035156250e+01
1.541893196105957031e+01
1.540192317962646484e+01
1.539842510223388672e+01
1.540376377105712891e+01
1.540791797637939453e+01
1.540788555145263672e+01
1.540592956542968750e+01
1.541057777404785156e+01
1.543559837341308594e+01
1.546704673767089844e+01
1.547845077514648438e+01
1.547524261474609375e+01
1.548194122314453125e+01
1.551319789886474609e+01
1.556732749938964844e+01
1.562403583526611328e+01
1.563303470611572266e+01
1.560125732421875000e+01
1.557953643798828125e+01
1.557479476928710938e+01
1.557336044311523438e+01
1.557675075531005859e+01
1.558946609497070312e+01
1.560640811920166016e+01
1.561017322540283203e+01
1.559695529937744141e+01
1.558028316497802734e+01
1.557124805450439453e+01
1.557465362548828125e+01
1.558754062652587891e+01
1.560010528564453125e+01
1.560704517364501953e+01
1.560379505157470703e+01
1.559095287322998047e+01
1.558165740966796875e+01
1.558625602722167969e+01
1.560491275787353516e+01
1.561922740936279297e+01
1.561419296264648438e+01
1.559798812866210938e+01
1.558988761901855469e+01
1.559286022186279297e+01
1.559752464294433594e+01
1.559916687011718750e+01
1.559801769256591797e+01
1.560002231597900391e+01
1.560197162628173828e+01
1.559713935852050781e+01
1.558996391296386719e+01
1.558736705780029297e+01
1.559144496917724609e+01
1.560182571411132812e+01
1.560767841339111328e+01
1.559958648681640625e+01
1.558675384521484375e+01
1.558220767974853516e+01
1.559176349639892578e+01
1.560401725769042969e+01
1.560217285156250000e+01
1.559002304077148438e+01
1.558209514617919922e+01
1.559603786468505859e+01
1.560455417633056641e+01
1.558297061920166016e+01
1.555522918701171875e+01
1.557070446014404297e+01
1.557213211059570312e+01
1.560695648193359375e+01
1.560080623626708984e+01
1.557155418395996094e+01
1.555767440795898438e+01
1.557063102722167969e+01
1.559814262390136719e+01
1.561887931823730469e+01
1.562300395965576172e+01
1.561833286285400391e+01
1.562361812591552734e+01
1.566073799133300781e+01
1.568720340728759766e+01
1.566350078582763672e+01
1.562861347198486328e+01
1.561203479766845703e+01
1.561397457122802734e+01
1.562251567840576172e+01
1.561990261077880859e+01
1.561026859283447266e+01
1.560447406768798828e+01
1.560567951202392578e+01
1.560806274414062500e+01
1.560035514831542969e+01
1.558627796173095703e+01
1.557827377319335938e+01
1.558502674102783203e+01
1.559775638580322266e+01
1.559876918792724609e+01
1.558941268920898438e+01
1.558244228363037109e+01
1.558482551574707031e+01
1.559744358062744141e+01
1.560567378997802734e+01
1.559663772583007812e+01
1.558272552490234375e+01
1.558008575439453125e+01
1.558970737457275391e+01
1.560660076141357422e+01
1.561278057098388672e+01
1.559856986999511719e+01
1.558085632324218750e+01
1.557707118988037109e+01
1.558705902099609375e+01
1.560098457336425781e+01
1.560855102539062500e+01
1.560365390777587891e+01
1.558786582946777344e+01
1.557839870452880859e+01
1.558095932006835938e+01
1.559205913543701172e+01
1.560213470458984375e+01
1.559885406494140625e+01
1.558041477203369141e+01
1.556616115570068359e+01
1.556599235534667969e+01
1.557707691192626953e+01
1.559031486511230469e+01
1.559000873565673828e+01
1.557206535339355469e+01
1.555688667297363281e+01
1.555690670013427734e+01
1.557287788391113281e+01
1.558750057220458984e+01
1.558096790313720703e+01
1.556431102752685547e+01
1.555833911895751953e+01
1.557363891601562500e+01
1.559169578552246094e+01
1.557207298278808594e+01
1.555172061920166016e+01
1.555730247497558594e+01
1.558411121368408203e+01
1.558448028564453125e+01
1.555767059326171875e+01
1.553984737396240234e+01
1.554274368286132812e+01
1.555513858795166016e+01
1.555631542205810547e+01
1.554811477661132812e+01
1.554472732543945312e+01
1.555304050445556641e+01
1.556386566162109375e+01
1.555521106719970703e+01
1.553802490234375000e+01
1.553551387786865234e+01
1.555096721649169922e+01
1.557394599914550781e+01
1.557872867584228516e+01
1.556662559509277344e+01
1.555656242370605469e+01
1.555952358245849609e+01
1.557015609741210938e+01
1.557122135162353516e+01
1.556066703796386719e+01
1.555174732208251953e+01
1.555284309387207031e+01
1.555908012390136719e+01
1.555634784698486328e+01
1.554577064514160156e+01
1.553898429870605469e+01
1.554117584228515625e+01
1.555173683166503906e+01
1.555815887451171875e+01
1.554933166503906250e+01
1.553746414184570312e+01
1.553607749938964844e+01
1.554473400115966797e+01
1.555835914611816406e+01
1.556101894378662109e+01
1.554651737213134766e+01
1.553339290618896484e+01
1.553387069702148438e+01
1.554772758483886719e+01
1.556033611297607422e+01
1.555294513702392578e+01
1.553751182556152344e+01
1.553299045562744141e+01
1.554467487335205078e+01
1.555676746368408203e+01
1.553660202026367188e+01
1.552507495880126953e+01
1.553520011901855469e+01
1.556460380554199219e+01
1.556350421905517578e+01
1.553561592102050781e+01
1.552432346343994141e+01
1.553176879882812500e+01
1.554817008972167969e+01
1.554585742950439453e+01
1.553140830993652344e+01
1.552658557891845703e+01
1.553535747528076172e+01
1.555008697509765625e+01
1.554953384399414062e+01
1.553702831268310547e+01
1.553124141693115234e+01
1.553724384307861328e+01
1.555091857910156250e+01
1.555938434600830078e+01
1.555908298492431641e+01
1.555182933807373047e+01
1.554388046264648438e+01
1.554419898986816406e+01
1.555238914489746094e+01
1.556186771392822266e+01
1.556605625152587891e+01
1.556037425994873047e+01
1.554832553863525391e+01
1.554358577728271484e+01
1.554835605621337891e+01
1.555799388885498047e+01
1.556454849243164062e+01
1.555975723266601562e+01
1.554649734497070312e+01
1.554108428955078125e+01
1.554596710205078125e+01
1.555673885345458984e+01
1.556402111053466797e+01
1.555880451202392578e+01
1.554553413391113281e+01
1.554138183593750000e+01
1.554651355743408203e+01
1.555616378784179688e+01
1.555731010437011719e+01
1.555211448669433594e+01
1.554552745819091797e+01
1.554142475128173828e+01
1.554416084289550781e+01
1.555193710327148438e+01
1.555740642547607422e+01
1.555849742889404297e+01
1.555356884002685547e+01
1.554543685913085938e+01
1.554445457458496094e+01
1.555123424530029297e+01
1.556011676788330078e+01
1.556958580017089844e+01
1.556293201446533203e+01
1.554102325439453125e+01
1.553943347930908203e+01
1.555453586578369141e+01
1.558145999908447266e+01
1.557781791687011719e+01
1.555125045776367188e+01
1.553812408447265625e+01
1.554200649261474609e+01
1.556013011932373047e+01
1.557092475891113281e+01
1.556215763092041016e+01
1.555219173431396484e+01
1.555075550079345703e+01
1.555356693267822266e+01
1.555754566192626953e+01
1.555968284606933594e+01
1.555866050720214844e+01
1.555921459197998047e+01
1.555851936340332031e+01
1.555260181427001953e+01
1.554981613159179688e+01
1.555261421203613281e+01
1.555789089202880859e+01
1.555790901184082031e+01
1.555218887329101562e+01
1.555135822296142578e+01
1.555372428894042969e+01
1.555222606658935547e+01
1.555115222930908203e+01
1.555342674255371094e+01
1.555715465545654297e+01
1.555769348144531250e+01
1.555835628509521484e+01
1.555667400360107422e+01
1.555134391784667969e+01
1.555058670043945312e+01
1.555562400817871094e+01
1.556174659729003906e+01
1.556450080871582031e+01
1.555894088745117188e+01
1.554987525939941406e+01
1.554957103729248047e+01
1.555726909637451172e+01
1.556579589843750000e+01
1.556348609924316406e+01
1.555517387390136719e+01
1.555274200439453125e+01
1.555827140808105469e+01
1.556954193115234375e+01
1.557032394409179688e+01
1.555641269683837891e+01
1.555037593841552734e+01
1.555493927001953125e+01
1.557239818572998047e+01
1.557739925384521484e+01
1.555920886993408203e+01
1.554758644104003906e+01
1.554856777191162109e+01
1.556075477600097656e+01
1.556810188293457031e+01
1.556031799316406250e+01
1.555402660369873047e+01
1.555375671386718750e+01
1.555347919464111328e+01
1.555358409881591797e+01
1.555577278137207031e+01
1.555876445770263672e+01
1.556313228607177734e+01
1.556178951263427734e+01
1.555255413055419922e+01
1.554875373840332031e+01
1.555238342285156250e+01
1.556077194213867188e+01
1.556255435943603516e+01
1.556021881103515625e+01
1.555547142028808594e+01
1.554955196380615234e+01
1.554851627349853516e+01
1.555349826812744141e+01
1.556040287017822266e+01
1.556443881988525391e+01
1.555978679656982422e+01
1.554986286163330078e+01
1.554725551605224609e+01
1.555212497711181641e+01
1.556088161468505859e+01
1.556196498870849609e+01
1.555961990356445312e+01
1.555615615844726562e+01
1.555146121978759766e+01
1.555028152465820312e+01
1.555336284637451172e+01
1.572876071929931641e+01
1.593501472473144531e+01
1.589972019195556641e+01
1.591725826263427734e+01
1.590841960906982422e+01
1.577782535552978516e+01
1.578131580352783203e+01
1.655718231201171875e+01
1.690667152404785156e+01
1.677048683166503906e+01
1.602306938171386719e+01
1.567132949829101562e+01
1.567942619323730469e+01
1.598211383819580078e+01
1.702359962463378906e+01
1.737605094909667969e+01
1.790242767333984375e+01
1.793186187744140625e+01
1.847284507751464844e+01
1.842318153381347656e+01
1.793482017517089844e+01
1.763953018188476562e+01
1.724320793151855469e+01
1.691451454162597656e+01
1.658851814270019531e+01
1.622771835327148438e+01
1.586099433898925781e+01
1.562315750122070312e+01
1.549134922027587891e+01
1.541806793212890625e+01
1.540175533294677734e+01
1.542540168762207031e+01
1.546849155426025391e+01
1.553077507019042969e+01
1.560893249511718750e+01
1.569787216186523438e+01
1.579181766510009766e+01
1.588244533538818359e+01
1.596246814727783203e+01
1.602843666076660156e+01
1.607841491699218750e+01
1.611183547973632812e+01
1.612965583801269531e+01
1.623120689392089844e+01
1.626103210449218750e+01
1.623823165893554688e+01
1.620718002319335938e+01
1.617094802856445312e+01
1.613216209411621094e+01
1.609296226501464844e+01
1.605551338195800781e+01
1.626971817016601562e+01
1.597941207885742188e+01
1.594513797760009766e+01
1.591527366638183594e+01
1.574645042419433594e+01
1.572706413269042969e+01
1.571572685241699219e+01
1.571424961090087891e+01
1.572081375122070312e+01
1.573286724090576172e+01
1.574644851684570312e+01
1.575487041473388672e+01
1.575500488281250000e+01
1.576863574981689453e+01
1.579196548461914062e+01
1.581465339660644531e+01
1.583504295349121094e+01
1.585258293151855469e+01
1.586685276031494141e+01
1.587766265869140625e+01
1.588512706756591797e+01
1.588904476165771484e+01
1.591049289703369141e+01
1.595854759216308594e+01
1.586632156372070312e+01
1.585642623901367188e+01
1.585479831695556641e+01
1.586095809936523438e+01
1.587111949920654297e+01
1.588041496276855469e+01
1.588764667510986328e+01
1.589417457580566406e+01
1.590085601806640625e+01
1.590755748748779297e+01
1.591373062133789062e+01
1.591903018951416016e+01
1.592312908172607422e+01
1.592572021484375000e+01
1.592657375335693359e+01
1.592550182342529297e+01
1.592246437072753906e+01
1.591763305664062500e+01
1.591137599945068359e+01
1.590428638458251953e+01
1.589701843261718750e+01
1.589031314849853516e+01
1.588475894927978516e+01
1.588058757781982422e+01
1.587769317626953125e+01
1.587572574615478516e+01
1.587433147430419922e+01
1.587321949005126953e+01
1.587220287322998047e+01
1.587143993377685547e+01
1.587105751037597656e+01
1.587091732025146484e+01
1.587060165405273438e+01
1.586972522735595703e+01
1.586846828460693359e+01
1.586742496490478516e+01
1.586698436737060547e+01
1.586680221557617188e+01
1.586643218994140625e+01
1.586583518981933594e+01
1.586504173278808594e+01
1.586439895629882812e+01
1.586397075653076172e+01
1.586304283142089844e+01
1.586105632781982422e+01
1.585825443267822266e+01
1.585533905029296875e+01
1.585220909118652344e+01
1.584825134277343750e+01
1.584344482421875000e+01
1.583740806579589844e+01
1.582885074615478516e+01
1.581633377075195312e+01
1.579815196990966797e+01
1.577110099792480469e+01
1.573018360137939453e+01
1.567504119873046875e+01
1.562167358398437500e+01
1.558648395538330078e+01
1.558368396759033203e+01
1.558974742889404297e+01
1.559683609008789062e+01
1.560450077056884766e+01
1.561259269714355469e+01
1.562118053436279297e+01
1.563002109527587891e+01
1.563865089416503906e+01
1.564692497253417969e+01
1.565562820434570312e+01
1.566389942169189453e+01
1.567069053649902344e+01
1.567626094818115234e+01
1.568061828613281250e+01
1.568473052978515625e+01
1.568966865539550781e+01
1.569515228271484375e+01
1.570057010650634766e+01
1.570622730255126953e+01
1.571235942840576172e+01
1.571960067749023438e+01
1.572937202453613281e+01
1.574305629730224609e+01
1.576012039184570312e+01
1.577757072448730469e+01
1.579310798645019531e+01
1.580681133270263672e+01
1.581824588775634766e+01
1.582694339752197266e+01
1.583426284790039062e+01
1.584121513366699219e+01
1.584702968597412109e+01
1.585073661804199219e+01
1.585246944427490234e+01
1.585305023193359375e+01
1.585352993011474609e+01
1.585365581512451172e+01
1.585266208648681641e+01
1.585109806060791016e+01
1.585041618347167969e+01
1.585059261322021484e+01
1.585050582885742188e+01
1.585061550140380859e+01
1.585031127929687500e+01
1.584957981109619141e+01
1.584991741180419922e+01
1.585134601593017578e+01
1.585317134857177734e+01
1.585568809509277344e+01
1.585853004455566406e+01
1.586101436614990234e+01
1.586373233795166016e+01
1.586636734008789062e+01
1.586843776702880859e+01
1.587049961090087891e+01
1.587329196929931641e+01
1.587612342834472656e+01
1.587775135040283203e+01
1.587857437133789062e+01
1.588020801544189453e+01
1.588268566131591797e+01
1.588456821441650391e+01
1.588583660125732422e+01
1.588676643371582031e+01
1.588746356964111328e+01
1.588891029357910156e+01
1.589035511016845703e+01
1.589074230194091797e+01
1.589068412780761719e+01
1.589143943786621094e+01
1.589262294769287109e+01
1.589299106597900391e+01
1.589279174804687500e+01
1.589335060119628906e+01
1.589461135864257812e+01
1.589537906646728516e+01
1.589585494995117188e+01
1.589625740051269531e+01
1.589660358428955078e+01
1.589765739440917969e+01
1.589874839782714844e+01
1.589900207519531250e+01
1.589900207519531250e+01
1.589984893798828125e+01
1.590109348297119141e+01
1.590152168273925781e+01
1.590137863159179688e+01
1.590198802947998047e+01
1.590304565429687500e+01
1.590325927734375000e+01
1.590280818939208984e+01
1.590321636199951172e+01
1.590530681610107422e+01
1.590842056274414062e+01
1.591094207763671875e+01
1.591207027435302734e+01
1.591248416900634766e+01
1.591343212127685547e+01
1.591428852081298828e+01
1.591380214691162109e+01
1.591261100769042969e+01
1.591219615936279297e+01
1.591229438781738281e+01
1.591172695159912109e+01
1.591084003448486328e+01
1.591007995605468750e+01
1.590946769714355469e+01
1.590978336334228516e+01
1.591021728515625000e+01
1.590970897674560547e+01
1.590902042388916016e+01
1.590943336486816406e+01
1.591040802001953125e+01
1.591063594818115234e+01
1.591038227081298828e+01
1.591094207763671875e+01
1.591223049163818359e+01
1.591310405731201172e+01
1.591367435455322266e+01
1.591403388977050781e+01
1.591427516937255859e+01
1.591506290435791016e+01
1.591583824157714844e+01
1.591579055786132812e+01
1.591548824310302734e+01
1.591582775115966797e+01
1.591693115234375000e+01
1.591810607910156250e+01
1.591872215270996094e+01
1.591890621185302734e+01
1.591923427581787109e+01
1.591994762420654297e+01
1.592075538635253906e+01
1.592125225067138672e+01
1.592139816284179688e+01
1.592149734497070312e+01
1.592152118682861328e+01
1.592117977142333984e+01
1.592054080963134766e+01
1.592018699645996094e+01
1.592082786560058594e+01
1.592153549194335938e+01
1.592110729217529297e+01
1.592037582397460938e+01
1.592073822021484375e+01
1.592151737213134766e+01
1.592147731781005859e+01
1.592131423950195312e+01
1.592133331298828125e+01
1.592134189605712891e+01
1.592206668853759766e+01
1.592278003692626953e+01
1.592249774932861328e+01
1.592196273803710938e+01
1.592230033874511719e+01
1.592293071746826172e+01
1.592273616790771484e+01
1.592224597930908203e+01
1.592199420928955078e+01
1.592200088500976562e+01
1.592261886596679688e+01
1.592374706268310547e+01
1.592441463470458984e+01
1.592390632629394531e+01
1.592311954498291016e+01
1.592348098754882812e+01
1.592468929290771484e+01
1.592532444000244141e+01
1.592531013488769531e+01
1.592549800872802734e+01
1.592616462707519531e+01
1.592659950256347656e+01
1.592696475982666016e+01
1.592753219604492188e+01
1.592803001403808594e+01
1.592786693572998047e+01
1.592746353149414062e+01
1.592742156982421875e+01
1.592764663696289062e+01
1.592748069763183594e+01
