3.059197902679443359e+00
2.933963298797607422e+00
2.815860509872436523e+00
2.705287933349609375e+00
2.601050853729248047e+00
2.502080917358398438e+00
2.407916784286499023e+00
2.318512439727783203e+00
2.234032869338989258e+00
2.154748678207397461e+00
2.080947875976562500e+00
2.012912034988403320e+00
1.950867295265197754e+00
1.894930601119995117e+00
1.845067739486694336e+00
1.801156997680664062e+00
1.762996196746826172e+00
1.730322241783142090e+00
1.702814579010009766e+00
1.680026054382324219e+00
1.661467909812927246e+00
1.646666288375854492e+00
1.635033011436462402e+00
1.626128077507019043e+00
1.619587779045104980e+00
1.615080595016479492e+00
1.612397074699401855e+00
1.611196875572204590e+00
1.611127853393554688e+00
1.611931800842285156e+00
1.613218784332275391e+00
1.614791393280029297e+00
1.616612434387207031e+00
1.618495345115661621e+00
1.620308399200439453e+00
1.621964573860168457e+00
1.623404145240783691e+00
1.624588370323181152e+00
1.625495195388793945e+00
1.626113295555114746e+00
1.626494288444519043e+00
1.626773476600646973e+00
1.627091765403747559e+00
1.627436161041259766e+00
1.627487301826477051e+00
1.626881241798400879e+00
1.626013636589050293e+00
1.624960660934448242e+00
1.623748540878295898e+00
1.622160911560058594e+00
1.620807051658630371e+00
1.618926882743835449e+00
1.616415381431579590e+00
1.614308476448059082e+00
1.612316012382507324e+00
1.610433340072631836e+00
1.608800768852233887e+00
1.606975913047790527e+00
1.604608535766601562e+00
1.602504014968872070e+00
1.600488305091857910e+00
1.598535776138305664e+00
1.596696734428405762e+00
1.594880580902099609e+00
1.592919230461120605e+00
1.590892910957336426e+00
1.588817119598388672e+00
1.586669445037841797e+00
1.584492802619934082e+00
1.581872820854187012e+00
1.579177975654602051e+00
1.576435685157775879e+00
1.573617577552795410e+00
1.570485591888427734e+00
1.568436980247497559e+00
1.566856503486633301e+00
1.565444827079772949e+00
1.564638257026672363e+00
1.563846826553344727e+00
1.563607811927795410e+00
1.564450263977050781e+00
1.561130881309509277e+00
1.560088396072387695e+00
1.558991909027099609e+00
1.558008790016174316e+00
1.557221651077270508e+00
1.555384993553161621e+00
1.553987979888916016e+00
1.553035259246826172e+00
1.552311658859252930e+00
1.552552342414855957e+00
1.548874974250793457e+00
1.547682404518127441e+00
1.546509385108947754e+00
1.545591473579406738e+00
1.544983863830566406e+00
1.544856905937194824e+00
1.544657230377197266e+00
1.543870806694030762e+00
1.543633580207824707e+00
1.543432950973510742e+00
1.544096827507019043e+00
1.543080449104309082e+00
1.543057441711425781e+00
1.543313026428222656e+00
1.543344140052795410e+00
1.542575597763061523e+00
1.541598081588745117e+00
1.540801882743835449e+00
1.540191888809204102e+00
1.539740681648254395e+00
1.540915131568908691e+00
1.537949681282043457e+00
1.537532329559326172e+00
1.537480354309082031e+00
1.537730336189270020e+00
1.538237452507019043e+00
1.538937568664550781e+00
1.539753317832946777e+00
1.540606856346130371e+00
1.541424870491027832e+00
1.542202949523925781e+00
1.542797803878784180e+00
1.543176412582397461e+00
1.543329596519470215e+00
1.543272733688354492e+00
1.543088912963867188e+00
1.543155312538146973e+00
1.542416810989379883e+00
1.541727423667907715e+00
1.541110754013061523e+00
1.540465116500854492e+00
1.539819478988647461e+00
1.539209246635437012e+00
1.538612604141235352e+00
1.538075804710388184e+00
1.537605047225952148e+00
1.537163853645324707e+00
1.536791324615478516e+00
1.536474585533142090e+00
1.536208868026733398e+00
1.535979628562927246e+00
1.535791993141174316e+00
1.535640120506286621e+00
1.535517334938049316e+00
1.535434961318969727e+00
1.535336256027221680e+00
1.535253047943115234e+00
1.535190105438232422e+00
1.535138726234436035e+00
1.535160303115844727e+00
1.535064935684204102e+00
1.535046219825744629e+00
1.535045623779296875e+00
1.535054445266723633e+00
1.535082340240478516e+00
1.535116434097290039e+00
1.535162091255187988e+00
1.535213589668273926e+00
1.535265564918518066e+00
1.535324215888977051e+00
1.535346746444702148e+00
1.535357713699340820e+00
1.535359978675842285e+00
1.535348653793334961e+00
1.535528779029846191e+00
1.535288095474243164e+00
1.535251498222351074e+00
1.535247325897216797e+00
1.535221099853515625e+00
1.535183191299438477e+00
1.535181283950805664e+00
1.535188913345336914e+00
1.535200476646423340e+00
1.535225391387939453e+00
1.535209059715270996e+00
1.535183310508728027e+00
1.535148739814758301e+00
1.535099506378173828e+00
1.535034179687500000e+00
1.534952163696289062e+00
1.534854412078857422e+00
1.534766674041748047e+00
1.534629583358764648e+00
1.534467220306396484e+00
1.534420371055603027e+00
1.534175872802734375e+00
1.534042716026306152e+00
1.533927917480468750e+00
1.533845782279968262e+00
1.533756017684936523e+00
1.533702135086059570e+00
1.533653616905212402e+00
1.533623814582824707e+00
1.533603906631469727e+00
1.533588290214538574e+00
1.533574700355529785e+00
1.533540129661560059e+00
1.533501625061035156e+00
1.533454179763793945e+00
1.533386349678039551e+00
1.533308386802673340e+00
1.533259034156799316e+00
1.533123493194580078e+00
1.533045411109924316e+00
1.532925367355346680e+00
1.532839417457580566e+00
1.532782316207885742e+00
1.532703518867492676e+00
1.532647728919982910e+00
1.532595276832580566e+00
1.532537221908569336e+00
1.532505869865417480e+00
1.532443523406982422e+00
1.532658100128173828e+00
1.533224940299987793e+00
1.533402204513549805e+00
1.532300829887390137e+00
1.530886650085449219e+00
1.529873847961425781e+00
1.529228091239929199e+00
1.528880596160888672e+00
1.528847217559814453e+00
1.529006123542785645e+00
1.528982043266296387e+00
1.528183579444885254e+00
1.527353882789611816e+00
1.526891589164733887e+00
1.526759386062622070e+00
1.526877045631408691e+00
1.526994347572326660e+00
1.526841640472412109e+00
1.526035547256469727e+00
1.525529623031616211e+00
1.525332093238830566e+00
1.525406718254089355e+00
1.525091767311096191e+00
1.524792909622192383e+00
1.524460315704345703e+00
1.524106502532958984e+00
1.523807168006896973e+00
1.523067831993103027e+00
1.522726893424987793e+00
1.522648572921752930e+00
1.522530555725097656e+00
1.522225975990295410e+00
1.520817995071411133e+00
1.520103693008422852e+00
1.519762158393859863e+00
1.519721150398254395e+00
1.519559741020202637e+00
1.518823266029357910e+00
1.517811775207519531e+00
1.517034053802490234e+00
1.516604661941528320e+00
1.516316652297973633e+00
1.515570402145385742e+00
1.515259265899658203e+00
1.515209913253784180e+00
1.519878268241882324e+00
1.516100525856018066e+00
1.514512658119201660e+00
1.513905644416809082e+00
1.514145374298095703e+00
1.515034794807434082e+00
1.515423774719238281e+00
1.514597415924072266e+00
1.513591766357421875e+00
1.513155341148376465e+00
1.513216018676757812e+00
1.513407111167907715e+00
1.513119220733642578e+00
1.512360811233520508e+00
1.511690139770507812e+00
1.511304140090942383e+00
1.511091232299804688e+00
1.510770678520202637e+00
1.510174632072448730e+00
1.509522080421447754e+00
1.509017586708068848e+00
1.508654952049255371e+00
1.508298397064208984e+00
1.507815361022949219e+00
1.507279157638549805e+00
1.506827950477600098e+00
1.506484866142272949e+00
1.506175041198730469e+00
1.505810379981994629e+00
1.505414128303527832e+00
1.505068898200988770e+00
1.504796862602233887e+00
1.504553675651550293e+00
1.504284977912902832e+00
1.503997802734375000e+00
1.503738284111022949e+00
1.503521323204040527e+00
1.503320455551147461e+00
1.503103852272033691e+00
1.502875089645385742e+00
1.502660274505615234e+00
1.502466797828674316e+00
1.502278685569763184e+00
1.502055406570434570e+00
1.501825690269470215e+00
1.501793026924133301e+00
1.501468658447265625e+00
1.501361727714538574e+00
1.501257777214050293e+00
1.501107811927795410e+00
1.500938177108764648e+00
1.500768184661865234e+00
1.500606894493103027e+00
1.500440478324890137e+00
1.500255823135375977e+00
1.500057697296142578e+00
1.499857902526855469e+00
1.499656915664672852e+00
1.499445557594299316e+00
1.499222397804260254e+00
1.498994231224060059e+00
1.498767495155334473e+00
1.498539924621582031e+00
1.498308420181274414e+00
1.498076200485229492e+00
1.497848987579345703e+00
1.497628808021545410e+00
1.497414469718933105e+00
1.497205853462219238e+00
1.497004985809326172e+00
1.496814727783203125e+00
1.496633172035217285e+00
1.496659636497497559e+00
1.496247768402099609e+00
1.496185541152954102e+00
1.496178030967712402e+00
1.496000528335571289e+00
1.495799064636230469e+00
1.495722889900207520e+00
1.495692610740661621e+00
1.495591163635253906e+00
1.495504021644592285e+00
1.495429754257202148e+00
1.495336294174194336e+00
1.495217561721801758e+00
1.495097637176513672e+00
1.494981765747070312e+00
1.494855284690856934e+00
1.494714140892028809e+00
1.494571447372436523e+00
1.494432926177978516e+00
1.494292020797729492e+00
1.494147300720214844e+00
1.494137763977050781e+00
1.495521068572998047e+00
1.494812130928039551e+00
1.496731638908386230e+00
1.496775150299072266e+00
1.494594693183898926e+00
1.495385885238647461e+00
1.494747877120971680e+00
1.495696067810058594e+00
1.495125293731689453e+00
1.495038390159606934e+00
1.495010256767272949e+00
1.494857788085937500e+00
1.495067238807678223e+00
1.494469046592712402e+00
1.494330883026123047e+00
1.494236350059509277e+00
1.494155526161193848e+00
1.493647217750549316e+00
1.493398308753967285e+00
1.493338465690612793e+00
1.493160247802734375e+00
1.492758989334106445e+00
1.492562890052795410e+00
1.492534399032592773e+00
1.492347240447998047e+00
1.492106199264526367e+00
1.492032766342163086e+00
1.492186546325683594e+00
1.491828203201293945e+00
1.491813063621520996e+00
1.491872787475585938e+00
1.491732478141784668e+00
1.491673827171325684e+00
1.491707444190979004e+00
1.491648793220520020e+00
1.491571426391601562e+00
1.491555929183959961e+00
1.491522073745727539e+00
1.491453170776367188e+00
1.491407752037048340e+00
1.491363048553466797e+00
1.491293072700500488e+00
1.491228699684143066e+00
1.491169095039367676e+00
1.491093873977661133e+00
1.491019248962402344e+00
1.491020083427429199e+00
1.494292736053466797e+00
1.493471622467041016e+00
1.493902802467346191e+00
1.498030185699462891e+00
1.492156744003295898e+00
1.494849205017089844e+00
1.495443105697631836e+00
1.490204572677612305e+00
1.429056167602539062e+00
1.371277928352355957e+00
1.333211660385131836e+00
1.319113373756408691e+00
1.316562294960021973e+00
1.317203640937805176e+00
1.317803025245666504e+00
1.320061087608337402e+00
1.325652003288269043e+00
1.334028244018554688e+00
1.342813253402709961e+00
1.349011659622192383e+00
1.351199388504028320e+00
1.349539637565612793e+00
1.345110535621643066e+00
1.339460730552673340e+00
1.333930134773254395e+00
1.329295873641967773e+00
1.325919508934020996e+00
1.323948383331298828e+00
1.322594881057739258e+00
1.322447180747985840e+00
1.322910070419311523e+00
1.323845863342285156e+00
1.325128674507141113e+00
1.326386094093322754e+00
1.327483892440795898e+00
1.328239202499389648e+00
1.328567624092102051e+00
1.328507184982299805e+00
1.328071117401123047e+00
1.327420949935913086e+00
1.326648592948913574e+00
1.325849056243896484e+00
1.325120925903320312e+00
1.324507832527160645e+00
1.324045896530151367e+00
1.323732852935791016e+00
1.323556065559387207e+00
1.323500752449035645e+00
1.323514342308044434e+00
1.323579788208007812e+00
1.323658823966979980e+00
1.323727250099182129e+00
1.323758602142333984e+00
1.323836326599121094e+00
1.323704481124877930e+00
1.323630213737487793e+00
1.323447823524475098e+00
1.323291659355163574e+00
1.323157429695129395e+00
1.322955608367919922e+00
1.322791218757629395e+00
1.322626590728759766e+00
1.322476267814636230e+00
1.322332262992858887e+00
1.322183847427368164e+00
1.322033405303955078e+00
1.321890950202941895e+00
1.321753501892089844e+00
1.321600437164306641e+00
1.321452736854553223e+00
1.321296811103820801e+00
1.321139097213745117e+00
1.320978760719299316e+00
1.320821881294250488e+00
1.320659279823303223e+00
1.320507764816284180e+00
1.320355296134948730e+00
1.320882439613342285e+00
1.327503919601440430e+00
1.327153325080871582e+00
1.325350284576416016e+00
1.332911372184753418e+00
1.324408531188964844e+00
1.325736761093139648e+00
1.327761888504028320e+00
1.326458930969238281e+00
1.324160814285278320e+00
1.325635075569152832e+00
1.324920654296875000e+00
1.324157714843750000e+00
1.326124787330627441e+00
1.327388405799865723e+00
1.325630187988281250e+00
1.322924613952636719e+00
1.322797894477844238e+00
1.322973012924194336e+00
1.321605443954467773e+00
1.323058724403381348e+00
1.323390841484069824e+00
1.320725440979003906e+00
1.320479273796081543e+00
1.321363329887390137e+00
1.323854684829711914e+00
1.322491168975830078e+00
1.319899201393127441e+00
1.320934534072875977e+00
1.320428371429443359e+00
1.321443438529968262e+00
1.319733619689941406e+00
1.320036411285400391e+00
1.320156693458557129e+00
1.319840550422668457e+00
1.319962143898010254e+00
1.319567322731018066e+00
1.319486618041992188e+00
1.319059967994689941e+00
1.319057345390319824e+00
1.318674564361572266e+00
1.318534731864929199e+00
1.318349838256835938e+00
1.318106055259704590e+00
1.318014979362487793e+00
1.317797899246215820e+00
1.317657947540283203e+00
1.317537903785705566e+00
1.317355990409851074e+00
1.317235469818115234e+00
1.317097306251525879e+00
1.316945433616638184e+00
1.316828727722167969e+00
1.316692233085632324e+00
1.316564440727233887e+00
1.316461443901062012e+00
1.316345810890197754e+00
1.316245794296264648e+00
1.316164851188659668e+00
1.316080093383789062e+00
1.316010475158691406e+00
1.315953493118286133e+00
1.315897822380065918e+00
1.315848231315612793e+00
1.315802693367004395e+00
1.315758347511291504e+00
1.315713167190551758e+00
1.315666675567626953e+00
1.315619468688964844e+00
1.315569758415222168e+00
1.315517306327819824e+00
1.315463304519653320e+00
1.315407991409301758e+00
1.315351128578186035e+00
1.315293788909912109e+00
1.315236210823059082e+00
1.315179228782653809e+00
1.315122723579406738e+00
1.315066576004028320e+00
1.315011620521545410e+00
1.315025448799133301e+00
1.314913392066955566e+00
1.314886569976806641e+00
1.314856290817260742e+00
1.314853787422180176e+00
1.314862966537475586e+00
1.314888000488281250e+00
1.314916849136352539e+00
1.314941883087158203e+00
1.314946532249450684e+00
1.314939379692077637e+00
1.314907431602478027e+00
1.314851284027099609e+00
1.314776659011840820e+00
1.314678788185119629e+00
1.314567923545837402e+00
1.314449191093444824e+00
1.314325809478759766e+00
1.314207077026367188e+00
1.314095258712768555e+00
1.313993811607360840e+00
1.313907861709594727e+00
1.313833475112915039e+00
1.313776612281799316e+00
1.313730478286743164e+00
1.313697576522827148e+00
1.313673019409179688e+00
1.313654780387878418e+00
1.313641667366027832e+00
1.313628435134887695e+00
1.313618302345275879e+00
1.313606262207031250e+00
1.313595294952392578e+00
1.313580513000488281e+00
1.313564181327819824e+00
1.313546180725097656e+00
1.313526749610900879e+00
1.313514232635498047e+00
1.313510656356811523e+00
1.313531517982482910e+00
1.313626050949096680e+00
1.313737869262695312e+00
1.314216136932373047e+00
1.314170002937316895e+00
1.314868569374084473e+00
1.313764691352844238e+00
1.313772797584533691e+00
1.313353300094604492e+00
1.313704848289489746e+00
1.314615726470947266e+00
1.313671350479125977e+00
1.313411116600036621e+00
1.313522696495056152e+00
1.313393354415893555e+00
1.313456892967224121e+00
1.313363194465637207e+00
1.313347935676574707e+00
1.313308835029602051e+00
1.313232660293579102e+00
1.313259243965148926e+00
1.313199996948242188e+00
1.313488960266113281e+00
1.314072608947753906e+00
1.314119815826416016e+00
1.314922332763671875e+00
1.313003897666931152e+00
1.312970399856567383e+00
1.314138054847717285e+00
1.313161373138427734e+00
1.312952160835266113e+00
1.313134789466857910e+00
1.312950491905212402e+00
1.313002824783325195e+00
1.312919020652770996e+00
1.312883257865905762e+00
1.312831759452819824e+00
1.312776327133178711e+00
1.312691211700439453e+00
1.312659978866577148e+00
1.312563419342041016e+00
1.312607407569885254e+00
1.312635421752929688e+00
1.312767744064331055e+00
1.313264846801757812e+00
1.313084483146667480e+00
1.313684701919555664e+00
1.312624573707580566e+00
1.312280416488647461e+00
1.312532901763916016e+00
1.312743663787841797e+00
1.314330816268920898e+00
1.312400579452514648e+00
1.312433600425720215e+00
1.313756227493286133e+00
1.312674403190612793e+00
1.312462687492370605e+00
1.312607645988464355e+00
1.312469482421875000e+00
1.312526583671569824e+00
1.312473416328430176e+00
1.312443733215332031e+00
1.312453985214233398e+00
1.312362074851989746e+00
1.312511920928955078e+00
1.312602043151855469e+00
1.313044548034667969e+00
1.314161896705627441e+00
1.312681078910827637e+00
1.312656164169311523e+00
1.311990499496459961e+00
1.312213063240051270e+00
1.313295006752014160e+00
1.312225699424743652e+00
1.311995863914489746e+00
1.312388181686401367e+00
1.311957120895385742e+00
1.312096357345581055e+00
1.311909556388854980e+00
1.311879158020019531e+00
1.311849117279052734e+00
1.311900973320007324e+00
1.311859011650085449e+00
1.312128901481628418e+00
1.312347292900085449e+00
1.312573671340942383e+00
1.313055276870727539e+00
1.312016248703002930e+00
1.311626195907592773e+00
1.312031745910644531e+00
1.311655521392822266e+00
1.311651468276977539e+00
1.312068700790405273e+00
1.311583518981933594e+00
1.311624526977539062e+00
1.311536073684692383e+00
1.311563730239868164e+00
1.311574339866638184e+00
1.311908960342407227e+00
1.312226057052612305e+00
1.312661528587341309e+00
1.313411712646484375e+00
1.311756610870361328e+00
1.311485409736633301e+00
1.312250018119812012e+00
1.312550067901611328e+00
1.314306735992431641e+00
1.311713814735412598e+00
1.314737319946289062e+00
1.320195198059082031e+00
1.322514653205871582e+00
1.323019981384277344e+00
1.323165059089660645e+00
1.322144627571105957e+00
1.317361235618591309e+00
1.321393370628356934e+00
1.316422224044799805e+00
1.321603298187255859e+00
1.321953773498535156e+00
1.318188905715942383e+00
1.322170376777648926e+00
1.317164778709411621e+00
1.323989510536193848e+00
1.325928449630737305e+00
1.326017260551452637e+00
1.325373888015747070e+00
1.322985649108886719e+00
1.316642642021179199e+00
1.324185729026794434e+00
1.316272377967834473e+00
1.321708321571350098e+00
1.323154091835021973e+00
1.322618722915649414e+00
1.319887280464172363e+00
1.315491914749145508e+00
1.318210959434509277e+00
1.319731354713439941e+00
1.322013735771179199e+00
1.322122335433959961e+00
1.321339964866638184e+00
1.318333148956298828e+00
1.317946076393127441e+00
1.314747214317321777e+00
1.315423011779785156e+00
1.314261555671691895e+00
1.314765453338623047e+00
1.314262509346008301e+00
1.313508868217468262e+00
1.314305067062377930e+00
1.312924265861511230e+00
1.312613844871520996e+00
1.312359333038330078e+00
1.311623215675354004e+00
1.311881422996520996e+00
1.311033964157104492e+00
1.311354041099548340e+00
1.310613751411437988e+00
1.310658335685729980e+00
1.310284018516540527e+00
1.310338139533996582e+00
1.310210108757019043e+00
1.310389637947082520e+00
1.310310363769531250e+00
1.310391187667846680e+00
1.310529232025146484e+00
1.310626745223999023e+00
1.310680866241455078e+00
1.310743689537048340e+00
1.310849070549011230e+00
1.310819625854492188e+00
1.310832500457763672e+00
1.310846447944641113e+00
1.310823678970336914e+00
1.310800075531005859e+00
1.310773611068725586e+00
1.310745954513549805e+00
1.310710430145263672e+00
1.310669779777526855e+00
1.310629367828369141e+00
1.310592055320739746e+00
1.310549497604370117e+00
1.310515165328979492e+00
1.310484051704406738e+00
1.310458183288574219e+00
1.310439348220825195e+00
1.310421824455261230e+00
1.310407757759094238e+00
1.310395121574401855e+00
1.310380816459655762e+00
1.310366392135620117e+00
1.310348629951477051e+00
1.310330033302307129e+00
1.310310840606689453e+00
1.310290455818176270e+00
1.310271739959716797e+00
1.310254096984863281e+00
1.310238242149353027e+00
1.310224652290344238e+00
1.310212135314941406e+00
1.310201287269592285e+00
1.310190796852111816e+00
1.310180425643920898e+00
1.310169816017150879e+00
1.310158491134643555e+00
1.310146927833557129e+00
1.310134530067443848e+00
1.310122132301330566e+00
1.310109496116638184e+00
1.310096740722656250e+00
1.310084462165832520e+00
1.310071945190429688e+00
1.310059547424316406e+00
1.310047388076782227e+00
1.310034990310668945e+00
1.310022592544555664e+00
1.310010313987731934e+00
1.309998035430908203e+00
1.309985756874084473e+00
1.309973716735839844e+00
1.309961795806884766e+00
1.309949994087219238e+00
1.309938430786132812e+00
1.309927344322204590e+00
1.309916019439697266e+00
1.309904932975769043e+00
1.309893846511840820e+00
1.309882879257202148e+00
1.309872031211853027e+00
1.309861302375793457e+00
1.309850454330444336e+00
1.309839844703674316e+00
1.309829115867614746e+00
1.309818625450134277e+00
1.309808254241943359e+00
1.309797883033752441e+00
1.309787631034851074e+00
1.309777498245239258e+00
1.309767365455627441e+00
1.309757351875305176e+00
1.309747457504272461e+00
1.309737563133239746e+00
1.309727787971496582e+00
1.309718251228332520e+00
1.309708356857299805e+00
1.309698820114135742e+00
1.309689283370971680e+00
1.309679746627807617e+00
1.309670329093933105e+00
1.309660911560058594e+00
1.309651613235473633e+00
1.309642434120178223e+00
1.309633255004882812e+00
1.309624075889587402e+00
1.309615015983581543e+00
1.309605956077575684e+00
1.309596896171569824e+00
1.309588074684143066e+00
1.309579133987426758e+00
1.309570431709289551e+00
1.309561729431152344e+00
1.309552907943725586e+00
1.309544324874877930e+00
1.309535741806030273e+00
1.309527277946472168e+00
1.309518814086914062e+00
1.309510469436645508e+00
1.309502005577087402e+00
1.309493541717529297e+00
1.309485316276550293e+00
1.309477090835571289e+00
1.309468865394592285e+00
1.309460759162902832e+00
1.309452652931213379e+00
1.309444546699523926e+00
1.309436440467834473e+00
1.309428572654724121e+00
1.309420704841613770e+00
1.309412837028503418e+00
1.309404969215393066e+00
1.309397101402282715e+00
1.309389352798461914e+00
1.309381604194641113e+00
1.309373974800109863e+00
1.309366226196289062e+00
1.309358716011047363e+00
1.309351086616516113e+00
1.309343576431274414e+00
1.309336185455322266e+00
1.309328675270080566e+00
1.309321284294128418e+00
1.309313893318176270e+00
1.309306621551513672e+00
1.309299230575561523e+00
1.309292078018188477e+00
1.309284925460815430e+00
1.309277653694152832e+00
1.309270501136779785e+00
1.309263467788696289e+00
1.309256315231323242e+00
1.309249281883239746e+00
1.309242248535156250e+00
1.309235334396362305e+00
1.309228420257568359e+00
1.309221506118774414e+00
1.309214830398559570e+00
1.309207797050476074e+00
1.309201121330261230e+00
1.309194207191467285e+00
1.309187531471252441e+00
1.309180736541748047e+00
1.309174060821533203e+00
1.309167265892028809e+00
1.309160828590393066e+00
1.309154152870178223e+00
1.309147596359252930e+00
1.309141039848327637e+00
1.309134483337402344e+00
1.309128046035766602e+00
1.309121608734130859e+00
1.309115171432495117e+00
1.309108972549438477e+00
1.309102416038513184e+00
1.309096217155456543e+00
1.309089779853820801e+00
1.309083580970764160e+00
1.309077382087707520e+00
1.309071063995361328e+00
1.309064984321594238e+00
1.309058785438537598e+00
1.309052705764770508e+00
1.309046506881713867e+00
1.309040427207946777e+00
1.309034347534179688e+00
1.309028387069702148e+00
1.309022188186645508e+00
1.309016227722167969e+00
1.309010267257690430e+00
1.309004187583923340e+00
1.308998346328735352e+00
1.308992385864257812e+00
1.308986544609069824e+00
1.308980703353881836e+00
1.308974862098693848e+00
1.308969020843505859e+00
1.308963298797607422e+00
1.308957457542419434e+00
1.308951497077941895e+00
1.308945894241333008e+00
1.308939933776855469e+00
1.308934211730957031e+00
1.308928489685058594e+00
1.308922648429870605e+00
1.308916926383972168e+00
1.308911085128784180e+00
1.308905363082885742e+00
1.308899641036987305e+00
1.308893799781799316e+00
1.308887958526611328e+00
1.308882236480712891e+00
1.308876514434814453e+00
1.308870553970336914e+00
1.308864831924438477e+00
1.308858990669250488e+00
1.308853030204772949e+00
1.308847427368164062e+00
1.308841466903686523e+00
1.308835625648498535e+00
1.308829903602600098e+00
1.308824181556701660e+00
1.308818578720092773e+00
1.308812975883483887e+00
1.308807373046875000e+00
1.308801889419555664e+00
1.308796525001525879e+00
1.308791041374206543e+00
1.308785557746887207e+00
1.308780312538146973e+00
1.308774948120117188e+00
1.308769583702087402e+00
1.308764457702636719e+00
1.308759212493896484e+00
1.308754086494445801e+00
1.308748960494995117e+00
1.308743834495544434e+00
1.308738827705383301e+00
1.308733820915222168e+00
1.308728694915771484e+00
1.308723688125610352e+00
1.308718681335449219e+00
1.308713793754577637e+00
1.308708906173706055e+00
1.308703899383544922e+00
1.308699011802673340e+00
1.308693885803222656e+00
1.308689117431640625e+00
1.308684229850769043e+00
1.308679342269897461e+00
1.308674573898315430e+00
1.308669805526733398e+00
1.308664917945861816e+00
1.308660149574279785e+00
1.308655381202697754e+00
1.308650612831115723e+00
1.308645844459533691e+00
