1.704919433593750000e+01
1.677628326416015625e+01
1.648301696777343750e+01
1.619700622558593750e+01
1.590941047668457031e+01
1.560980415344238281e+01
1.530161857604980469e+01
1.504532146453857422e+01
1.478929328918457031e+01
1.449085140228271484e+01
1.417902565002441406e+01
1.389152717590332031e+01
1.363572406768798828e+01
1.341294384002685547e+01
1.322764873504638672e+01
1.308211326599121094e+01
1.296237468719482422e+01
1.287020778656005859e+01
1.280382537841796875e+01
1.276036357879638672e+01
1.273519706726074219e+01
1.272379970550537109e+01
1.272140884399414062e+01
1.272351646423339844e+01
1.276178932189941406e+01
1.276347351074218750e+01
1.276059627532958984e+01
1.275113677978515625e+01
1.274034881591796875e+01
1.272912883758544922e+01
1.271878814697265625e+01
1.270765304565429688e+01
1.267448997497558594e+01
1.266944313049316406e+01
1.266593360900878906e+01
1.266405582427978516e+01
1.266335391998291016e+01
1.266379737854003906e+01
1.266502189636230469e+01
1.266663074493408203e+01
1.266828727722167969e+01
1.266993904113769531e+01
1.267139530181884766e+01
1.267249584197998047e+01
1.267292785644531250e+01
1.267270183563232422e+01
1.267189407348632812e+01
1.267057418823242188e+01
1.266888999938964844e+01
1.266703224182128906e+01
1.266517543792724609e+01
1.266343402862548828e+01
1.266188430786132812e+01
1.266057682037353516e+01
1.265953731536865234e+01
1.265875244140625000e+01
1.265817737579345703e+01
1.265776538848876953e+01
1.265746212005615234e+01
1.265720748901367188e+01
1.265695190429687500e+01
1.265666866302490234e+01
1.265633773803710938e+01
1.265592193603515625e+01
1.265538787841796875e+01
1.265491199493408203e+01
1.265447330474853516e+01
1.265406036376953125e+01
1.265368175506591797e+01
1.265336513519287109e+01
1.265311813354492188e+01
1.265293121337890625e+01
1.265277385711669922e+01
1.265261363983154297e+01
1.265242004394531250e+01
1.265217018127441406e+01
1.265184593200683594e+01
1.265144252777099609e+01
1.265096378326416016e+01
1.265041923522949219e+01
1.264981460571289062e+01
1.264914798736572266e+01
1.264840984344482422e+01
1.264758777618408203e+01
1.264663028717041016e+01
1.264510440826416016e+01
1.264336872100830078e+01
1.264156150817871094e+01
1.263936519622802734e+01
1.263813495635986328e+01
1.263733768463134766e+01
1.263738918304443359e+01
1.263786315917968750e+01
1.263825321197509766e+01
1.263838005065917969e+01
1.263819599151611328e+01
1.263778018951416016e+01
1.263734436035156250e+01
1.263684368133544922e+01
1.263617134094238281e+01
1.263531684875488281e+01
1.263399791717529297e+01
1.263284111022949219e+01
1.263171577453613281e+01
1.263071250915527344e+01
1.263004684448242188e+01
1.262977886199951172e+01
1.262961673736572266e+01
1.262929821014404297e+01
1.262881660461425781e+01
1.262824440002441406e+01
1.262767601013183594e+01
1.262715053558349609e+01
1.262662410736083984e+01
1.262600803375244141e+01
1.262528133392333984e+01
1.262451171875000000e+01
1.262378215789794922e+01
1.262313079833984375e+01
1.262253093719482422e+01
1.262194538116455078e+01
1.262135410308837891e+01
1.262075805664062500e+01
1.262016773223876953e+01
1.261956024169921875e+01
1.261884021759033203e+01
1.261821269989013672e+01
1.261760616302490234e+01
1.261678981781005859e+01
1.261590480804443359e+01
1.261510562896728516e+01
1.261445426940917969e+01
1.261386299133300781e+01
1.261334419250488281e+01
1.261283588409423828e+01
1.261221408843994141e+01
1.261163425445556641e+01
1.261110591888427734e+01
1.261061859130859375e+01
1.260971736907958984e+01
1.260885334014892578e+01
1.260819911956787109e+01
1.260766506195068359e+01
1.260687446594238281e+01
1.260630130767822266e+01
1.260591888427734375e+01
1.260528659820556641e+01
1.260459423065185547e+01
1.260416412353515625e+01
1.260379886627197266e+01
1.260335922241210938e+01
1.260288143157958984e+01
1.260241222381591797e+01
1.260202503204345703e+01
1.260170650482177734e+01
1.260138320922851562e+01
1.260103607177734375e+01
1.260074234008789062e+01
1.260056877136230469e+01
1.260046100616455078e+01
1.260025787353515625e+01
1.259985923767089844e+01
1.259886360168457031e+01
1.259771442413330078e+01
1.259703540802001953e+01
1.259652328491210938e+01
1.259520816802978516e+01
1.259358596801757812e+01
1.259266757965087891e+01
1.259222984313964844e+01
1.259172821044921875e+01
1.259079456329345703e+01
1.258955287933349609e+01
1.258837127685546875e+01
1.258746814727783203e+01
1.258681869506835938e+01
1.258631610870361328e+01
1.258588218688964844e+01
1.258548450469970703e+01
1.258513450622558594e+01
1.258486461639404297e+01
1.258473300933837891e+01
1.258458232879638672e+01
1.258426475524902344e+01
1.258412361145019531e+01
1.258447170257568359e+01
1.258472633361816406e+01
1.258451366424560547e+01
1.258436203002929688e+01
1.258456325531005859e+01
1.258482837677001953e+01
1.258535575866699219e+01
1.258603858947753906e+01
1.258565425872802734e+01
1.258424472808837891e+01
1.258167076110839844e+01
1.257660102844238281e+01
1.257010173797607422e+01
1.256255531311035156e+01
1.256043243408203125e+01
1.255921649932861328e+01
1.255271720886230469e+01
1.254443073272705078e+01
1.254498958587646484e+01
1.255020809173583984e+01
1.255539035797119141e+01
1.255196857452392578e+01
1.255078697204589844e+01
1.254878997802734375e+01
1.254961490631103516e+01
1.255054283142089844e+01
1.254790210723876953e+01
1.254640579223632812e+01
1.254818153381347656e+01
1.254257965087890625e+01
1.253824043273925781e+01
1.253924655914306641e+01
1.254322910308837891e+01
1.254304122924804688e+01
1.253763961791992188e+01
1.253233432769775391e+01
1.253524017333984375e+01
1.252782344818115234e+01
1.252840137481689453e+01
1.253370380401611328e+01
1.253349494934082031e+01
1.253261089324951172e+01
1.253488540649414062e+01
1.253738594055175781e+01
1.253259658813476562e+01
1.253469562530517578e+01
1.253594779968261719e+01
1.253463935852050781e+01
1.253334999084472656e+01
1.253426933288574219e+01
1.253678417205810547e+01
1.253664875030517578e+01
1.253440570831298828e+01
1.253449916839599609e+01
1.253675556182861328e+01
1.253650474548339844e+01
1.253676700592041016e+01
1.253673267364501953e+01
1.253695106506347656e+01
1.253728485107421875e+01
1.253628063201904297e+01
1.253662967681884766e+01
1.253682422637939453e+01
1.253614902496337891e+01
1.253583431243896484e+01
1.253482055664062500e+01
1.253529548645019531e+01
1.253589630126953125e+01
1.253503894805908203e+01
1.253520393371582031e+01
1.253645610809326172e+01
1.253650951385498047e+01
1.253516483306884766e+01
1.253607654571533203e+01
1.253689765930175781e+01
1.253642654418945312e+01
1.253666591644287109e+01
1.253747844696044922e+01
1.253836536407470703e+01
1.253691959381103516e+01
1.253782176971435547e+01
1.253935432434082031e+01
1.253886699676513672e+01
1.253770160675048828e+01
1.253841114044189453e+01
1.254053115844726562e+01
1.253933906555175781e+01
1.253835773468017578e+01
1.253899860382080078e+01
1.253957843780517578e+01
1.253947544097900391e+01
1.253957271575927734e+01
1.253983020782470703e+01
1.254004764556884766e+01
1.254017257690429688e+01
1.254047679901123047e+01
1.254085159301757812e+01
1.254042339324951172e+01
1.254061603546142578e+01
1.254113197326660156e+01
1.254098892211914062e+01
1.254090213775634766e+01
1.254134559631347656e+01
1.254154300689697266e+01
1.254182910919189453e+01
1.254244422912597656e+01
1.254318523406982422e+01
1.254254722595214844e+01
1.254291343688964844e+01
1.254292869567871094e+01
1.254277038574218750e+01
1.253938293457031250e+01
1.252772426605224609e+01
1.252441406250000000e+01
1.254455947875976562e+01
1.254988479614257812e+01
1.252469730377197266e+01
1.252494716644287109e+01
1.253332805633544922e+01
1.252486896514892578e+01
1.255454158782958984e+01
1.254983425140380859e+01
1.254140758514404297e+01
1.251527500152587891e+01
1.249949932098388672e+01
1.249905490875244141e+01
1.250455379486083984e+01
1.251001071929931641e+01
1.250411796569824219e+01
1.251884460449218750e+01
1.251935577392578125e+01
1.251175594329833984e+01
1.249902057647705078e+01
1.251864147186279297e+01
1.249446487426757812e+01
1.249066543579101562e+01
1.249197864532470703e+01
1.249009037017822266e+01
1.248354816436767578e+01
1.248362255096435547e+01
1.248415470123291016e+01
1.248551940917968750e+01
1.248711013793945312e+01
1.248831176757812500e+01
1.248801994323730469e+01
1.248640918731689453e+01
1.248462677001953125e+01
1.248196506500244141e+01
1.247902679443359375e+01
1.247682571411132812e+01
1.246821308135986328e+01
1.246446132659912109e+01
1.246057987213134766e+01
1.245605850219726562e+01
1.245351409912109375e+01
1.245317745208740234e+01
1.245767211914062500e+01
1.245129299163818359e+01
1.244990634918212891e+01
1.244845390319824219e+01
1.244758033752441406e+01
1.244689655303955078e+01
1.244461822509765625e+01
1.244211196899414062e+01
1.244073009490966797e+01
1.244003486633300781e+01
1.243944549560546875e+01
1.243918228149414062e+01
1.243911075592041016e+01
1.243887042999267578e+01
1.243909358978271484e+01
1.243883705139160156e+01
1.243806552886962891e+01
1.243695640563964844e+01
1.243564605712890625e+01
1.243418407440185547e+01
1.243238162994384766e+01
1.243046283721923828e+01
1.242896461486816406e+01
1.242701148986816406e+01
1.242496109008789062e+01
1.242351150512695312e+01
1.242162513732910156e+01
1.241964721679687500e+01
1.241808032989501953e+01
1.241654682159423828e+01
1.241315746307373047e+01
1.240978813171386719e+01
1.240815830230712891e+01
1.240667057037353516e+01
1.240422916412353516e+01
1.240214920043945312e+01
1.240112876892089844e+01
1.239996433258056641e+01
1.239756870269775391e+01
1.239655017852783203e+01
1.239835739135742188e+01
1.240125560760498047e+01
1.240394592285156250e+01
1.240594100952148438e+01
1.240786266326904297e+01
1.240993976593017578e+01
1.241158485412597656e+01
1.241043186187744141e+01
1.240686416625976562e+01
1.240416812896728516e+01
1.240240287780761719e+01
1.240052127838134766e+01
1.239676094055175781e+01
1.239337062835693359e+01
1.239106559753417969e+01
1.238904571533203125e+01
1.238651466369628906e+01
1.238481521606445312e+01
1.238439273834228516e+01
1.238419246673583984e+01
1.238319206237792969e+01
1.238284969329833984e+01
1.238317584991455078e+01
1.238284015655517578e+01
1.238166236877441406e+01
1.238084030151367188e+01
1.238101768493652344e+01
1.238159179687500000e+01
1.238215541839599609e+01
1.238073539733886719e+01
1.237923908233642578e+01
1.237847328186035156e+01
1.237812805175781250e+01
1.237793350219726562e+01
1.237680530548095703e+01
1.237500000000000000e+01
1.237405395507812500e+01
1.237366771697998047e+01
1.237266826629638672e+01
1.237110137939453125e+01
1.237056732177734375e+01
1.237035942077636719e+01
1.237004280090332031e+01
1.236987876892089844e+01
1.237145709991455078e+01
1.237286281585693359e+01
1.237559795379638672e+01
1.236925888061523438e+01
1.237069034576416016e+01
1.237065124511718750e+01
1.236910152435302734e+01
1.237156105041503906e+01
1.236322021484375000e+01
1.237183761596679688e+01
1.236988067626953125e+01
1.236286544799804688e+01
1.236455821990966797e+01
1.236568069458007812e+01
1.236469078063964844e+01
1.236343765258789062e+01
1.236161899566650391e+01
1.237110424041748047e+01
1.235612869262695312e+01
1.235815048217773438e+01
1.235010051727294922e+01
1.234797859191894531e+01
1.234731864929199219e+01
1.234802627563476562e+01
1.234979915618896484e+01
1.235263252258300781e+01
1.235760116577148438e+01
1.236207199096679688e+01
1.236576747894287109e+01
1.236882591247558594e+01
1.236916255950927734e+01
1.236668872833251953e+01
1.236470794677734375e+01
1.236816310882568359e+01
1.236552429199218750e+01
1.236784934997558594e+01
1.237831211090087891e+01
1.236677455902099609e+01
1.236424541473388672e+01
1.236613368988037109e+01
1.236505985260009766e+01
1.239382553100585938e+01
1.237981414794921875e+01
1.235497760772705078e+01
1.235173797607421875e+01
1.235398292541503906e+01
1.235242748260498047e+01
1.235061550140380859e+01
1.235578727722167969e+01
1.237852382659912109e+01
1.239734554290771484e+01
1.236844539642333984e+01
1.236623477935791016e+01
1.235679721832275391e+01
1.233664512634277344e+01
1.232938098907470703e+01
1.233178138732910156e+01
1.233810234069824219e+01
1.234806442260742188e+01
1.235013580322265625e+01
1.235172557830810547e+01
1.235049819946289062e+01
1.234733772277832031e+01
1.234440994262695312e+01
1.234249877929687500e+01
1.234055805206298828e+01
1.233949661254882812e+01
1.233957481384277344e+01
1.234017753601074219e+01
1.234050083160400391e+01
1.234039688110351562e+01
1.234006118774414062e+01
1.233919715881347656e+01
1.233795642852783203e+01
1.233685874938964844e+01
1.233602619171142578e+01
1.233542823791503906e+01
1.233495712280273438e+01
1.233464717864990234e+01
1.233455753326416016e+01
1.233414649963378906e+01
1.233360385894775391e+01
1.233332443237304688e+01
1.233322429656982422e+01
1.233327388763427734e+01
1.233284091949462891e+01
1.233214187622070312e+01
1.233166408538818359e+01
1.233133029937744141e+01
1.233105087280273438e+01
1.233066844940185547e+01
1.233036136627197266e+01
1.233023452758789062e+01
1.232989597320556641e+01
1.232943058013916016e+01
1.232918739318847656e+01
1.232891559600830078e+01
1.232867240905761719e+01
1.232865333557128906e+01
1.232827472686767578e+01
1.232765579223632812e+01
1.232721996307373047e+01
1.232697486877441406e+01
1.232697105407714844e+01
1.232700920104980469e+01
1.232655239105224609e+01
1.232596015930175781e+01
1.232564449310302734e+01
1.232555389404296875e+01
1.232585048675537109e+01
1.232634925842285156e+01
1.232615184783935547e+01
1.232543754577636719e+01
1.232492160797119141e+01
1.232460117340087891e+01
1.232444477081298828e+01
1.232440280914306641e+01
1.232383918762207031e+01
1.232285881042480469e+01
1.232307243347167969e+01
1.232100963592529297e+01
1.231991767883300781e+01
1.231922912597656250e+01
1.231872463226318359e+01
1.231850528717041016e+01
1.231857395172119141e+01
1.231881141662597656e+01
1.231911945343017578e+01
1.231900978088378906e+01
1.231878185272216797e+01
1.231843471527099609e+01
1.231830787658691406e+01
1.231816196441650391e+01
1.231784629821777344e+01
1.231766414642333984e+01
1.231759166717529297e+01
1.231712055206298828e+01
1.231661987304687500e+01
1.231630325317382812e+01
1.231617355346679688e+01
1.231619834899902344e+01
1.231611919403076172e+01
1.231569576263427734e+01
1.231517219543457031e+01
1.231475162506103516e+01
1.231445217132568359e+01
1.231396865844726562e+01
1.231341266632080078e+01
1.231300544738769531e+01
1.231272125244140625e+01
1.231246089935302734e+01
1.231194019317626953e+01
1.231167125701904297e+01
1.231131076812744141e+01
1.231128215789794922e+01
1.231150531768798828e+01
1.232022380828857422e+01
1.231048107147216797e+01
1.230342769622802734e+01
1.233530902862548828e+01
1.231059169769287109e+01
1.233272075653076172e+01
1.232998275756835938e+01
1.232013511657714844e+01
1.231664276123046875e+01
1.231223106384277344e+01
1.230998039245605469e+01
1.231081008911132812e+01
1.231323242187500000e+01
1.231586647033691406e+01
1.231834888458251953e+01
1.232064247131347656e+01
1.232242870330810547e+01
1.232323455810546875e+01
1.232293987274169922e+01
1.232115840911865234e+01
1.231864070892333984e+01
1.231587982177734375e+01
1.231314373016357422e+01
1.231041145324707031e+01
1.230843448638916016e+01
1.230738353729248047e+01
1.230706787109375000e+01
1.230712699890136719e+01
1.230756950378417969e+01
1.230818939208984375e+01
1.230854129791259766e+01
1.230872058868408203e+01
1.230865001678466797e+01
1.230859565734863281e+01
1.230839443206787109e+01
1.230735683441162109e+01
1.230582237243652344e+01
1.230412292480468750e+01
1.228718376159667969e+01
1.228518772125244141e+01
1.230155849456787109e+01
1.228260326385498047e+01
1.228076362609863281e+01
1.227874183654785156e+01
1.227613639831542969e+01
1.227501010894775391e+01
1.227502918243408203e+01
1.227721023559570312e+01
1.227811527252197266e+01
1.227718734741210938e+01
1.227744102478027344e+01
1.227799701690673828e+01
1.227641296386718750e+01
1.227502918243408203e+01
1.227470588684082031e+01
1.227479267120361328e+01
1.227399158477783203e+01
1.227413940429687500e+01
1.227490901947021484e+01
1.227372264862060547e+01
1.227284526824951172e+01
1.227654647827148438e+01
1.227163505554199219e+01
1.226996994018554688e+01
1.226929664611816406e+01
1.226954174041748047e+01
1.226808547973632812e+01
1.226795005798339844e+01
1.226875591278076172e+01
1.226805400848388672e+01
1.226783180236816406e+01
1.226824188232421875e+01
1.226770877838134766e+01
1.226751041412353516e+01
1.226714706420898438e+01
1.226692676544189453e+01
1.226829910278320312e+01
1.226419258117675781e+01
1.226236248016357422e+01
1.226425647735595703e+01
1.226370143890380859e+01
1.226581954956054688e+01
1.226725864410400391e+01
1.226718902587890625e+01
1.226924610137939453e+01
1.226397037506103516e+01
1.226230049133300781e+01
1.225990295410156250e+01
1.225958919525146484e+01
1.226025581359863281e+01
1.225928401947021484e+01
1.226002025604248047e+01
1.226181793212890625e+01
1.226126194000244141e+01
1.226123714447021484e+01
1.226138782501220703e+01
1.225974369049072266e+01
1.225836181640625000e+01
1.226111125946044922e+01
1.225566291809082031e+01
1.225478267669677734e+01
1.225494003295898438e+01
1.225417709350585938e+01
1.225406265258789062e+01
1.225468349456787109e+01
1.225459194183349609e+01
1.225488471984863281e+01
1.225443077087402344e+01
1.225537967681884766e+01
1.225143337249755859e+01
1.224909973144531250e+01
1.224806785583496094e+01
1.224801063537597656e+01
1.224866580963134766e+01
1.224979877471923828e+01
1.225088214874267578e+01
1.225153255462646484e+01
1.225165081024169922e+01
1.225159835815429688e+01
1.225112438201904297e+01
1.225069904327392578e+01
1.225030708312988281e+01
1.224966907501220703e+01
1.224847602844238281e+01
1.224716854095458984e+01
1.224719333648681641e+01
1.224721622467041016e+01
1.224659156799316406e+01
1.224855804443359375e+01
1.224663448333740234e+01
1.224605369567871094e+01
1.224558544158935547e+01
1.224533843994140625e+01
1.224566078186035156e+01
1.224578285217285156e+01
1.224630260467529297e+01
1.224639797210693359e+01
1.224647808074951172e+01
1.224672317504882812e+01
1.224625205993652344e+01
1.224538135528564453e+01
1.224450397491455078e+01
1.224408054351806641e+01
1.224394512176513672e+01
1.224234390258789062e+01
1.225150299072265625e+01
1.224562835693359375e+01
1.224174690246582031e+01
1.223969841003417969e+01
1.223902511596679688e+01
1.223926830291748047e+01
1.224056816101074219e+01
1.224147510528564453e+01
1.224286842346191406e+01
1.224406051635742188e+01
1.224451255798339844e+01
1.224456501007080078e+01
1.224405384063720703e+01
1.224370956420898438e+01
1.224325370788574219e+01
1.224185562133789062e+01
1.224808025360107422e+01
1.224276924133300781e+01
1.224016571044921875e+01
1.223829841613769531e+01
1.223768615722656250e+01
1.223781681060791016e+01
1.223917579650878906e+01
1.223992824554443359e+01
1.224086380004882812e+01
1.224137401580810547e+01
1.224136734008789062e+01
1.224115371704101562e+01
1.224067115783691406e+01
1.224031639099121094e+01
1.223995494842529297e+01
1.224335193634033203e+01
1.223749923706054688e+01
1.223569583892822266e+01
1.224446010589599609e+01
1.223929405212402344e+01
1.224027442932128906e+01
1.225143623352050781e+01
1.225127029418945312e+01
1.226228904724121094e+01
1.224579811096191406e+01
1.224275684356689453e+01
1.224050807952880859e+01
1.223934268951416016e+01
1.223930072784423828e+01
1.224030017852783203e+01
1.224186706542968750e+01
1.224344730377197266e+01
1.224461174011230469e+01
1.224500942230224609e+01
1.224474430084228516e+01
1.224394893646240234e+01
1.224328327178955078e+01
1.224279022216796875e+01
1.224256992340087891e+01
1.224252986907958984e+01
1.224270534515380859e+01
1.224248981475830078e+01
1.224290657043457031e+01
1.224300098419189453e+01
1.224259662628173828e+01
1.224884796142578125e+01
1.223906230926513672e+01
1.223643589019775391e+01
1.223168373107910156e+01
1.223181533813476562e+01
1.223280239105224609e+01
1.223507022857666016e+01
1.223746395111083984e+01
1.223910236358642578e+01
1.223975658416748047e+01
1.223951148986816406e+01
1.223908138275146484e+01
1.223859024047851562e+01
1.223842716217041016e+01
1.223855209350585938e+01
1.223881626129150391e+01
1.223877334594726562e+01
1.223563098907470703e+01
1.224368572235107422e+01
1.224400615692138672e+01
1.224301815032958984e+01
1.224164009094238281e+01
1.224050903320312500e+01
1.223963832855224609e+01
1.223902702331542969e+01
1.223863029479980469e+01
1.223833179473876953e+01
1.223815059661865234e+01
1.223826408386230469e+01
1.223849487304687500e+01
1.223879814147949219e+01
1.223906517028808594e+01
1.223892593383789062e+01
1.223846530914306641e+01
1.223795986175537109e+01
1.223774242401123047e+01
1.223774147033691406e+01
1.223793029785156250e+01
1.223811626434326172e+01
1.223818111419677734e+01
1.223806381225585938e+01
1.223792839050292969e+01
1.223766708374023438e+01
1.223708724975585938e+01
1.224535369873046875e+01
1.223433494567871094e+01
1.223231506347656250e+01
1.223042583465576172e+01
1.222840595245361328e+01
1.223063373565673828e+01
1.223240947723388672e+01
1.223123168945312500e+01
1.223192691802978516e+01
1.223124408721923828e+01
1.223399543762207031e+01
1.223081016540527344e+01
1.223064422607421875e+01
1.222955703735351562e+01
1.223158264160156250e+01
1.222840213775634766e+01
1.222902393341064453e+01
1.222955513000488281e+01
1.223343658447265625e+01
1.222891998291015625e+01
1.222988224029541016e+01
1.223383998870849609e+01
1.223125743865966797e+01
1.223198604583740234e+01
1.223161220550537109e+01
1.223157215118408203e+01
1.223202037811279297e+01
1.223254966735839844e+01
1.223288059234619141e+01
1.223304748535156250e+01
1.223310375213623047e+01
1.223310947418212891e+01
1.223302936553955078e+01
1.223269271850585938e+01
1.223150825500488281e+01
1.222799968719482422e+01
1.222673797607421875e+01
1.222765064239501953e+01
1.222544097900390625e+01
1.222439765930175781e+01
1.222375297546386719e+01
1.222569370269775391e+01
1.222643661499023438e+01
1.222544956207275391e+01
1.223229694366455078e+01
1.223384666442871094e+01
1.223352909088134766e+01
1.223237323760986328e+01
1.223114490509033203e+01
1.223005771636962891e+01
1.222933578491210938e+01
1.222836589813232422e+01
1.222753334045410156e+01
1.222873878479003906e+01
1.222703456878662109e+01
1.222656440734863281e+01
1.222660064697265625e+01
1.222603702545166016e+01
1.222090625762939453e+01
1.222165489196777344e+01
1.222782993316650391e+01
1.222887802124023438e+01
1.222791671752929688e+01
1.222325897216796875e+01
1.222433948516845703e+01
1.222378730773925781e+01
1.222358798980712891e+01
1.222402000427246094e+01
1.222499084472656250e+01
1.222605133056640625e+01
1.222697544097900391e+01
1.222754573822021484e+01
1.222746181488037109e+01
1.222687721252441406e+01
1.222593021392822266e+01
1.222267723083496094e+01
1.222723293304443359e+01
1.222688579559326172e+01
1.223853874206542969e+01
1.222288227081298828e+01
1.221436214447021484e+01
1.221903991699218750e+01
1.221942234039306641e+01
1.222096538543701172e+01
1.222362613677978516e+01
1.222543621063232422e+01
1.222656250000000000e+01
1.222677612304687500e+01
1.222587680816650391e+01
1.222497081756591797e+01
1.222385501861572266e+01
1.221988105773925781e+01
1.222526550292968750e+01
1.222517299652099609e+01
1.222465801239013672e+01
1.222394752502441406e+01
1.222334575653076172e+01
1.222285461425781250e+01
1.222250080108642578e+01
1.222225284576416016e+01
1.222218132019042969e+01
1.222197341918945312e+01
1.222205352783203125e+01
1.222128868103027344e+01
1.222056102752685547e+01
1.222017002105712891e+01
1.222000408172607422e+01
1.221983146667480469e+01
1.221978569030761719e+01
1.221969032287597656e+01
1.222392749786376953e+01
1.221808052062988281e+01
1.221701049804687500e+01
1.221691131591796875e+01
1.221733379364013672e+01
1.221525478363037109e+01
1.222024726867675781e+01
1.222195053100585938e+01
1.222277259826660156e+01
1.222316455841064453e+01
1.222272777557373047e+01
1.221723842620849609e+01
1.222317409515380859e+01
1.222245693206787109e+01
1.222093105316162109e+01
1.221953392028808594e+01
1.221845626831054688e+01
1.221775817871093750e+01
1.221749114990234375e+01
1.221766757965087891e+01
1.221801662445068359e+01
1.221844387054443359e+01
1.221880435943603516e+01
1.221888923645019531e+01
1.221870136260986328e+01
1.221844577789306641e+01
1.221828079223632812e+01
1.221808052062988281e+01
1.221787929534912109e+01
1.221773529052734375e+01
1.221768569946289062e+01
1.221770095825195312e+01
1.221776199340820312e+01
1.221780014038085938e+01
1.221771812438964844e+01
1.221765518188476562e+01
1.221757411956787109e+01
1.221736145019531250e+01
1.221683311462402344e+01
1.221667861938476562e+01
1.221640968322753906e+01
1.221614360809326172e+01
1.221611213684082031e+01
1.221631526947021484e+01
1.221652698516845703e+01
1.221832942962646484e+01
1.221580791473388672e+01
1.221492862701416016e+01
1.221475505828857422e+01
1.221528720855712891e+01
1.221620464324951172e+01
1.221713638305664062e+01
1.221760177612304688e+01
1.221763038635253906e+01
1.221743297576904297e+01
1.221690082550048828e+01
1.222124767303466797e+01
1.221448993682861328e+01
1.221222686767578125e+01
