2.731647014617919922e+00
2.637128353118896484e+00
2.542238950729370117e+00
2.449023008346557617e+00
2.350047588348388672e+00
2.252630949020385742e+00
2.176877737045288086e+00
2.117239713668823242e+00
2.069019794464111328e+00
2.030659198760986328e+00
2.000595092773437500e+00
1.977171063423156738e+00
1.958838939666748047e+00
1.944780826568603516e+00
1.934187650680541992e+00
1.926012635231018066e+00
1.919939398765563965e+00
1.916518688201904297e+00
1.913085579872131348e+00
1.912605047225952148e+00
1.917336940765380859e+00
1.928745985031127930e+00
1.924533128738403320e+00
1.920064091682434082e+00
1.914758086204528809e+00
1.908896565437316895e+00
1.902813553810119629e+00
1.896851301193237305e+00
1.891277074813842773e+00
1.886295199394226074e+00
1.881980538368225098e+00
1.878578066825866699e+00
1.875505805015563965e+00
1.873425245285034180e+00
1.871506929397583008e+00
1.869560003280639648e+00
1.868955492973327637e+00
1.867535591125488281e+00
1.866330504417419434e+00
1.865532875061035156e+00
1.864819884300231934e+00
1.864238142967224121e+00
1.863363623619079590e+00
1.863013386726379395e+00
1.860791444778442383e+00
1.856866002082824707e+00
1.854582548141479492e+00
1.853542566299438477e+00
1.852750301361083984e+00
1.851971983909606934e+00
1.850938081741333008e+00
1.849594116210937500e+00
1.847795367240905762e+00
1.845254182815551758e+00
1.842306733131408691e+00
1.839634895324707031e+00
1.837480425834655762e+00
1.835724472999572754e+00
1.834824085235595703e+00
1.833014249801635742e+00
1.831954121589660645e+00
1.830994367599487305e+00
1.830094933509826660e+00
1.829234957695007324e+00
1.828407526016235352e+00
1.827614545822143555e+00
1.826862931251525879e+00
1.826160073280334473e+00
1.825511097908020020e+00
1.824919223785400391e+00
1.824383497238159180e+00
1.823901653289794922e+00
1.823468923568725586e+00
1.823080420494079590e+00
1.822731375694274902e+00
1.822417616844177246e+00
1.822135329246520996e+00
1.821879267692565918e+00
1.821643471717834473e+00
1.821420907974243164e+00
1.821202874183654785e+00
1.820979833602905273e+00
1.820741415023803711e+00
1.820474743843078613e+00
1.820160150527954102e+00
1.819761991500854492e+00
1.819199800491333008e+00
1.818320751190185547e+00
1.817518353462219238e+00
1.817562699317932129e+00
1.816168904304504395e+00
1.816048502922058105e+00
1.815405368804931641e+00
1.814069747924804688e+00
1.813292264938354492e+00
1.812078475952148438e+00
1.811432719230651855e+00
1.810518026351928711e+00
1.810358047485351562e+00
1.809235453605651855e+00
1.808331847190856934e+00
1.808229446411132812e+00
1.807697892189025879e+00
1.807169795036315918e+00
1.806224703788757324e+00
1.806139707565307617e+00
1.805703282356262207e+00
1.805053353309631348e+00
1.806629180908203125e+00
1.805055379867553711e+00
1.805698513984680176e+00
1.805187702178955078e+00
1.804225444793701172e+00
1.803572773933410645e+00
1.803646922111511230e+00
1.803637027740478516e+00
1.803425431251525879e+00
1.803068876266479492e+00
1.802699804306030273e+00
1.802383542060852051e+00
1.804098725318908691e+00
1.802729010581970215e+00
1.804348230361938477e+00
1.804028391838073730e+00
1.802343606948852539e+00
1.801581978797912598e+00
1.801204681396484375e+00
1.805715560913085938e+00
1.801345109939575195e+00
1.801792144775390625e+00
1.802312493324279785e+00
1.802563428878784180e+00
1.802195191383361816e+00
1.801631212234497070e+00
1.801168560981750488e+00
1.800824999809265137e+00
1.800574421882629395e+00
1.800395727157592773e+00
1.801593780517578125e+00
1.800663948059082031e+00
1.801740407943725586e+00
1.803533792495727539e+00
1.800597667694091797e+00
1.799685716629028320e+00
1.799323797225952148e+00
1.799246191978454590e+00
1.800761103630065918e+00
1.799859642982482910e+00
1.800578474998474121e+00
1.801908969879150391e+00
1.802232980728149414e+00
1.800561666488647461e+00
1.799735069274902344e+00
1.799273014068603516e+00
1.799014925956726074e+00
1.798904776573181152e+00
1.798899054527282715e+00
1.798952460289001465e+00
1.799020886421203613e+00
1.799066901206970215e+00
1.799665451049804688e+00
1.799379825592041016e+00
1.799883246421813965e+00
1.801119208335876465e+00
1.799123048782348633e+00
1.797841310501098633e+00
1.797230005264282227e+00
1.797062277793884277e+00
1.797243237495422363e+00
1.797662615776062012e+00
1.798172235488891602e+00
1.798624753952026367e+00
1.798914194107055664e+00
1.798985242843627930e+00
1.798831820487976074e+00
1.798491358757019043e+00
1.798028826713562012e+00
1.797518610954284668e+00
1.797028064727783203e+00
1.796606302261352539e+00
1.796281456947326660e+00
1.796062946319580078e+00
1.795944571495056152e+00
1.795910239219665527e+00
1.795936346054077148e+00
1.795995831489562988e+00
1.796060562133789062e+00
1.796104550361633301e+00
1.796107769012451172e+00
1.796056866645812988e+00
1.795948266983032227e+00
1.795787453651428223e+00
1.795585393905639648e+00
1.795357346534729004e+00
1.795118451118469238e+00
1.794881224632263184e+00
1.794653892517089844e+00
1.794439315795898438e+00
1.794234514236450195e+00
1.794030308723449707e+00
1.793810606002807617e+00
1.793550729751586914e+00
1.793207168579101562e+00
1.792697072029113770e+00
1.791827559471130371e+00
1.790121197700500488e+00
1.786981225013732910e+00
1.785606265068054199e+00
1.782508611679077148e+00
1.781253695487976074e+00
1.780430555343627930e+00
1.779770731925964355e+00
1.779066562652587891e+00
1.778233289718627930e+00
1.777265548706054688e+00
1.776209354400634766e+00
1.775140166282653809e+00
1.774140000343322754e+00
1.773275732994079590e+00
1.773401260375976562e+00
1.773704886436462402e+00
1.825360059738159180e+00
1.822540044784545898e+00
1.821337461471557617e+00
1.820695400238037109e+00
1.820492982864379883e+00
1.818764328956604004e+00
1.774232864379882812e+00
1.767982006072998047e+00
1.797510385513305664e+00
1.770223736763000488e+00
1.724128842353820801e+00
1.695500493049621582e+00
1.690352082252502441e+00
1.691374301910400391e+00
1.722124814987182617e+00
1.722415804862976074e+00
1.723687291145324707e+00
1.727498412132263184e+00
1.732205033302307129e+00
1.734724640846252441e+00
1.733247160911560059e+00
1.728198885917663574e+00
1.721419572830200195e+00
1.714847326278686523e+00
1.709681391716003418e+00
1.706257820129394531e+00
1.704404354095458984e+00
1.703974008560180664e+00
1.705756068229675293e+00
1.705436468124389648e+00
1.705014109611511230e+00
1.705489397048950195e+00
1.706052660942077637e+00
1.706419587135314941e+00
1.706645011901855469e+00
1.706624031066894531e+00
1.705156803131103516e+00
1.703745841979980469e+00
1.702849984169006348e+00
1.702438473701477051e+00
1.702669143676757812e+00
1.702746748924255371e+00
1.702315092086791992e+00
1.702051281929016113e+00
1.702058315277099609e+00
1.702218770980834961e+00
1.702393651008605957e+00
1.702288866043090820e+00
1.701764822006225586e+00
1.701110720634460449e+00
1.700538635253906250e+00
1.700099945068359375e+00
1.699754118919372559e+00
1.699369788169860840e+00
1.698879957199096680e+00
1.698411703109741211e+00
1.698076367378234863e+00
1.697873353958129883e+00
1.697715640068054199e+00
1.697486281394958496e+00
1.697196602821350098e+00
1.697204828262329102e+00
1.696933865547180176e+00
1.696739315986633301e+00
1.696381449699401855e+00
1.696073174476623535e+00
1.695886254310607910e+00
1.695787310600280762e+00
1.695685744285583496e+00
1.695491790771484375e+00
1.695212006568908691e+00
1.694923162460327148e+00
1.694679617881774902e+00
1.694483399391174316e+00
1.694295048713684082e+00
1.694065093994140625e+00
1.693778872489929199e+00
1.693467974662780762e+00
1.693174839019775391e+00
1.692912697792053223e+00
1.692662000656127930e+00
1.692389845848083496e+00
1.692084550857543945e+00
1.691765904426574707e+00
1.691460371017456055e+00
1.691187024116516113e+00
1.691759824752807617e+00
1.691173553466796875e+00
1.690936446189880371e+00
1.690539002418518066e+00
1.690322279930114746e+00
1.690324664115905762e+00
1.690470099449157715e+00
1.690602183341979980e+00
1.690562844276428223e+00
1.690353393554687500e+00
1.690103173255920410e+00
1.689908266067504883e+00
1.689788699150085449e+00
1.689707875251770020e+00
1.689597368240356445e+00
1.689406394958496094e+00
1.689147830009460449e+00
1.688882589340209961e+00
1.688659191131591797e+00
1.688486337661743164e+00
1.688337326049804688e+00
1.688169956207275391e+00
1.687959671020507812e+00
1.687717914581298828e+00
1.687475800514221191e+00
1.687253236770629883e+00
1.687047362327575684e+00
1.686837911605834961e+00
1.686604619026184082e+00
1.686347246170043945e+00
1.686083316802978516e+00
1.685829401016235352e+00
1.685588479042053223e+00
1.685347437858581543e+00
1.685093879699707031e+00
1.684827208518981934e+00
1.684568285942077637e+00
1.684681177139282227e+00
1.684416532516479492e+00
1.684222579002380371e+00
1.683896303176879883e+00
1.683687567710876465e+00
1.683642506599426270e+00
1.683680176734924316e+00
1.683643937110900879e+00
1.683453917503356934e+00
1.683199524879455566e+00
1.682989597320556641e+00
1.682846069335937500e+00
1.682711005210876465e+00
1.682500839233398438e+00
1.682209610939025879e+00
1.682034730911254883e+00
1.681836009025573730e+00
1.681663632392883301e+00
1.681418061256408691e+00
1.681161761283874512e+00
1.680983185768127441e+00
1.680891752243041992e+00
1.680833935737609863e+00
1.680686950683593750e+00
1.680471062660217285e+00
1.680255293846130371e+00
1.680099248886108398e+00
1.680000543594360352e+00
1.679903388023376465e+00
1.679745554924011230e+00
1.679541230201721191e+00
1.679348945617675781e+00
1.679203271865844727e+00
1.679094195365905762e+00
1.678980946540832520e+00
1.678831815719604492e+00
1.678659796714782715e+00
1.678498744964599609e+00
1.678365468978881836e+00
1.678248524665832520e+00
1.678122520446777344e+00
1.677973508834838867e+00
1.677812933921813965e+00
1.677661538124084473e+00
1.677527546882629395e+00
1.677401185035705566e+00
1.677267313003540039e+00
1.677121162414550781e+00
1.676972389221191406e+00
1.676832795143127441e+00
1.676704168319702148e+00
1.676577925682067871e+00
1.676444649696350098e+00
1.676304578781127930e+00
1.676165461540222168e+00
1.676033139228820801e+00
1.675905585289001465e+00
1.675776600837707520e+00
1.675642371177673340e+00
1.675505518913269043e+00
1.675371646881103516e+00
1.675242185592651367e+00
1.675114274024963379e+00
1.674984097480773926e+00
1.674851417541503906e+00
1.674719333648681641e+00
1.674589872360229492e+00
1.674462318420410156e+00
1.674334287643432617e+00
1.674204826354980469e+00
1.674074649810791016e+00
1.673945903778076172e+00
1.673818349838256836e+00
1.673691391944885254e+00
1.673563838005065918e+00
1.673435688018798828e+00
1.673307895660400391e+00
1.673181176185607910e+00
1.673055052757263184e+00
1.672928810119628906e+00
1.672802329063415527e+00
1.672675728797912598e+00
1.672549962997436523e+00
1.672424554824829102e+00
1.672299385070800781e+00
1.672173976898193359e+00
1.672048687934875488e+00
1.671923637390136719e+00
1.671799063682556152e+00
1.671674609184265137e+00
1.671550154685974121e+00
1.671425700187683105e+00
1.671301484107971191e+00
1.671177625656127930e+00
1.671053767204284668e+00
1.670930266380310059e+00
1.670806646347045898e+00
1.670683264732360840e+00
1.670560002326965332e+00
1.670436859130859375e+00
1.670313954353332520e+00
1.670191049575805664e+00
1.670068502426147461e+00
1.669945716857910156e+00
1.669823408126831055e+00
1.669700741767883301e+00
1.669578552246093750e+00
1.669456481933593750e+00
1.669334411621093750e+00
1.669212341308593750e+00
1.669090628623962402e+00
1.668968915939331055e+00
1.668847084045410156e+00
1.668725371360778809e+00
1.668604016304016113e+00
1.668482661247253418e+00
1.668361425399780273e+00
1.668240189552307129e+00
1.668118953704833984e+00
1.667998075485229492e+00
1.667876958847045898e+00
1.667755961418151855e+00
1.667635202407836914e+00
1.667514443397521973e+00
1.667393684387207031e+00
1.667273044586181641e+00
1.667152643203735352e+00
1.667032241821289062e+00
1.666911840438842773e+00
1.666791439056396484e+00
1.666671037673950195e+00
1.666550993919372559e+00
1.666430950164794922e+00
1.666310906410217285e+00
1.666190981864929199e+00
1.666071176528930664e+00
1.665951371192932129e+00
1.665831327438354492e+00
1.665711641311645508e+00
1.665592312812805176e+00
1.665472507476806641e+00
1.665353178977966309e+00
1.665233850479125977e+00
1.665114402770996094e+00
1.664995193481445312e+00
1.664875984191894531e+00
1.664756894111633301e+00
1.664637923240661621e+00
1.664519190788269043e+00
1.664400100708007812e+00
1.664281487464904785e+00
1.664162755012512207e+00
1.664044022560119629e+00
1.663925528526306152e+00
1.663807153701782227e+00
1.663688778877258301e+00
1.663570523262023926e+00
1.663452386856079102e+00
1.663334488868713379e+00
1.663216471672058105e+00
1.663098573684692383e+00
1.662980914115905762e+00
1.662863373756408691e+00
1.662745594978332520e+00
1.662628293037414551e+00
1.662511110305786133e+00
1.662393927574157715e+00
1.662276864051818848e+00
1.662159800529479980e+00
1.662043094635009766e+00
1.661926507949829102e+00
1.661809921264648438e+00
1.661693572998046875e+00
1.661577343940734863e+00
1.661461234092712402e+00
1.661345362663269043e+00
1.661229729652404785e+00
1.661113977432250977e+00
1.660998702049255371e+00
1.660883307456970215e+00
1.660768151283264160e+00
1.660653352737426758e+00
1.660538673400878906e+00
1.660423994064331055e+00
1.660309672355651855e+00
1.660195231437683105e+00
1.660081505775451660e+00
1.659967660903930664e+00
1.659853935241699219e+00
1.659740686416625977e+00
1.659627437591552734e+00
1.659514665603637695e+00
1.659402012825012207e+00
1.659289360046386719e+00
1.659177303314208984e+00
1.659065365791320801e+00
1.658953428268432617e+00
1.658841967582702637e+00
1.658730745315551758e+00
1.658619642257690430e+00
1.658509016036987305e+00
1.658398509025573730e+00
1.658288240432739258e+00
1.658178210258483887e+00
1.658068656921386719e+00
1.657959342002868652e+00
1.657850265502929688e+00
1.657741427421569824e+00
1.657633185386657715e+00
1.657524704933166504e+00
1.657416939735412598e+00
1.657309532165527344e+00
1.657202005386352539e+00
1.657095074653625488e+00
1.656988501548767090e+00
1.656882286071777344e+00
1.656776309013366699e+00
1.656670689582824707e+00
1.656565427780151367e+00
1.656460523605346680e+00
1.656356096267700195e+00
1.656251668930053711e+00
1.656147956848144531e+00
1.656044244766235352e+00
1.655941367149353027e+00
1.655838370323181152e+00
1.655735850334167480e+00
1.655633926391601562e+00
1.655532121658325195e+00
1.655430793762207031e+00
1.655329942703247070e+00
1.655229449272155762e+00
1.655129194259643555e+00
1.655029296875000000e+00
1.654930114746093750e+00
1.654831290245056152e+00
1.654732584953308105e+00
1.654634356498718262e+00
1.654536724090576172e+00
1.654439091682434082e+00
1.654342174530029297e+00
1.654245495796203613e+00
1.654149413108825684e+00
1.654053568840026855e+00
1.653958320617675781e+00
1.653863430023193359e+00
1.653768777847290039e+00
1.653674721717834473e+00
1.653581142425537109e+00
1.653487801551818848e+00
1.653394818305969238e+00
1.653302550315856934e+00
1.653210401535034180e+00
1.653118729591369629e+00
1.653027772903442383e+00
1.652936935424804688e+00
1.652846574783325195e+00
1.652756690979003906e+00
1.652667284011840820e+00
1.652578115463256836e+00
1.652489423751831055e+00
1.652401328086853027e+00
1.652313470840454102e+00
1.652226209640502930e+00
1.652139306068420410e+00
1.652052521705627441e+00
1.651966452598571777e+00
1.651880860328674316e+00
1.651795625686645508e+00
1.651710748672485352e+00
1.651626467704772949e+00
1.651542425155639648e+00
1.651458859443664551e+00
1.651375651359558105e+00
1.651293039321899414e+00
1.651210784912109375e+00
1.651128768920898438e+00
1.651047348976135254e+00
1.650966405868530273e+00
1.650885701179504395e+00
1.650805234909057617e+00
1.650725603103637695e+00
1.650646209716796875e+00
1.650567054748535156e+00
1.650488495826721191e+00
1.650410294532775879e+00
1.650332450866699219e+00
1.650254964828491211e+00
1.650178074836730957e+00
1.650101423263549805e+00
1.650025129318237305e+00
1.649949312210083008e+00
1.649873733520507812e+00
1.649798750877380371e+00
1.649724125862121582e+00
1.649649858474731445e+00
1.649575829505920410e+00
1.649502396583557129e+00
1.649429202079772949e+00
1.649356365203857422e+00
1.649284124374389648e+00
1.649212002754211426e+00
1.649140357971191406e+00
1.649069070816040039e+00
1.648998141288757324e+00
1.648927450180053711e+00
1.648857593536376953e+00
1.648787617683410645e+00
1.648717999458312988e+00
1.648648858070373535e+00
1.648580074310302734e+00
1.648511886596679688e+00
1.648443579673767090e+00
1.648375988006591797e+00
1.648308396339416504e+00
1.648241519927978516e+00
1.648174762725830078e+00
1.648108363151550293e+00
1.648042082786560059e+00
1.647976517677307129e+00
1.647911071777343750e+00
1.647845983505249023e+00
1.647781133651733398e+00
1.647716879844665527e+00
1.647652864456176758e+00
1.647588968276977539e+00
1.647525548934936523e+00
1.647462248802185059e+00
1.647399425506591797e+00
1.647336840629577637e+00
1.647274613380432129e+00
1.647212743759155273e+00
1.647150874137878418e+00
1.647089719772338867e+00
1.647028684616088867e+00
1.646968007087707520e+00
1.646907448768615723e+00
1.646847248077392578e+00
1.646787405014038086e+00
1.646727919578552246e+00
1.646668314933776855e+00
1.646609306335449219e+00
1.646550655364990234e+00
1.646312236785888672e+00
1.646203637123107910e+00
1.646425247192382812e+00
1.646628618240356445e+00
1.646442651748657227e+00
1.646162271499633789e+00
1.646060824394226074e+00
1.646107316017150879e+00
1.646169662475585938e+00
1.646083593368530273e+00
1.645895361900329590e+00
1.645764112472534180e+00
1.645754694938659668e+00
1.645791649818420410e+00
1.645739197731018066e+00
1.645599246025085449e+00
1.645497083663940430e+00
1.645483255386352539e+00
1.645495176315307617e+00
1.645445942878723145e+00
1.645347952842712402e+00
1.645273089408874512e+00
1.645244479179382324e+00
1.645226240158081055e+00
1.645179986953735352e+00
1.645108819007873535e+00
1.645042777061462402e+00
1.644997715950012207e+00
1.644964575767517090e+00
1.644922018051147461e+00
1.644862174987792969e+00
1.644798636436462402e+00
1.644748210906982422e+00
1.644709467887878418e+00
1.644666671752929688e+00
1.644611001014709473e+00
1.644391059875488281e+00
1.644289493560791016e+00
1.644492268562316895e+00
1.644704818725585938e+00
1.644567728042602539e+00
1.644295215606689453e+00
1.644179463386535645e+00
1.644222259521484375e+00
1.644289016723632812e+00
1.644232630729675293e+00
1.644070267677307129e+00
1.643943071365356445e+00
1.643908619880676270e+00
1.643941044807434082e+00
1.643934011459350586e+00
1.643836975097656250e+00
1.643722534179687500e+00
1.643676161766052246e+00
1.643690943717956543e+00
1.643688201904296875e+00
1.643618226051330566e+00
1.643529653549194336e+00
1.643482446670532227e+00
1.643320322036743164e+00
1.643245458602905273e+00
1.643427968025207520e+00
1.643607020378112793e+00
1.643491148948669434e+00
1.643252849578857422e+00
1.643145084381103516e+00
1.643179416656494141e+00
1.643231153488159180e+00
1.643179416656494141e+00
1.643039226531982422e+00
1.642929553985595703e+00
1.642893910408020020e+00
1.642907738685607910e+00
1.642898678779602051e+00
1.642825365066528320e+00
1.642732501029968262e+00
1.642680764198303223e+00
1.642229437828063965e+00
1.642267107963562012e+00
1.642637848854064941e+00
1.644067883491516113e+00
1.643870472908020020e+00
1.643464922904968262e+00
1.643020510673522949e+00
1.644178867340087891e+00
1.644117116928100586e+00
1.644213438034057617e+00
1.644888758659362793e+00
1.645844936370849609e+00
1.645548343658447266e+00
1.645477533340454102e+00
1.645743012428283691e+00
1.645865917205810547e+00
1.645371317863464355e+00
1.644929051399230957e+00
1.644650101661682129e+00
1.644368171691894531e+00
1.643868803977966309e+00
1.643289327621459961e+00
1.642874240875244141e+00
1.642659068107604980e+00
1.642492771148681641e+00
1.642251253128051758e+00
1.642028331756591797e+00
1.641958713531494141e+00
1.642007827758789062e+00
1.641907215118408203e+00
1.641750216484069824e+00
1.641597509384155273e+00
1.641542434692382812e+00
1.641550660133361816e+00
1.641524553298950195e+00
1.641429424285888672e+00
1.641330242156982422e+00
1.641290545463562012e+00
1.641314387321472168e+00
1.641305446624755859e+00
1.640765786170959473e+00
1.640769958496093750e+00
1.641098499298095703e+00
1.642387509346008301e+00
1.642659544944763184e+00
1.641446590423583984e+00
1.640977144241333008e+00
1.640983104705810547e+00
1.641406059265136719e+00
1.641722440719604492e+00
1.641134023666381836e+00
1.640585303306579590e+00
1.640454530715942383e+00
1.640650749206542969e+00
1.640940070152282715e+00
1.640830993652343750e+00
1.640502333641052246e+00
1.640351772308349609e+00
1.640429019927978516e+00
1.640616655349731445e+00
1.640653491020202637e+00
1.640490055084228516e+00
1.640347599983215332e+00
1.640337824821472168e+00
1.640421867370605469e+00
1.640463232994079590e+00
1.640383124351501465e+00
1.640274643898010254e+00
1.640236973762512207e+00
1.640269875526428223e+00
1.640297651290893555e+00
1.640255808830261230e+00
1.640174031257629395e+00
1.640121579170227051e+00
1.639998078346252441e+00
1.639948129653930664e+00
1.640101552009582520e+00
1.640257596969604492e+00
1.640179753303527832e+00
1.639981746673583984e+00
1.639878153800964355e+00
1.639909744262695312e+00
1.639976143836975098e+00
1.639935612678527832e+00
1.639808058738708496e+00
1.639720439910888672e+00
1.639604687690734863e+00
1.639581561088562012e+00
1.639754533767700195e+00
1.639893293380737305e+00
1.639788746833801270e+00
1.639600992202758789e+00
1.639529228210449219e+00
1.639584422111511230e+00
1.639645576477050781e+00
1.639189124107360840e+00
1.639093041419982910e+00
1.639433622360229492e+00
1.640387415885925293e+00
1.640525460243225098e+00
1.639672994613647461e+00
1.639273524284362793e+00
1.639254689216613770e+00
1.639612436294555664e+00
1.639783620834350586e+00
1.639368176460266113e+00
1.638989686965942383e+00
1.638938188552856445e+00
1.639135599136352539e+00
1.639319062232971191e+00
1.639184355735778809e+00
1.638933062553405762e+00
1.638843894004821777e+00
1.638939619064331055e+00
1.639077901840209961e+00
1.639057993888854980e+00
1.638912200927734375e+00
1.638816833496093750e+00
1.638836145401000977e+00
1.638786196708679199e+00
1.638738512992858887e+00
1.638844966888427734e+00
1.638963818550109863e+00
1.638931155204772949e+00
1.638797283172607422e+00
1.638711571693420410e+00
1.638720273971557617e+00
1.638754606246948242e+00
1.638285398483276367e+00
1.638253927230834961e+00
1.638608694076538086e+00
1.639757394790649414e+00
1.639941692352294922e+00
1.638899922370910645e+00
1.638465642929077148e+00
1.638436198234558105e+00
1.638849735260009766e+00
1.639078140258789062e+00
1.638582468032836914e+00
1.638134241104125977e+00
1.638062238693237305e+00
1.638284206390380859e+00
1.638515830039978027e+00
1.638374090194702148e+00
1.638084769248962402e+00
1.637979507446289062e+00
1.638087153434753418e+00
1.638255953788757324e+00
1.638245940208435059e+00
1.638087153434753418e+00
1.637985229492187500e+00
1.638013243675231934e+00
1.638099551200866699e+00
1.638103961944580078e+00
1.638012766838073730e+00
1.637940645217895508e+00
1.637845635414123535e+00
1.637841582298278809e+00
1.638013482093811035e+00
1.638126969337463379e+00
1.638013482093811035e+00
1.637848019599914551e+00
1.637802958488464355e+00
1.637866497039794922e+00
1.637452006340026855e+00
1.637391328811645508e+00
1.637790799140930176e+00
1.638850092887878418e+00
1.638887166976928711e+00
1.637956976890563965e+00
1.637585759162902832e+00
1.637621402740478516e+00
1.638035655021667480e+00
1.638136386871337891e+00
1.637628197669982910e+00
1.637263059616088867e+00
1.637254834175109863e+00
1.637498259544372559e+00
1.637646198272705078e+00
1.637439131736755371e+00
1.637205719947814941e+00
1.637181162834167480e+00
1.637332201004028320e+00
1.637448310852050781e+00
1.637359857559204102e+00
1.637212753295898438e+00
1.637176394462585449e+00
1.637251615524291992e+00
1.637311339378356934e+00
1.637255430221557617e+00
1.637063503265380859e+00
1.637006759643554688e+00
1.637206435203552246e+00
1.637401461601257324e+00
1.636911749839782715e+00
1.636758327484130859e+00
1.637121319770812988e+00
1.638005375862121582e+00
1.638015151023864746e+00
1.637226939201354980e+00
1.636891603469848633e+00
1.636957168579101562e+00
1.637330770492553711e+00
1.637325048446655273e+00
1.636865735054016113e+00
1.636599421501159668e+00
1.636666297912597656e+00
1.636910438537597656e+00
1.636949419975280762e+00
1.636712670326232910e+00
1.636552095413208008e+00
1.636604428291320801e+00
1.636763215065002441e+00
1.636789441108703613e+00
1.636576890945434570e+00
1.636465430259704590e+00
1.636616230010986328e+00
1.636815905570983887e+00
1.636316895484924316e+00
1.636198878288269043e+00
1.636609196662902832e+00
1.637634634971618652e+00
1.637630105018615723e+00
1.636752724647521973e+00
1.636424899101257324e+00
1.636520028114318848e+00
1.636950254440307617e+00
1.636907100677490234e+00
1.636379241943359375e+00
1.636104345321655273e+00
1.636195302009582520e+00
1.636465907096862793e+00
1.636469602584838867e+00
1.636189579963684082e+00
1.636033058166503906e+00
1.636115789413452148e+00
