3.918649435043334961e+00
3.865048170089721680e+00
3.807371139526367188e+00
3.750811338424682617e+00
3.696717500686645508e+00
3.646663188934326172e+00
3.600327014923095703e+00
3.554256439208984375e+00
3.508897781372070312e+00
3.461133003234863281e+00
3.412411689758300781e+00
3.366809606552124023e+00
3.325353145599365234e+00
3.289826869964599609e+00
3.261583328247070312e+00
3.239955186843872070e+00
3.223384380340576172e+00
3.211102724075317383e+00
3.202305078506469727e+00
3.196249246597290039e+00
3.192049026489257812e+00
3.188803195953369141e+00
3.185895919799804688e+00
3.185000658035278320e+00
3.189253568649291992e+00
3.188702106475830078e+00
3.182033300399780273e+00
3.177845239639282227e+00
3.175792932510375977e+00
3.173688888549804688e+00
3.168559789657592773e+00
3.160535335540771484e+00
3.164086818695068359e+00
3.173862695693969727e+00
3.165982246398925781e+00
3.148235321044921875e+00
3.146920919418334961e+00
3.159121990203857422e+00
3.161783218383789062e+00
3.157702922821044922e+00
3.158332586288452148e+00
3.156557083129882812e+00
3.150849103927612305e+00
3.147326469421386719e+00
3.141222953796386719e+00
3.136428117752075195e+00
3.136305570602416992e+00
3.141222000122070312e+00
3.141150236129760742e+00
3.135558366775512695e+00
3.134708881378173828e+00
3.136054754257202148e+00
3.137147188186645508e+00
3.137246370315551758e+00
3.136854648590087891e+00
3.136499166488647461e+00
3.135953664779663086e+00
3.135317325592041016e+00
3.134917259216308594e+00
3.134764194488525391e+00
3.134683609008789062e+00
3.134591102600097656e+00
3.134390354156494141e+00
3.134077548980712891e+00
3.133679389953613281e+00
3.133079051971435547e+00
3.132311344146728516e+00
3.131604671478271484e+00
3.130834341049194336e+00
3.130295276641845703e+00
3.129962682723999023e+00
3.129660844802856445e+00
3.129563808441162109e+00
3.129600524902343750e+00
3.129566431045532227e+00
3.129755735397338867e+00
3.129943609237670898e+00
3.129898309707641602e+00
3.130145549774169922e+00
3.129346370697021484e+00
3.129708528518676758e+00
3.129680633544921875e+00
3.130006074905395508e+00
3.129670619964599609e+00
3.129662752151489258e+00
3.129616975784301758e+00
3.129084110260009766e+00
3.128917932510375977e+00
3.127738475799560547e+00
3.127687931060791016e+00
3.128131389617919922e+00
3.128155946731567383e+00
3.128363132476806641e+00
3.129039525985717773e+00
3.129553556442260742e+00
3.130220413208007812e+00
3.130704641342163086e+00
3.130567073822021484e+00
3.129459619522094727e+00
3.128406524658203125e+00
3.126434564590454102e+00
3.124685287475585938e+00
3.123895883560180664e+00
3.122497558593750000e+00
3.120904445648193359e+00
3.119692802429199219e+00
3.118696451187133789e+00
3.117748498916625977e+00
3.116394758224487305e+00
3.115223169326782227e+00
3.114333868026733398e+00
3.113036394119262695e+00
3.112678289413452148e+00
3.112449645996093750e+00
3.111699819564819336e+00
3.111120700836181641e+00
3.110500812530517578e+00
3.109859228134155273e+00
3.110040187835693359e+00
3.109764575958251953e+00
3.109167337417602539e+00
3.108656167984008789e+00
3.108483552932739258e+00
3.108620166778564453e+00
3.086474180221557617e+00
3.048626422882080078e+00
3.001224517822265625e+00
2.910920381546020508e+00
2.747127056121826172e+00
2.575551986694335938e+00
2.397185564041137695e+00
2.266909122467041016e+00
2.153982162475585938e+00
2.050106525421142578e+00
1.970003724098205566e+00
1.912240743637084961e+00
1.872057557106018066e+00
1.837618112564086914e+00
1.826349735260009766e+00
1.798090815544128418e+00
1.787233352661132812e+00
1.770935416221618652e+00
1.767293572425842285e+00
1.749349117279052734e+00
1.722283601760864258e+00
1.729808807373046875e+00
1.712485313415527344e+00
1.704899668693542480e+00
1.689546108245849609e+00
1.676364421844482422e+00
1.662607073783874512e+00
1.666550159454345703e+00
1.654364705085754395e+00
1.650225043296813965e+00
1.649967670440673828e+00
1.639635801315307617e+00
1.644789457321166992e+00
1.637702584266662598e+00
1.637073874473571777e+00
1.633520126342773438e+00
1.625820875167846680e+00
1.614997029304504395e+00
1.602690100669860840e+00
1.602181673049926758e+00
1.595197916030883789e+00
1.588308215141296387e+00
1.588216781616210938e+00
1.587047576904296875e+00
1.692108511924743652e+00
1.662079930305480957e+00
1.688719749450683594e+00
1.614943504333496094e+00
1.577504158020019531e+00
1.601623535156250000e+00
1.594402909278869629e+00
1.581981301307678223e+00
1.576264381408691406e+00
1.579752445220947266e+00
1.571010708808898926e+00
1.557771801948547363e+00
1.548135519027709961e+00
1.544843316078186035e+00
1.537009954452514648e+00
1.542454004287719727e+00
1.536834120750427246e+00
1.535665750503540039e+00
1.528919219970703125e+00
1.528800725936889648e+00
1.524325609207153320e+00
1.522192716598510742e+00
1.517531156539916992e+00
1.515542984008789062e+00
1.513055801391601562e+00
1.509905934333801270e+00
1.507418513298034668e+00
1.504364967346191406e+00
1.502942323684692383e+00
1.500437378883361816e+00
1.498671293258666992e+00
1.494918942451477051e+00
1.490380048751831055e+00
1.488167405128479004e+00
1.485203623771667480e+00
1.483153343200683594e+00
1.480360507965087891e+00
1.477859854698181152e+00
1.475868582725524902e+00
1.473477721214294434e+00
1.471620202064514160e+00
1.469696998596191406e+00
1.467836022377014160e+00
1.466328263282775879e+00
1.464745163917541504e+00
1.463286161422729492e+00
1.461939930915832520e+00
1.460596680641174316e+00
1.459442615509033203e+00
1.458291411399841309e+00
1.457262873649597168e+00
1.456361413002014160e+00
1.455493927001953125e+00
1.454728245735168457e+00
1.454037189483642578e+00
1.453356027603149414e+00
1.452730178833007812e+00
1.452146887779235840e+00
1.451570749282836914e+00
1.451032519340515137e+00
1.450530648231506348e+00
1.450048089027404785e+00
1.449601650238037109e+00
1.449187278747558594e+00
1.448797345161437988e+00
1.448437452316284180e+00
1.448102712631225586e+00
1.447787046432495117e+00
1.447489261627197266e+00
1.447206497192382812e+00
1.446935176849365234e+00
1.446671485900878906e+00
1.446407318115234375e+00
1.446121573448181152e+00
1.445727467536926270e+00
1.444548964500427246e+00
1.439518213272094727e+00
1.440036296844482422e+00
1.439968228340148926e+00
1.439894199371337891e+00
1.439838171005249023e+00
1.439768791198730469e+00
1.439707159996032715e+00
1.439652562141418457e+00
1.439608931541442871e+00
1.439588427543640137e+00
1.439582943916320801e+00
1.439580440521240234e+00
1.439578533172607422e+00
1.439572930335998535e+00
1.439547419548034668e+00
1.439499616622924805e+00
1.439434170722961426e+00
1.439348220825195312e+00
1.439249873161315918e+00
1.439150094985961914e+00
1.439046502113342285e+00
1.438944458961486816e+00
1.438849806785583496e+00
1.438756346702575684e+00
1.438664913177490234e+00
1.438577413558959961e+00
1.438487648963928223e+00
1.438397049903869629e+00
1.438307523727416992e+00
1.438213586807250977e+00
1.438115954399108887e+00
1.438012838363647461e+00
1.437896728515625000e+00
1.437762022018432617e+00
1.437598586082458496e+00
1.437385439872741699e+00
1.437091231346130371e+00
1.436652302742004395e+00
1.435933709144592285e+00
1.434650182723999023e+00
1.432270288467407227e+00
1.428673148155212402e+00
1.426199913024902344e+00
1.426202297210693359e+00
1.428058028221130371e+00
1.429670214653015137e+00
1.429920196533203125e+00
1.428959250450134277e+00
1.427556514739990234e+00
1.426643013954162598e+00
1.426381111145019531e+00
1.426402688026428223e+00
1.426450729370117188e+00
1.426453709602355957e+00
1.426451444625854492e+00
1.426492094993591309e+00
1.426559448242187500e+00
1.426609396934509277e+00
1.426631689071655273e+00
1.426648020744323730e+00
1.426679253578186035e+00
1.426733493804931641e+00
1.426809787750244141e+00
1.426901459693908691e+00
1.426993608474731445e+00
1.427070021629333496e+00
1.427122592926025391e+00
1.427150487899780273e+00
1.427156805992126465e+00
1.427145004272460938e+00
1.427119851112365723e+00
1.427085995674133301e+00
1.427045464515686035e+00
1.426998257637023926e+00
1.426943898200988770e+00
1.426881909370422363e+00
1.426812529563903809e+00
1.426736950874328613e+00
1.426656723022460938e+00
1.426565289497375488e+00
1.426460981369018555e+00
1.426352143287658691e+00
1.426247358322143555e+00
1.426161646842956543e+00
1.426100611686706543e+00
1.426044702529907227e+00
1.425976634025573730e+00
1.425897955894470215e+00
1.425823450088500977e+00
1.425764560699462891e+00
1.425705909729003906e+00
1.425636172294616699e+00
1.425561189651489258e+00
1.425488710403442383e+00
1.425427079200744629e+00
1.425391316413879395e+00
1.425374031066894531e+00
1.425355553627014160e+00
1.425332069396972656e+00
1.425305008888244629e+00
1.425278306007385254e+00
1.425265789031982422e+00
1.425261497497558594e+00
1.425248742103576660e+00
1.425227642059326172e+00
1.425202608108520508e+00
1.425179958343505859e+00
1.425162911415100098e+00
1.425152897834777832e+00
1.425147414207458496e+00
1.425143480300903320e+00
1.425137758255004883e+00
1.425129175186157227e+00
1.425117611885070801e+00
1.425104022026062012e+00
1.425089716911315918e+00
1.425074815750122070e+00
1.425059914588928223e+00
1.425044298171997070e+00
1.425028204917907715e+00
1.425012111663818359e+00
1.424995541572570801e+00
1.424979209899902344e+00
1.424962162971496582e+00
1.424944996833801270e+00
1.424926638603210449e+00
1.424907684326171875e+00
1.424888253211975098e+00
1.424868464469909668e+00
1.424848794937133789e+00
1.424829006195068359e+00
1.424808859825134277e+00
1.424788236618041992e+00
1.424766778945922852e+00
1.424744725227355957e+00
1.424722194671630859e+00
1.424699544906616211e+00
1.424676775932312012e+00
1.424653768539428711e+00
1.424630641937255859e+00
1.424607276916503906e+00
1.424583673477172852e+00
1.424559950828552246e+00
1.424535870552062988e+00
1.424511671066284180e+00
1.424487471580505371e+00
1.424463152885437012e+00
1.424438357353210449e+00
1.424413561820983887e+00
1.424388527870178223e+00
1.424363255500793457e+00
1.424338102340698242e+00
1.424312710762023926e+00
1.424287080764770508e+00
1.424261331558227539e+00
1.424235463142395020e+00
1.424209475517272949e+00
1.424183487892150879e+00
1.424157381057739258e+00
1.424130797386169434e+00
1.424104213714599609e+00
1.424077510833740234e+00
1.424050688743591309e+00
1.424023509025573730e+00
1.423996448516845703e+00
1.423969030380249023e+00
1.423941373825073242e+00
1.423913717269897461e+00
1.423885583877563477e+00
1.423857450485229492e+00
1.423829078674316406e+00
1.423800706863403320e+00
1.423771739006042480e+00
1.423742771148681641e+00
1.423713445663452148e+00
1.423683881759643555e+00
1.423654079437255859e+00
1.423624038696289062e+00
1.423593640327453613e+00
1.423563122749328613e+00
1.423532009124755859e+00
1.423501014709472656e+00
1.423469305038452148e+00
1.423437714576721191e+00
1.423405170440673828e+00
1.423373103141784668e+00
1.423339486122131348e+00
1.423307299613952637e+00
1.423272609710693359e+00
1.423241019248962402e+00
1.423205137252807617e+00
1.423176765441894531e+00
1.423141956329345703e+00
1.423128247261047363e+00
1.423109889030456543e+00
1.423164486885070801e+00
1.423255681991577148e+00
1.423665046691894531e+00
1.423788309097290039e+00
1.424792408943176270e+00
1.426831960678100586e+00
1.428513765335083008e+00
1.426666975021362305e+00
1.425802469253540039e+00
1.424399971961975098e+00
1.423269391059875488e+00
1.422808408737182617e+00
1.422768592834472656e+00
1.422789573669433594e+00
1.423068284988403320e+00
1.423160076141357422e+00
1.423148155212402344e+00
1.423970699310302734e+00
1.423626422882080078e+00
1.423058867454528809e+00
1.422660470008850098e+00
1.422421813011169434e+00
1.422709465026855469e+00
1.422714352607727051e+00
1.422790408134460449e+00
1.422942399978637695e+00
1.423076391220092773e+00
1.423134446144104004e+00
1.423331499099731445e+00
1.423192977905273438e+00
1.423323035240173340e+00
1.423285007476806641e+00
1.423395633697509766e+00
1.423362374305725098e+00
1.423555612564086914e+00
1.423495769500732422e+00
1.423704385757446289e+00
1.423703432083129883e+00
1.423909068107604980e+00
1.423940896987915039e+00
1.424286842346191406e+00
1.424337029457092285e+00
1.424854636192321777e+00
1.424917817115783691e+00
1.425473570823669434e+00
1.425271034240722656e+00
1.425596117973327637e+00
1.424926400184631348e+00
1.424788713455200195e+00
1.424068570137023926e+00
1.423758506774902344e+00
1.423375248908996582e+00
1.423229455947875977e+00
1.423128366470336914e+00
1.423102140426635742e+00
1.423123478889465332e+00
1.423119783401489258e+00
1.423181056976318359e+00
1.423167228698730469e+00
1.423266053199768066e+00
1.423255324363708496e+00
1.423432350158691406e+00
1.423464894294738770e+00
1.423807621002197266e+00
1.423910379409790039e+00
1.424547553062438965e+00
1.424634575843811035e+00
1.425518035888671875e+00
1.425145983695983887e+00
1.425573825836181641e+00
1.424636363983154297e+00
1.424303054809570312e+00
1.423387169837951660e+00
1.423500776290893555e+00
1.423042654991149902e+00
1.422646284103393555e+00
1.422677755355834961e+00
1.422593116760253906e+00
1.422710418701171875e+00
1.422944664955139160e+00
1.423019886016845703e+00
1.422682166099548340e+00
1.422656893730163574e+00
1.422726750373840332e+00
1.422693729400634766e+00
1.422445893287658691e+00
1.422447443008422852e+00
1.422478437423706055e+00
1.422419428825378418e+00
1.422354459762573242e+00
1.422354936599731445e+00
1.422314286231994629e+00
1.422279477119445801e+00
1.422358989715576172e+00
1.422397136688232422e+00
1.422315239906311035e+00
1.422311186790466309e+00
1.422793507575988770e+00
1.423083662986755371e+00
1.423271894454956055e+00
1.423929572105407715e+00
1.425743937492370605e+00
1.425087332725524902e+00
1.425215601921081543e+00
1.424922108650207520e+00
1.422978281974792480e+00
1.422121882438659668e+00
1.422134041786193848e+00
1.421969652175903320e+00
1.422113180160522461e+00
1.422197699546813965e+00
1.422016978263854980e+00
1.422171235084533691e+00
1.422486305236816406e+00
1.422935247421264648e+00
1.422440052032470703e+00
1.422703385353088379e+00
1.423397660255432129e+00
1.424053788185119629e+00
1.423109292984008789e+00
1.423678636550903320e+00
1.423928022384643555e+00
1.422675848007202148e+00
1.421987175941467285e+00
1.422212243080139160e+00
1.421850085258483887e+00
1.421522378921508789e+00
1.421417236328125000e+00
1.421569228172302246e+00
1.421509385108947754e+00
1.421368241310119629e+00
1.421343564987182617e+00
1.421436309814453125e+00
1.421360492706298828e+00
1.421270251274108887e+00
1.421276807785034180e+00
1.421275258064270020e+00
1.421522140502929688e+00
1.421739339828491211e+00
1.421764850616455078e+00
1.421527028083801270e+00
1.421635985374450684e+00
1.422324538230895996e+00
1.423552513122558594e+00
1.423484444618225098e+00
1.423819184303283691e+00
1.424453020095825195e+00
1.423473834991455078e+00
1.421829223632812500e+00
1.421473145484924316e+00
1.421451091766357422e+00
1.421930193901062012e+00
1.422068119049072266e+00
1.422076582908630371e+00
1.421550989151000977e+00
1.421615004539489746e+00
1.422154307365417480e+00
1.422712087631225586e+00
1.422197341918945312e+00
1.422974705696105957e+00
1.423836708068847656e+00
1.423183202743530273e+00
1.422583103179931641e+00
1.422265291213989258e+00
1.421514630317687988e+00
1.420914053916931152e+00
1.420974135398864746e+00
1.421301960945129395e+00
1.421466588973999023e+00
1.421252369880676270e+00
1.421421527862548828e+00
1.421933412551879883e+00
1.422721743583679199e+00
1.422152161598205566e+00
1.422668457031250000e+00
1.423514366149902344e+00
1.422561764717102051e+00
1.421108245849609375e+00
1.420810103416442871e+00
1.420765519142150879e+00
1.420902490615844727e+00
1.420961022377014160e+00
1.420766472816467285e+00
1.420543909072875977e+00
1.420520782470703125e+00
1.420512795448303223e+00
1.420719027519226074e+00
1.420898318290710449e+00
1.420841813087463379e+00
1.420614838600158691e+00
1.420628070831298828e+00
1.421190619468688965e+00
1.421974778175354004e+00
1.421889185905456543e+00
1.421999573707580566e+00
1.422628998756408691e+00
1.421767473220825195e+00
1.420820236206054688e+00
1.420628428459167480e+00
1.420331239700317383e+00
1.420254945755004883e+00
1.420556306838989258e+00
1.421670913696289062e+00
1.422438144683837891e+00
1.422080397605895996e+00
1.421238422393798828e+00
1.420467495918273926e+00
1.420390367507934570e+00
1.420723080635070801e+00
1.420946717262268066e+00
1.420286178588867188e+00
1.419946789741516113e+00
1.419834971427917480e+00
1.419866681098937988e+00
1.420139670372009277e+00
1.420470833778381348e+00
1.420749425888061523e+00
1.420878887176513672e+00
1.421012759208679199e+00
1.421908020973205566e+00
1.422387957572937012e+00
1.421505570411682129e+00
1.421085238456726074e+00
1.421354055404663086e+00
1.421944260597229004e+00
1.421268463134765625e+00
1.420052886009216309e+00
1.419782876968383789e+00
1.420183300971984863e+00
1.419770240783691406e+00
1.419677615165710449e+00
1.420492649078369141e+00
1.420262694358825684e+00
1.420131802558898926e+00
1.420923590660095215e+00
1.421799778938293457e+00
1.423049211502075195e+00
1.424562692642211914e+00
1.425603508949279785e+00
1.421865105628967285e+00
1.420083999633789062e+00
1.419324636459350586e+00
1.419407129287719727e+00
1.419426202774047852e+00
1.419708847999572754e+00
1.420595407485961914e+00
1.421739101409912109e+00
1.422208428382873535e+00
1.422096610069274902e+00
1.423021674156188965e+00
1.421789407730102539e+00
1.421128511428833008e+00
1.419141054153442383e+00
1.421090841293334961e+00
1.421330928802490234e+00
1.423363566398620605e+00
1.421298503875732422e+00
1.420145034790039062e+00
1.419077992439270020e+00
1.419249296188354492e+00
1.419368863105773926e+00
1.419199109077453613e+00
1.419894576072692871e+00
1.419731974601745605e+00
1.419506907463073730e+00
1.419711828231811523e+00
1.419123530387878418e+00
1.418925523757934570e+00
1.419296145439147949e+00
1.419046401977539062e+00
1.418954849243164062e+00
1.419250845909118652e+00
1.419115304946899414e+00
1.419047951698303223e+00
1.419053077697753906e+00
1.419398188591003418e+00
1.420041441917419434e+00
1.420112967491149902e+00
1.419781804084777832e+00
1.419174671173095703e+00
1.418730139732360840e+00
1.418839693069458008e+00
1.418861508369445801e+00
1.418649077415466309e+00
1.418780207633972168e+00
1.419998884201049805e+00
1.420951247215270996e+00
1.421503901481628418e+00
1.423267364501953125e+00
1.420976996421813965e+00
1.419449329376220703e+00
1.418424367904663086e+00
1.418735027313232422e+00
1.418127536773681641e+00
1.419139504432678223e+00
1.420213341712951660e+00
1.420152902603149414e+00
1.420884847640991211e+00
1.418582081794738770e+00
1.418790578842163086e+00
1.418274521827697754e+00
1.419249415397644043e+00
1.420785427093505859e+00
1.419900298118591309e+00
1.419790983200073242e+00
1.418518781661987305e+00
1.420414447784423828e+00
1.420732855796813965e+00
1.421294808387756348e+00
1.422113895416259766e+00
1.420652747154235840e+00
1.417944073677062988e+00
1.420684933662414551e+00
1.418978810310363770e+00
1.418704867362976074e+00
1.418603181838989258e+00
1.419328331947326660e+00
1.420567631721496582e+00
1.419957518577575684e+00
1.417882442474365234e+00
1.419049859046936035e+00
1.419005393981933594e+00
1.418177127838134766e+00
1.418227076530456543e+00
1.417684674263000488e+00
1.417889237403869629e+00
1.417468786239624023e+00
1.417401552200317383e+00
1.416938185691833496e+00
1.417064666748046875e+00
1.417116403579711914e+00
1.417309403419494629e+00
1.417596340179443359e+00
1.417561173439025879e+00
1.417368292808532715e+00
1.417007088661193848e+00
1.416754245758056641e+00
1.416612982749938965e+00
1.416632175445556641e+00
1.416678667068481445e+00
1.416857361793518066e+00
1.416621088981628418e+00
1.416528224945068359e+00
1.416469573974609375e+00
1.416401863098144531e+00
1.416364908218383789e+00
1.416387200355529785e+00
1.416408061981201172e+00
1.416429758071899414e+00
1.416526198387145996e+00
1.416601061820983887e+00
1.416395068168640137e+00
1.416364550590515137e+00
1.416286945343017578e+00
1.416262269020080566e+00
1.416267156600952148e+00
1.416283488273620605e+00
1.416381716728210449e+00
1.416490077972412109e+00
1.416203379631042480e+00
1.416168093681335449e+00
1.416147589683532715e+00
1.416123151779174805e+00
1.416188836097717285e+00
1.416341423988342285e+00
1.416152596473693848e+00
1.416037201881408691e+00
1.415792942047119141e+00
1.415787696838378906e+00
1.415791034698486328e+00
1.415949225425720215e+00
1.416161775588989258e+00
1.416012525558471680e+00
1.416021466255187988e+00
1.415747880935668945e+00
1.415590524673461914e+00
1.415490627288818359e+00
1.415409564971923828e+00
1.415367007255554199e+00
1.415435314178466797e+00
1.415457725524902344e+00
1.415549993515014648e+00
1.415436148643493652e+00
1.415303230285644531e+00
1.415328979492187500e+00
1.415309548377990723e+00
1.415140748023986816e+00
1.415099501609802246e+00
1.415043950080871582e+00
1.414970636367797852e+00
1.414925336837768555e+00
1.414966344833374023e+00
1.414963483810424805e+00
1.415012836456298828e+00
1.415320754051208496e+00
1.415199875831604004e+00
1.415288925170898438e+00
1.415139198303222656e+00
1.415255904197692871e+00
1.414984941482543945e+00
1.414830207824707031e+00
1.415016889572143555e+00
1.415069103240966797e+00
1.415081620216369629e+00
1.415227293968200684e+00
1.415217280387878418e+00
1.415369629859924316e+00
1.415252685546875000e+00
1.415402173995971680e+00
1.415187001228332520e+00
1.415081858634948730e+00
1.414887428283691406e+00
1.414922595024108887e+00
1.414528250694274902e+00
1.414476394653320312e+00
1.414323568344116211e+00
1.414099454879760742e+00
1.414163589477539062e+00
1.414391756057739258e+00
1.414237022399902344e+00
1.414484500885009766e+00
1.414517521858215332e+00
1.414597749710083008e+00
1.414785027503967285e+00
1.415471553802490234e+00
1.416045546531677246e+00
1.416665077209472656e+00
1.417772531509399414e+00
1.417706012725830078e+00
1.417085647583007812e+00
1.415690422058105469e+00
1.413687944412231445e+00
1.412695407867431641e+00
1.412336587905883789e+00
1.412106633186340332e+00
1.412020921707153320e+00
1.411583900451660156e+00
1.411201596260070801e+00
1.409756898880004883e+00
1.408696651458740234e+00
1.407602071762084961e+00
1.407150626182556152e+00
1.411999940872192383e+00
1.420605301856994629e+00
1.444788098335266113e+00
1.416721940040588379e+00
1.425660729408264160e+00
1.419140100479125977e+00
1.441375374794006348e+00
1.442787528038024902e+00
1.451622247695922852e+00
1.440792798995971680e+00
1.431339025497436523e+00
1.427049756050109863e+00
1.426974654197692871e+00
1.425560832023620605e+00
1.423387169837951660e+00
1.420630216598510742e+00
1.419488430023193359e+00
1.419391036033630371e+00
1.419878005981445312e+00
1.419146299362182617e+00
1.417796134948730469e+00
1.416222929954528809e+00
1.415976762771606445e+00
1.415887713432312012e+00
1.414240360260009766e+00
1.413215398788452148e+00
1.412553310394287109e+00
1.411331772804260254e+00
1.410417914390563965e+00
1.410063624382019043e+00
1.409654617309570312e+00
1.408625483512878418e+00
1.407611131668090820e+00
1.405960798263549805e+00
1.404884696006774902e+00
1.403604865074157715e+00
1.401974201202392578e+00
1.400750041007995605e+00
1.399163007736206055e+00
1.398202657699584961e+00
1.397886991500854492e+00
1.396473169326782227e+00
1.395843505859375000e+00
1.394743919372558594e+00
1.394230723381042480e+00
1.393855571746826172e+00
1.393359899520874023e+00
1.393414139747619629e+00
1.393249630928039551e+00
1.393897771835327148e+00
1.395165443420410156e+00
1.396853923797607422e+00
1.396058678627014160e+00
1.395068526268005371e+00
1.393127799034118652e+00
1.391472697257995605e+00
1.390425562858581543e+00
1.390061020851135254e+00
1.390151500701904297e+00
1.390144467353820801e+00
1.390714526176452637e+00
1.391091704368591309e+00
1.392279982566833496e+00
1.392981290817260742e+00
1.393345952033996582e+00
1.392882704734802246e+00
1.390400528907775879e+00
1.390047311782836914e+00
1.389173150062561035e+00
1.389367938041687012e+00
1.389748930931091309e+00
1.389341235160827637e+00
1.389118790626525879e+00
1.389025449752807617e+00
1.388844847679138184e+00
1.389083147048950195e+00
1.388926506042480469e+00
1.388731002807617188e+00
1.388849377632141113e+00
1.388628244400024414e+00
1.388346195220947266e+00
1.388245582580566406e+00
1.388239026069641113e+00
1.388276338577270508e+00
1.388401031494140625e+00
1.388381361961364746e+00
1.388491511344909668e+00
1.389065861701965332e+00
1.391275405883789062e+00
1.391067385673522949e+00
1.389399409294128418e+00
1.388858675956726074e+00
1.388211965560913086e+00
1.387399435043334961e+00
1.387010216712951660e+00
1.387049794197082520e+00
1.386831521987915039e+00
1.386490583419799805e+00
1.386396646499633789e+00
1.386302471160888672e+00
1.386252522468566895e+00
1.386326432228088379e+00
1.386913418769836426e+00
1.389316916465759277e+00
1.396225452423095703e+00
1.409066915512084961e+00
1.438784956932067871e+00
1.421257615089416504e+00
1.393926739692687988e+00
1.413975358009338379e+00
1.394317269325256348e+00
1.403581976890563965e+00
1.400841951370239258e+00
1.391188859939575195e+00
1.410416603088378906e+00
1.412973761558532715e+00
1.393614530563354492e+00
1.412192583084106445e+00
1.394161701202392578e+00
