2.902522659301757812e+01
2.854824066162109375e+01
2.808035087585449219e+01
2.762099266052246094e+01
2.714717292785644531e+01
2.664267921447753906e+01
2.606233787536621094e+01
2.539621543884277344e+01
2.464579010009765625e+01
2.380942726135253906e+01
2.290248298645019531e+01
2.177816009521484375e+01
2.056658363342285156e+01
1.910441207885742188e+01
1.813918304443359375e+01
1.736278152465820312e+01
1.665635490417480469e+01
1.613857269287109375e+01
1.573118782043457031e+01
1.542098331451416016e+01
1.519164276123046875e+01
1.502885723114013672e+01
1.491654205322265625e+01
1.485071468353271484e+01
1.482333087921142578e+01
1.478349590301513672e+01
1.475880718231201172e+01
1.476384735107421875e+01
1.478213119506835938e+01
1.480679893493652344e+01
1.483325481414794922e+01
1.485789775848388672e+01
1.487810325622558594e+01
1.489228439331054688e+01
1.489986228942871094e+01
1.490151977539062500e+01
1.490235233306884766e+01
1.490169239044189453e+01
1.489554977416992188e+01
1.488450145721435547e+01
1.486974525451660156e+01
1.485336971282958984e+01
1.483716392517089844e+01
1.482212734222412109e+01
1.480883502960205078e+01
1.479790019989013672e+01
1.479041290283203125e+01
1.478596305847167969e+01
1.478295898437500000e+01
1.478053092956542969e+01
1.477842903137207031e+01
1.477708148956298828e+01
1.477530670166015625e+01
1.477245426177978516e+01
1.476973247528076172e+01
1.476770687103271484e+01
1.476595306396484375e+01
1.476388072967529297e+01
1.476113510131835938e+01
1.475755500793457031e+01
1.475265598297119141e+01
1.474570274353027344e+01
1.473787498474121094e+01
1.473109626770019531e+01
1.472915935516357422e+01
1.476324939727783203e+01
1.474171924591064453e+01
1.469044494628906250e+01
1.465587615966796875e+01
1.461661434173583984e+01
1.458081626892089844e+01
1.454324817657470703e+01
1.452445983886718750e+01
1.450014400482177734e+01
1.446772480010986328e+01
1.444136810302734375e+01
1.442204666137695312e+01
1.439829158782958984e+01
1.437737083435058594e+01
1.436427021026611328e+01
1.434912776947021484e+01
1.433055782318115234e+01
1.431402778625488281e+01
1.430254173278808594e+01
1.428171634674072266e+01
1.427172088623046875e+01
1.426847267150878906e+01
1.427031898498535156e+01
1.428323459625244141e+01
1.424686241149902344e+01
1.423024463653564453e+01
1.422027111053466797e+01
1.424263763427734375e+01
1.423081302642822266e+01
1.421057224273681641e+01
1.420149707794189453e+01
1.420099639892578125e+01
1.419813823699951172e+01
1.420656585693359375e+01
1.419155025482177734e+01
1.418761539459228516e+01
1.418684864044189453e+01
1.416585540771484375e+01
1.413672542572021484e+01
1.411588859558105469e+01
1.410052013397216797e+01
1.408750820159912109e+01
1.407687759399414062e+01
1.406891536712646484e+01
1.405891036987304688e+01
1.405038166046142578e+01
1.404702091217041016e+01
1.403585815429687500e+01
1.402908325195312500e+01
1.403252315521240234e+01
1.402146339416503906e+01
1.401430892944335938e+01
1.403813648223876953e+01
1.404107475280761719e+01
1.404831409454345703e+01
1.403371906280517578e+01
1.408776378631591797e+01
1.404082775115966797e+01
1.399899387359619141e+01
1.399388313293457031e+01
1.400299835205078125e+01
1.401560020446777344e+01
1.403241157531738281e+01
1.401171684265136719e+01
1.400817489624023438e+01
1.401059722900390625e+01
1.401219749450683594e+01
1.401246929168701172e+01
1.401248359680175781e+01
1.401046466827392578e+01
1.400830078125000000e+01
1.400821399688720703e+01
1.400858020782470703e+01
1.400579929351806641e+01
1.400256443023681641e+01
1.400189781188964844e+01
1.400294494628906250e+01
1.400099658966064453e+01
1.399794960021972656e+01
1.399803447723388672e+01
1.400139045715332031e+01
1.400288105010986328e+01
1.400133419036865234e+01
1.400022602081298828e+01
1.400115680694580078e+01
1.400376701354980469e+01
1.400616168975830078e+01
1.400630569458007812e+01
1.400705146789550781e+01
1.400836372375488281e+01
1.401040077209472656e+01
1.401307964324951172e+01
1.401628589630126953e+01
1.401775074005126953e+01
1.401920318603515625e+01
1.402111911773681641e+01
1.402331733703613281e+01
1.402446556091308594e+01
1.402511501312255859e+01
1.402742385864257812e+01
1.403106117248535156e+01
1.403426170349121094e+01
1.403617954254150391e+01
1.403717231750488281e+01
1.403843021392822266e+01
1.403980064392089844e+01
1.404104709625244141e+01
1.404277610778808594e+01
1.404475688934326172e+01
1.404674434661865234e+01
1.404865264892578125e+01
1.405124855041503906e+01
1.405279922485351562e+01
1.405460643768310547e+01
1.405700016021728516e+01
1.405954074859619141e+01
1.406126689910888672e+01
1.406381225585937500e+01
1.406545734405517578e+01
1.406691741943359375e+01
1.406791782379150391e+01
1.406927013397216797e+01
1.407144451141357422e+01
1.407296752929687500e+01
1.407364559173583984e+01
1.407489681243896484e+01
1.407646369934082031e+01
1.407798099517822266e+01
1.408101654052734375e+01
1.408139705657958984e+01
1.408147716522216797e+01
1.408302783966064453e+01
1.408549118041992188e+01
1.408586311340332031e+01
1.408576965332031250e+01
1.408625030517578125e+01
1.408684921264648438e+01
1.408809185028076172e+01
1.408869266510009766e+01
1.408813381195068359e+01
1.408825588226318359e+01
1.408879756927490234e+01
1.409015846252441406e+01
1.409092807769775391e+01
1.408940410614013672e+01
1.408993244171142578e+01
1.409250736236572266e+01
1.409038066864013672e+01
1.409065341949462891e+01
1.409125328063964844e+01
1.409115409851074219e+01
1.409095096588134766e+01
1.409171581268310547e+01
1.409156227111816406e+01
1.409213256835937500e+01
1.409256458282470703e+01
1.409205627441406250e+01
1.409473323822021484e+01
1.409246921539306641e+01
1.409279918670654297e+01
1.409366893768310547e+01
1.409292221069335938e+01
1.409293651580810547e+01
1.409395694732666016e+01
1.409309005737304688e+01
1.409360694885253906e+01
1.409376811981201172e+01
1.409375381469726562e+01
1.409385395050048828e+01
1.409428882598876953e+01
1.409428501129150391e+01
1.409483242034912109e+01
1.409476661682128906e+01
1.409507083892822266e+01
1.409522342681884766e+01
1.409560203552246094e+01
1.409592247009277344e+01
1.409626770019531250e+01
1.409659481048583984e+01
1.409690761566162109e+01
1.409724617004394531e+01
1.409758853912353516e+01
1.409787178039550781e+01
1.409807682037353516e+01
1.409828948974609375e+01
1.409848880767822266e+01
1.409867477416992188e+01
1.409885692596435547e+01
1.409897327423095703e+01
1.409910297393798828e+01
1.409924411773681641e+01
1.409941005706787109e+01
1.409957695007324219e+01
1.409974288940429688e+01
1.409990978240966797e+01
1.410006713867187500e+01
1.410021877288818359e+01
1.410036087036132812e+01
1.410048484802246094e+01
1.410057735443115234e+01
1.410064697265625000e+01
1.410070133209228516e+01
1.410076236724853516e+01
1.410083103179931641e+01
1.410091114044189453e+01
1.410099220275878906e+01
1.410107517242431641e+01
1.410116863250732422e+01
1.410127735137939453e+01
1.410140419006347656e+01
1.410155200958251953e+01
1.410178470611572266e+01
1.410189056396484375e+01
1.410170364379882812e+01
1.410139751434326172e+01
1.410132122039794922e+01
1.410103416442871094e+01
1.410026073455810547e+01
1.409972381591796875e+01
1.410017967224121094e+01
1.410003089904785156e+01
1.410333442687988281e+01
1.410239028930664062e+01
1.409754180908203125e+01
1.410335540771484375e+01
1.409829711914062500e+01
1.408602809906005859e+01
1.408026599884033203e+01
1.407769870758056641e+01
1.407192707061767578e+01
1.406839084625244141e+01
1.407297134399414062e+01
1.406297206878662109e+01
1.406068515777587891e+01
1.406041240692138672e+01
1.405895519256591797e+01
1.405795478820800781e+01
1.405665397644042969e+01
1.405554389953613281e+01
1.405444717407226562e+01
1.405452537536621094e+01
1.405300712585449219e+01
1.405079650878906250e+01
1.404943370819091797e+01
1.404761314392089844e+01
1.404615211486816406e+01
1.404572677612304688e+01
1.404471397399902344e+01
1.404357147216796875e+01
1.404370498657226562e+01
1.404952812194824219e+01
1.404387664794921875e+01
1.408260440826416016e+01
1.404510211944580078e+01
1.406285858154296875e+01
1.406280231475830078e+01
1.406118774414062500e+01
1.405377960205078125e+01
1.407261085510253906e+01
1.407338619232177734e+01
1.407172679901123047e+01
1.406639766693115234e+01
1.406273651123046875e+01
1.406250000000000000e+01
1.405749416351318359e+01
1.406239032745361328e+01
1.405401229858398438e+01
1.405586338043212891e+01
1.405765533447265625e+01
1.405836772918701172e+01
1.405815029144287109e+01
1.405620861053466797e+01
1.405739688873291016e+01
1.405657863616943359e+01
1.405613994598388672e+01
1.405902194976806641e+01
1.405560779571533203e+01
1.405587673187255859e+01
1.405568027496337891e+01
1.405547428131103516e+01
1.405634784698486328e+01
1.405784511566162109e+01
1.405671215057373047e+01
1.405601501464843750e+01
1.405608272552490234e+01
1.405653285980224609e+01
1.405580806732177734e+01
1.405565643310546875e+01
1.405631542205810547e+01
1.405675601959228516e+01
1.405729198455810547e+01
1.405724716186523438e+01
1.405730628967285156e+01
1.405710601806640625e+01
1.405696010589599609e+01
1.405693531036376953e+01
1.405691051483154297e+01
1.405709266662597656e+01
1.405725383758544922e+01
1.405755710601806641e+01
1.405760765075683594e+01
1.405764484405517578e+01
1.405780124664306641e+01
1.405785369873046875e+01
1.405763816833496094e+01
1.405774593353271484e+01
1.405777454376220703e+01
1.405802345275878906e+01
1.405802726745605469e+01
1.405819606781005859e+01
1.405817699432373047e+01
1.405868339538574219e+01
1.405945491790771484e+01
1.405868434906005859e+01
1.405854606628417969e+01
1.405835056304931641e+01
1.405883884429931641e+01
1.405837821960449219e+01
1.405812072753906250e+01
1.405802822113037109e+01
1.405794906616210938e+01
1.405779457092285156e+01
1.405782604217529297e+01
1.405801868438720703e+01
1.405797767639160156e+01
1.405764293670654297e+01
1.405774402618408203e+01
1.405780220031738281e+01
1.405816841125488281e+01
1.405822086334228516e+01
1.405881977081298828e+01
1.405881118774414062e+01
1.405864429473876953e+01
1.405952167510986328e+01
1.405951309204101562e+01
1.405938625335693359e+01
1.405977916717529297e+01
1.406004142761230469e+01
1.406000995635986328e+01
1.405992984771728516e+01
1.405994319915771484e+01
1.405985069274902344e+01
1.405994224548339844e+01
1.405999469757080078e+01
1.405974960327148438e+01
1.406017398834228516e+01
1.406024646759033203e+01
1.405984687805175781e+01
1.406000995635986328e+01
1.406008815765380859e+01
1.406005287170410156e+01
1.406107997894287109e+01
1.406096363067626953e+01
1.406070137023925781e+01
1.406016254425048828e+01
1.406018161773681641e+01
1.406014537811279297e+01
1.405998897552490234e+01
1.406034851074218750e+01
1.406095314025878906e+01
1.405999851226806641e+01
1.406220912933349609e+01
1.406130504608154297e+01
1.405974006652832031e+01
1.406106185913085938e+01
1.406090736389160156e+01
1.406017303466796875e+01
1.406050205230712891e+01
1.405959796905517578e+01
1.405996036529541016e+01
1.405824089050292969e+01
1.405800628662109375e+01
1.405823326110839844e+01
1.405802631378173828e+01
1.405768299102783203e+01
1.405800056457519531e+01
1.405703926086425781e+01
1.405654430389404297e+01
1.405645465850830078e+01
1.405608558654785156e+01
1.405533599853515625e+01
1.405497741699218750e+01
1.405619430541992188e+01
1.405474281311035156e+01
1.405383586883544922e+01
1.405545043945312500e+01
1.405680656433105469e+01
1.405314826965332031e+01
1.405648612976074219e+01
1.405532932281494141e+01
1.405229663848876953e+01
1.405482006072998047e+01
1.405264949798583984e+01
1.405047225952148438e+01
1.405369949340820312e+01
1.405094337463378906e+01
1.404919147491455078e+01
1.405225276947021484e+01
1.404851341247558594e+01
1.404701232910156250e+01
1.405032253265380859e+01
1.404616832733154297e+01
1.404485607147216797e+01
1.404840946197509766e+01
1.404514503479003906e+01
1.404301166534423828e+01
1.404275321960449219e+01
1.404531860351562500e+01
1.404239368438720703e+01
1.404651165008544922e+01
1.404317188262939453e+01
1.404273414611816406e+01
1.404123973846435547e+01
1.403992176055908203e+01
1.404004573822021484e+01
1.403680610656738281e+01
1.403675174713134766e+01
1.403682613372802734e+01
1.403392410278320312e+01
1.403280830383300781e+01
1.403067111968994141e+01
1.403104686737060547e+01
1.403086566925048828e+01
1.402704524993896484e+01
1.402919292449951172e+01
1.402631187438964844e+01
1.402424240112304688e+01
1.402202415466308594e+01
1.402443695068359375e+01
1.402206993103027344e+01
1.401913642883300781e+01
1.401768970489501953e+01
1.401875782012939453e+01
1.401778984069824219e+01
1.401503276824951172e+01
1.401368236541748047e+01
1.401279449462890625e+01
1.401675987243652344e+01
1.401171875000000000e+01
1.400981998443603516e+01
1.400890636444091797e+01
1.401027107238769531e+01
1.401131916046142578e+01
1.400701618194580078e+01
1.400985527038574219e+01
1.400825595855712891e+01
1.400487232208251953e+01
1.400472259521484375e+01
1.400599956512451172e+01
1.401076412200927734e+01
1.400273227691650391e+01
1.400192546844482422e+01
1.400714206695556641e+01
1.400188541412353516e+01
1.400075817108154297e+01
1.399929332733154297e+01
1.400233268737792969e+01
1.399864387512207031e+01
1.399710655212402344e+01
1.399701976776123047e+01
1.399679279327392578e+01
1.399644184112548828e+01
1.399524784088134766e+01
1.399641990661621094e+01
1.399713993072509766e+01
1.399474716186523438e+01
1.399308586120605469e+01
1.399259662628173828e+01
1.399303531646728516e+01
1.399165153503417969e+01
1.399142360687255859e+01
1.399116420745849609e+01
1.399654006958007812e+01
1.399026966094970703e+01
1.398888397216796875e+01
1.398920536041259766e+01
1.399006557464599609e+01
1.398951148986816406e+01
1.398854255676269531e+01
1.399325180053710938e+01
1.399520778656005859e+01
1.398878002166748047e+01
1.399701595306396484e+01
1.399079036712646484e+01
1.399151515960693359e+01
1.398819160461425781e+01
1.399937152862548828e+01
1.403531932830810547e+01
1.401335048675537109e+01
1.402013587951660156e+01
1.405167198181152344e+01
1.443866252899169922e+01
1.401779174804687500e+01
1.409808349609375000e+01
1.400837326049804688e+01
1.434306907653808594e+01
1.447943401336669922e+01
1.411584854125976562e+01
1.409871482849121094e+01
1.412074661254882812e+01
1.410150718688964844e+01
1.434053707122802734e+01
1.412019729614257812e+01
1.410048675537109375e+01
1.408660125732421875e+01
1.404770374298095703e+01
1.405366039276123047e+01
1.404486656188964844e+01
1.403445911407470703e+01
1.404665756225585938e+01
1.404525184631347656e+01
1.402314758300781250e+01
1.402989578247070312e+01
1.403232574462890625e+01
1.401307964324951172e+01
1.402715778350830078e+01
1.401300048828125000e+01
1.403484058380126953e+01
1.403535461425781250e+01
1.401793384552001953e+01
1.402376937866210938e+01
1.401952743530273438e+01
1.403056335449218750e+01
1.402542018890380859e+01
1.402123260498046875e+01
1.402264022827148438e+01
1.402083873748779297e+01
1.402214431762695312e+01
1.402198886871337891e+01
1.402149105072021484e+01
1.402580165863037109e+01
1.402313804626464844e+01
1.402456283569335938e+01
1.402268886566162109e+01
1.401974010467529297e+01
1.402013111114501953e+01
1.402163410186767578e+01
1.402378368377685547e+01
1.402438831329345703e+01
1.402116298675537109e+01
1.401986598968505859e+01
1.402003765106201172e+01
1.402114009857177734e+01
1.401608371734619141e+01
1.401627826690673828e+01
1.400679588317871094e+01
1.400460815429687500e+01
1.401046276092529297e+01
1.399937534332275391e+01
1.399982261657714844e+01
1.400638866424560547e+01
1.400427722930908203e+01
1.400033855438232422e+01
1.400097846984863281e+01
1.400143527984619141e+01
1.400322914123535156e+01
1.400885677337646484e+01
1.400472640991210938e+01
1.400336074829101562e+01
1.400373744964599609e+01
1.400604534149169922e+01
1.400407505035400391e+01
1.400399684906005859e+01
1.400508403778076172e+01
1.400368213653564453e+01
1.400353813171386719e+01
1.400366020202636719e+01
1.400381660461425781e+01
1.400435829162597656e+01
1.400526142120361328e+01
1.400565242767333984e+01
1.400596904754638672e+01
1.400620937347412109e+01
1.400670814514160156e+01
1.400947952270507812e+01
1.400819301605224609e+01
1.400839710235595703e+01
1.400787830352783203e+01
1.400971603393554688e+01
1.400852680206298828e+01
1.400993347167968750e+01
1.400845527648925781e+01
1.400898456573486328e+01
1.400868511199951172e+01
1.401064491271972656e+01
1.400950908660888672e+01
1.400921916961669922e+01
1.400958347320556641e+01
1.400925445556640625e+01
1.401053714752197266e+01
1.400967025756835938e+01
1.401021194458007812e+01
1.400962543487548828e+01
1.400977611541748047e+01
1.401026630401611328e+01
1.401062393188476562e+01
1.400932979583740234e+01
1.401277923583984375e+01
1.400918674468994141e+01
1.400958156585693359e+01
1.400976371765136719e+01
1.400924110412597656e+01
1.401157379150390625e+01
1.401039505004882812e+01
1.400932979583740234e+01
1.400956439971923828e+01
1.400852203369140625e+01
1.400905132293701172e+01
1.400793266296386719e+01
1.401002502441406250e+01
1.400888729095458984e+01
1.400814819335937500e+01
1.400833415985107422e+01
1.401181888580322266e+01
1.400863075256347656e+01
1.401128196716308594e+01
1.400769710540771484e+01
1.400813388824462891e+01
1.400766277313232422e+01
1.400938129425048828e+01
1.400844097137451172e+01
1.400827789306640625e+01
1.400840854644775391e+01
1.400787067413330078e+01
1.400759506225585938e+01
1.400745964050292969e+01
1.400782108306884766e+01
1.401024723052978516e+01
1.400759696960449219e+01
1.400910377502441406e+01
1.400738620758056641e+01
1.401023674011230469e+01
1.400894355773925781e+01
1.401290607452392578e+01
1.400674724578857422e+01
1.401186275482177734e+01
1.400877666473388672e+01
1.400824260711669922e+01
1.400871753692626953e+01
1.401001739501953125e+01
1.400790309906005859e+01
1.402071666717529297e+01
1.401284885406494141e+01
1.400706100463867188e+01
1.400685214996337891e+01
1.400426387786865234e+01
1.401662349700927734e+01
1.401214885711669922e+01
1.404168987274169922e+01
1.404104137420654297e+01
1.401548480987548828e+01
1.404137992858886719e+01
1.401586055755615234e+01
1.400194931030273438e+01
1.401475620269775391e+01
1.400018405914306641e+01
1.400982475280761719e+01
1.400732231140136719e+01
1.400062274932861328e+01
1.400271892547607422e+01
1.400062656402587891e+01
1.400336265563964844e+01
1.400164699554443359e+01
1.400495815277099609e+01
1.400209045410156250e+01
1.400244903564453125e+01
1.400147151947021484e+01
1.400177574157714844e+01
1.400428867340087891e+01
1.400331974029541016e+01
1.400467777252197266e+01
1.400158882141113281e+01
1.400236988067626953e+01
1.400247764587402344e+01
1.400177860260009766e+01
1.400324535369873047e+01
1.400214099884033203e+01
1.400205039978027344e+01
1.400207805633544922e+01
1.400202751159667969e+01
1.400158596038818359e+01
1.400171184539794922e+01
1.400170135498046875e+01
1.400194263458251953e+01
1.400204658508300781e+01
1.400193405151367188e+01
1.400187301635742188e+01
1.400216007232666016e+01
1.400188159942626953e+01
1.400225543975830078e+01
1.400196170806884766e+01
1.400532341003417969e+01
1.400520324707031250e+01
1.400341415405273438e+01
1.400225543975830078e+01
1.400686931610107422e+01
1.400355243682861328e+01
1.401890754699707031e+01
1.401718616485595703e+01
1.402307987213134766e+01
1.404139614105224609e+01
1.400038051605224609e+01
1.402713871002197266e+01
1.400905513763427734e+01
1.399744033813476562e+01
1.400067234039306641e+01
1.399609756469726562e+01
1.399802112579345703e+01
1.400992488861083984e+01
1.400311756134033203e+01
1.400519371032714844e+01
1.399684143066406250e+01
1.399873733520507812e+01
1.399743366241455078e+01
1.399650764465332031e+01
1.399615573883056641e+01
1.400891208648681641e+01
1.401795673370361328e+01
1.399936389923095703e+01
1.401521301269531250e+01
1.399459743499755859e+01
1.399650287628173828e+01
1.399260616302490234e+01
1.399021911621093750e+01
1.400001907348632812e+01
1.399332237243652344e+01
1.399010086059570312e+01
1.399069976806640625e+01
1.399721622467041016e+01
1.400201034545898438e+01
1.399338912963867188e+01
1.399067401885986328e+01
1.398781871795654297e+01
1.399497127532958984e+01
1.399011993408203125e+01
1.399418067932128906e+01
1.399774646759033203e+01
1.399341392517089844e+01
1.399306869506835938e+01
1.399269104003906250e+01
1.399249839782714844e+01
1.399330520629882812e+01
1.399373435974121094e+01
1.399463748931884766e+01
1.399533462524414062e+01
1.399513626098632812e+01
1.399483966827392578e+01
1.399482154846191406e+01
1.399490261077880859e+01
1.399516487121582031e+01
1.399545955657958984e+01
1.399526500701904297e+01
1.399537277221679688e+01
1.399537086486816406e+01
1.399551868438720703e+01
1.399538993835449219e+01
1.399518871307373047e+01
1.399516582489013672e+01
1.399513912200927734e+01
1.399513912200927734e+01
1.399510192871093750e+01
1.399504280090332031e+01
1.399499034881591797e+01
1.399487400054931641e+01
1.399478912353515625e+01
1.399475288391113281e+01
1.399462509155273438e+01
1.399453830718994141e+01
1.399455356597900391e+01
1.399434185028076172e+01
1.399416160583496094e+01
1.399384880065917969e+01
1.399537277221679688e+01
1.399547863006591797e+01
1.399453353881835938e+01
1.399315643310546875e+01
1.399595165252685547e+01
1.399368858337402344e+01
1.399643898010253906e+01
1.399296760559082031e+01
1.399511337280273438e+01
1.399152183532714844e+01
1.399360561370849609e+01
1.399126815795898438e+01
1.399068260192871094e+01
1.398977184295654297e+01
1.399868488311767578e+01
1.399458408355712891e+01
1.399298572540283203e+01
1.400300407409667969e+01
1.398883724212646484e+01
1.400859737396240234e+01
1.400475597381591797e+01
1.402421665191650391e+01
1.399685955047607422e+01
1.401360130310058594e+01
1.398463249206542969e+01
1.398928451538085938e+01
1.406653976440429688e+01
1.403465938568115234e+01
1.398344326019287109e+01
1.398531818389892578e+01
1.398344516754150391e+01
1.397298431396484375e+01
1.397404193878173828e+01
1.396238517761230469e+01
1.397709751129150391e+01
1.400041675567626953e+01
1.399386596679687500e+01
1.397125720977783203e+01
1.396893978118896484e+01
1.396501541137695312e+01
1.396517562866210938e+01
1.396184825897216797e+01
1.397260379791259766e+01
1.396134471893310547e+01
1.396145725250244141e+01
1.396425437927246094e+01
1.396525382995605469e+01
1.396658802032470703e+01
1.396834087371826172e+01
1.396977615356445312e+01
1.397314071655273438e+01
1.397671890258789062e+01
1.397574329376220703e+01
1.397415733337402344e+01
1.397391986846923828e+01
1.397550106048583984e+01
1.397669124603271484e+01
1.397722244262695312e+01
1.397681045532226562e+01
1.397688198089599609e+01
1.397650337219238281e+01
1.397720909118652344e+01
1.397744369506835938e+01
1.397799968719482422e+01
1.397870349884033203e+01
1.397880268096923828e+01
1.397890281677246094e+01
1.397897815704345703e+01
1.397898101806640625e+01
1.397900772094726562e+01
1.397872924804687500e+01
1.397887516021728516e+01
1.397840118408203125e+01
1.397818374633789062e+01
1.397816562652587891e+01
1.397746753692626953e+01
1.397730064392089844e+01
1.397711181640625000e+01
1.397690200805664062e+01
1.397670936584472656e+01
1.397646617889404297e+01
1.397647380828857422e+01
1.397585391998291016e+01
1.397581672668457031e+01
1.397615909576416016e+01
1.397453498840332031e+01
1.397805786132812500e+01
1.397618865966796875e+01
1.397446632385253906e+01
1.397527503967285156e+01
1.397336387634277344e+01
1.397602558135986328e+01
1.397606182098388672e+01
1.397298812866210938e+01
1.397296237945556641e+01
1.397514820098876953e+01
1.397019958496093750e+01
1.397351264953613281e+01
1.397014522552490234e+01
1.396974372863769531e+01
1.397088241577148438e+01
1.397054004669189453e+01
1.397058582305908203e+01
1.396784782409667969e+01
1.396851539611816406e+01
1.396850490570068359e+01
1.396829128265380859e+01
1.396815013885498047e+01
1.396763515472412109e+01
1.396645450592041016e+01
1.397005558013916016e+01
1.396665763854980469e+01
1.396530437469482422e+01
1.396798229217529297e+01
1.396570587158203125e+01
1.396391201019287109e+01
1.396397113800048828e+01
1.396506977081298828e+01
1.396450424194335938e+01
1.396451187133789062e+01
1.396303749084472656e+01
1.396327495574951172e+01
1.396342563629150391e+01
1.396294021606445312e+01
1.396432971954345703e+01
1.396509075164794922e+01
1.396447849273681641e+01
1.396321105957031250e+01
1.396582412719726562e+01
1.396424102783203125e+01
1.396537208557128906e+01
1.396627235412597656e+01
1.396543312072753906e+01
1.398123455047607422e+01
1.397232627868652344e+01
1.397081470489501953e+01
1.396865272521972656e+01
1.396711158752441406e+01
1.396285152435302734e+01
1.396577835083007812e+01
1.397470855712890625e+01
1.397412872314453125e+01
1.398920917510986328e+01
1.401654052734375000e+01
1.396252918243408203e+01
1.407992362976074219e+01
1.402882480621337891e+01
1.404121303558349609e+01
1.408216857910156250e+01
1.397384834289550781e+01
1.398592948913574219e+01
1.396690177917480469e+01
1.395329952239990234e+01
1.395654678344726562e+01
1.395353507995605469e+01
1.395414352416992188e+01
1.395494842529296875e+01
1.396407890319824219e+01
1.395160102844238281e+01
1.395613098144531250e+01
1.395830726623535156e+01
1.395419883728027344e+01
1.395661258697509766e+01
