4.417884445190429688e+01
4.320109558105468750e+01
4.219985580444335938e+01
4.115403747558593750e+01
4.003796386718750000e+01
3.879370498657226562e+01
3.743870544433593750e+01
3.598981475830078125e+01
3.448271560668945312e+01
3.283924484252929688e+01
3.125759315490722656e+01
2.971175384521484375e+01
2.823297500610351562e+01
2.682754898071289062e+01
2.550097084045410156e+01
2.430312728881835938e+01
2.324753761291503906e+01
2.228856277465820312e+01
2.152058792114257812e+01
2.089150810241699219e+01
2.039017868041992188e+01
2.000319480895996094e+01
1.971620941162109375e+01
1.951513099670410156e+01
1.938674545288085938e+01
1.931890487670898438e+01
1.930060386657714844e+01
1.932393646240234375e+01
1.939836883544921875e+01
1.979686927795410156e+01
1.990680122375488281e+01
1.925747299194335938e+01
1.876565933227539062e+01
1.827867507934570312e+01
1.787965774536132812e+01
1.761733818054199219e+01
1.673854064941406250e+01
1.623821830749511719e+01
1.579631805419921875e+01
1.613439369201660156e+01
1.513181972503662109e+01
1.463145351409912109e+01
1.432273006439208984e+01
1.408103847503662109e+01
1.393519878387451172e+01
1.403937530517578125e+01
1.358387565612792969e+01
1.341992378234863281e+01
1.335359764099121094e+01
1.399605846405029297e+01
1.314711856842041016e+01
1.309027576446533203e+01
1.305693721771240234e+01
1.304238414764404297e+01
1.304040718078613281e+01
1.304620647430419922e+01
1.305557441711425781e+01
1.307535648345947266e+01
1.319518852233886719e+01
1.336135005950927734e+01
1.303284358978271484e+01
1.295645904541015625e+01
1.290586376190185547e+01
1.286181449890136719e+01
1.282158088684082031e+01
1.278600120544433594e+01
1.275622272491455078e+01
1.273326492309570312e+01
1.271879577636718750e+01
1.269600105285644531e+01
1.264228630065917969e+01
1.258095455169677734e+01
1.256979751586914062e+01
1.251250648498535156e+01
1.246440315246582031e+01
1.242905235290527344e+01
1.238444137573242188e+01
1.229147243499755859e+01
1.210550403594970703e+01
1.207957363128662109e+01
1.205968379974365234e+01
1.204301643371582031e+01
1.202898979187011719e+01
1.201707839965820312e+01
1.200679779052734375e+01
1.199773597717285156e+01
1.198952865600585938e+01
1.198187732696533203e+01
1.197453594207763672e+01
1.196730136871337891e+01
1.196002483367919922e+01
1.195259380340576172e+01
1.194494819641113281e+01
1.193706035614013672e+01
1.192893600463867188e+01
1.192060756683349609e+01
1.191210746765136719e+01
1.190344905853271484e+01
1.189460659027099609e+01
1.188552856445312500e+01
1.187624073028564453e+01
1.186682510375976562e+01
1.185735893249511719e+01
1.184868335723876953e+01
1.184478282928466797e+01
1.184445667266845703e+01
1.184341144561767578e+01
1.183448314666748047e+01
1.180869770050048828e+01
1.133284568786621094e+01
1.091337394714355469e+01
1.051145458221435547e+01
1.016015148162841797e+01
9.917363166809082031e+00
9.797156333923339844e+00
9.724129676818847656e+00
9.730554580688476562e+00
9.752092361450195312e+00
9.771113395690917969e+00
9.778743743896484375e+00
9.770077705383300781e+00
9.755292892456054688e+00
9.734569549560546875e+00
9.716505050659179688e+00
9.708093643188476562e+00
9.710152626037597656e+00
9.720997810363769531e+00
9.735018730163574219e+00
9.746703147888183594e+00
9.756316184997558594e+00
9.757027626037597656e+00
9.755642890930175781e+00
9.740279197692871094e+00
9.670731544494628906e+00
9.647088050842285156e+00
9.621455192565917969e+00
9.581449508666992188e+00
9.553500175476074219e+00
9.530213356018066406e+00
9.493762016296386719e+00
9.465421676635742188e+00
9.443278312683105469e+00
9.439301490783691406e+00
9.424732208251953125e+00
9.399262428283691406e+00
9.376817703247070312e+00
9.350357055664062500e+00
9.271575927734375000e+00
9.214676856994628906e+00
9.183746337890625000e+00
9.174994468688964844e+00
8.998715400695800781e+00
8.981894493103027344e+00
8.957203865051269531e+00
9.272073745727539062e+00
9.042303085327148438e+00
9.051394462585449219e+00
9.091240882873535156e+00
8.980037689208984375e+00
8.953308105468750000e+00
8.932344436645507812e+00
8.907977104187011719e+00
8.877642631530761719e+00
8.850556373596191406e+00
8.830240249633789062e+00
8.814731597900390625e+00
8.792159080505371094e+00
8.753439903259277344e+00
8.737678527832031250e+00
8.743798255920410156e+00
8.735076904296875000e+00
8.720193862915039062e+00
8.702881813049316406e+00
8.684225082397460938e+00
8.664329528808593750e+00
8.642941474914550781e+00
8.619636535644531250e+00
8.593556404113769531e+00
8.562856674194335938e+00
8.522556304931640625e+00
8.472856521606445312e+00
8.447498321533203125e+00
8.436285018920898438e+00
8.407745361328125000e+00
8.379725456237792969e+00
8.366098403930664062e+00
8.351178169250488281e+00
8.324263572692871094e+00
8.308570861816406250e+00
8.298580169677734375e+00
8.272666931152343750e+00
8.247926712036132812e+00
8.232397079467773438e+00
8.213323593139648438e+00
8.187198638916015625e+00
8.168379783630371094e+00
8.152048110961914062e+00
8.128615379333496094e+00
8.110369682312011719e+00
8.095347404479980469e+00
8.073894500732421875e+00
8.054327011108398438e+00
8.038166046142578125e+00
8.018263816833496094e+00
7.997052192687988281e+00
7.978811740875244141e+00
7.959815979003906250e+00
7.938161373138427734e+00
7.917424678802490234e+00
7.895330429077148438e+00
7.866260528564453125e+00
7.826506614685058594e+00
7.766342639923095703e+00
7.712186813354492188e+00
7.704890251159667969e+00
7.649509429931640625e+00
7.642380237579345703e+00
7.654226779937744141e+00
7.627046108245849609e+00
7.571532726287841797e+00
7.593972682952880859e+00
7.552767276763916016e+00
7.479555130004882812e+00
7.473107337951660156e+00
7.458724498748779297e+00
7.458891391754150391e+00
7.407793521881103516e+00
7.346242427825927734e+00
7.320686340332031250e+00
7.295706748962402344e+00
7.280478477478027344e+00
7.276331424713134766e+00
7.260011196136474609e+00
7.232598304748535156e+00
7.208981037139892578e+00
7.190397262573242188e+00
7.176239490509033203e+00
7.165203094482421875e+00
7.152907371520996094e+00
7.137158393859863281e+00
7.119760513305664062e+00
7.103375434875488281e+00
7.089063167572021484e+00
7.076902866363525391e+00
7.066312313079833984e+00
7.056285858154296875e+00
7.045939922332763672e+00
7.035116195678710938e+00
7.024339675903320312e+00
7.014150142669677734e+00
7.004742145538330078e+00
6.996014118194580078e+00
6.987692832946777344e+00
6.979462623596191406e+00
6.971164703369140625e+00
6.962901592254638672e+00
6.954916000366210938e+00
6.947412014007568359e+00
6.940445899963378906e+00
6.933927536010742188e+00
6.927711009979248047e+00
6.921677112579345703e+00
6.915795803070068359e+00
6.910102367401123047e+00
6.904634475708007812e+00
6.899405002593994141e+00
6.894388198852539062e+00
6.889542102813720703e+00
6.884830951690673828e+00
6.880250930786132812e+00
6.875823974609375000e+00
6.871577262878417969e+00
6.867518901824951172e+00
6.863634586334228516e+00
6.859895229339599609e+00
6.856274604797363281e+00
6.852763175964355469e+00
6.849365234375000000e+00
6.846089839935302734e+00
6.842939853668212891e+00
6.839911460876464844e+00
6.836991310119628906e+00
6.834167957305908203e+00
6.831435203552246094e+00
6.828792095184326172e+00
6.826237678527832031e+00
6.823766708374023438e+00
6.821369647979736328e+00
6.819037437438964844e+00
6.816760540008544922e+00
6.814538002014160156e+00
6.812367916107177734e+00
6.810248374938964844e+00
6.808174133300781250e+00
6.806140899658203125e+00
6.804141521453857422e+00
6.802173614501953125e+00
6.800321102142333984e+00
6.798635959625244141e+00
6.797062873840332031e+00
6.795544624328613281e+00
6.794032096862792969e+00
6.792488098144531250e+00
6.790883541107177734e+00
6.789201736450195312e+00
6.787436485290527344e+00
6.785585403442382812e+00
6.783648490905761719e+00
6.781625747680664062e+00
6.779520988464355469e+00
6.777334690093994141e+00
6.775074005126953125e+00
6.772749423980712891e+00
6.770398616790771484e+00
6.768217563629150391e+00
6.790973186492919922e+00
6.791341304779052734e+00
6.818474769592285156e+00
7.138958930969238281e+00
2.564865875244140625e+01
2.295728302001953125e+01
1.988723754882812500e+01
1.803681182861328125e+01
1.645797348022460938e+01
1.623991775512695312e+01
1.431180858612060547e+01
9.780860900878906250e+00
1.146528625488281250e+01
1.252825069427490234e+01
1.236806964874267578e+01
1.015646743774414062e+01
9.435480117797851562e+00
9.028849601745605469e+00
8.807438850402832031e+00
8.717046737670898438e+00
8.679424285888671875e+00
8.766045570373535156e+00
8.759334564208984375e+00
8.516637802124023438e+00
8.393571853637695312e+00
8.384495735168457031e+00
8.354020118713378906e+00
8.105824470520019531e+00
7.862702846527099609e+00
7.841100215911865234e+00
7.944774150848388672e+00
7.981662750244140625e+00
7.865882873535156250e+00
7.854450702667236328e+00
7.841433525085449219e+00
7.837129116058349609e+00
7.821822643280029297e+00
7.787687301635742188e+00
7.770606994628906250e+00
7.754027843475341797e+00
7.725897312164306641e+00
7.716994762420654297e+00
7.722600460052490234e+00
7.696343898773193359e+00
7.676145076751708984e+00
7.682455539703369141e+00
7.677261352539062500e+00
7.683016777038574219e+00
7.678472995758056641e+00
7.676596641540527344e+00
7.678302288055419922e+00
7.681180953979492188e+00
7.691091060638427734e+00
7.696213245391845703e+00
7.697095394134521484e+00
7.702614307403564453e+00
7.708978652954101562e+00
7.715089797973632812e+00
7.721716403961181641e+00
7.724383354187011719e+00
7.729791641235351562e+00
7.731811046600341797e+00
7.737354755401611328e+00
7.744151592254638672e+00
7.746003150939941406e+00
7.749829769134521484e+00
7.755286693572998047e+00
7.759317398071289062e+00
7.762949943542480469e+00
7.766448497772216797e+00
7.769958019256591797e+00
7.774567127227783203e+00
7.779204368591308594e+00
7.782251834869384766e+00
7.787954807281494141e+00
7.790426254272460938e+00
7.795493602752685547e+00
7.798995494842529297e+00
7.802301883697509766e+00
7.806463718414306641e+00
7.809856414794921875e+00
7.813519477844238281e+00
7.816909790039062500e+00
7.820399761199951172e+00
7.823846817016601562e+00
7.827307224273681641e+00
7.830650329589843750e+00
7.833960056304931641e+00
7.837178707122802734e+00
7.840462684631347656e+00
7.843655586242675781e+00
7.846793651580810547e+00
7.849820613861083984e+00
7.852459907531738281e+00
7.855737209320068359e+00
7.858565807342529297e+00
7.861637115478515625e+00
7.865541458129882812e+00
7.866078853607177734e+00
7.870126724243164062e+00
7.871196746826171875e+00
7.874584197998046875e+00
7.876244544982910156e+00
7.878950595855712891e+00
7.881017208099365234e+00
7.883616924285888672e+00
7.885463237762451172e+00
7.888272285461425781e+00
7.889816761016845703e+00
7.892697811126708984e+00
7.893766403198242188e+00
7.896793842315673828e+00
7.897707939147949219e+00
7.900343894958496094e+00
7.901526927947998047e+00
7.904063224792480469e+00
7.905173301696777344e+00
7.907420635223388672e+00
7.908632278442382812e+00
7.911081314086914062e+00
7.911941528320312500e+00
7.914171695709228516e+00
7.915090084075927734e+00
7.917492866516113281e+00
7.918109416961669922e+00
7.920170307159423828e+00
7.921022415161132812e+00
7.923171997070312500e+00
7.923786163330078125e+00
7.925640583038330078e+00
7.926617145538330078e+00
7.927543163299560547e+00
7.929183483123779297e+00
7.930066108703613281e+00
7.931579113006591797e+00
7.932503700256347656e+00
7.933606624603271484e+00
7.935067653656005859e+00
7.935988426208496094e+00
7.937386512756347656e+00
7.937960147857666016e+00
7.938997745513916016e+00
7.939831256866455078e+00
7.941002845764160156e+00
7.941774368286132812e+00
7.942780017852783203e+00
7.943580150604248047e+00
7.944619178771972656e+00
7.945331096649169922e+00
7.946289539337158203e+00
7.946998119354248047e+00
7.947803974151611328e+00
7.948544979095458984e+00
7.949368476867675781e+00
7.950004100799560547e+00
7.950826168060302734e+00
7.951445102691650391e+00
7.952142715454101562e+00
7.952868461608886719e+00
7.953549861907958984e+00
7.954127788543701172e+00
7.954843521118164062e+00
7.955358982086181641e+00
7.955934047698974609e+00
7.956581592559814453e+00
7.957115173339843750e+00
7.957621574401855469e+00
7.958256721496582031e+00
7.958697795867919922e+00
7.959193706512451172e+00
7.959785461425781250e+00
7.960218906402587891e+00
7.960655212402343750e+00
7.961212635040283203e+00
7.961574077606201172e+00
7.961987495422363281e+00
7.962508201599121094e+00
7.962855815887451172e+00
7.963230133056640625e+00
7.963722705841064453e+00
7.964025020599365234e+00
7.965234756469726562e+00
7.964881896972656250e+00
7.965461254119873047e+00
7.965581417083740234e+00
7.966094493865966797e+00
7.966402530670166016e+00
7.966463565826416016e+00
7.966756343841552734e+00
7.967297077178955078e+00
7.967351436614990234e+00
7.967796325683593750e+00
7.967855453491210938e+00
7.968605518341064453e+00
7.968514442443847656e+00
7.968845367431640625e+00
7.968942165374755859e+00
7.969396591186523438e+00
7.969465732574462891e+00
7.969726085662841797e+00
7.969818592071533203e+00
7.970300674438476562e+00
7.970247745513916016e+00
7.970622062683105469e+00
7.970612049102783203e+00
7.971102237701416016e+00
7.971026897430419922e+00
7.971334457397460938e+00
7.971337795257568359e+00
7.971726417541503906e+00
7.971672058105468750e+00
7.971962928771972656e+00
7.971938133239746094e+00
7.972332000732421875e+00
7.972222328186035156e+00
7.972533702850341797e+00
7.972466468811035156e+00
7.972843170166015625e+00
7.972720146179199219e+00
7.972998142242431641e+00
7.972924709320068359e+00
7.973262786865234375e+00
7.973132133483886719e+00
7.973399162292480469e+00
7.973302841186523438e+00
7.973637104034423828e+00
7.973478317260742188e+00
7.973742485046386719e+00
7.973624229431152344e+00
7.973945617675781250e+00
7.973773479461669922e+00
7.974019527435302734e+00
7.973888874053955078e+00
7.974193096160888672e+00
7.973949432373046875e+00
7.974627017974853516e+00
7.974298477172851562e+00
7.974654674530029297e+00
7.974539279937744141e+00
7.974546432495117188e+00
7.974525928497314453e+00
7.974627971649169922e+00
7.975820064544677734e+00
7.974442481994628906e+00
7.975689888000488281e+00
7.975046157836914062e+00
7.974755764007568359e+00
7.977243423461914062e+00
7.974770069122314453e+00
7.975919723510742188e+00
7.975862979888916016e+00
7.974533557891845703e+00
7.977443218231201172e+00
7.975123405456542969e+00
7.975584506988525391e+00
7.976014137268066406e+00
7.974442481994628906e+00
7.977060317993164062e+00
7.975141048431396484e+00
7.975424289703369141e+00
7.975821018218994141e+00
7.974458217620849609e+00
7.976858615875244141e+00
7.974969863891601562e+00
7.975461483001708984e+00
7.975663185119628906e+00
7.974425792694091797e+00
7.976856231689453125e+00
7.974816799163818359e+00
7.975518226623535156e+00
7.975608825683593750e+00
7.974343776702880859e+00
7.976910114288330078e+00
7.974689960479736328e+00
7.975492954254150391e+00
7.975553035736083984e+00
7.974194526672363281e+00
7.976876735687255859e+00
7.974542617797851562e+00
7.975378036499023438e+00
7.975439071655273438e+00
7.974008560180664062e+00
7.976766586303710938e+00
7.974350929260253906e+00
7.975218296051025391e+00
7.975258350372314453e+00
7.973796367645263672e+00
7.976608753204345703e+00
7.974114418029785156e+00
7.975041866302490234e+00
7.975039482116699219e+00
7.973563671112060547e+00
7.976438999176025391e+00
7.973846912384033203e+00
7.974857330322265625e+00
7.974797725677490234e+00
7.973310947418212891e+00
7.976261615753173828e+00
7.973556041717529297e+00
7.974660396575927734e+00
7.974540233612060547e+00
7.973038196563720703e+00
7.975543975830078125e+00
7.973061561584472656e+00
7.975003242492675781e+00
7.974191665649414062e+00
7.973140716552734375e+00
7.976340293884277344e+00
7.975483417510986328e+00
7.973325252532958984e+00
7.973838806152343750e+00
7.973645210266113281e+00
7.972823619842529297e+00
7.973356246948242188e+00
7.973254680633544922e+00
7.972175121307373047e+00
7.971858501434326172e+00
7.971798896789550781e+00
7.971720695495605469e+00
7.972015857696533203e+00
7.971663951873779297e+00
7.974874973297119141e+00
7.972592353820800781e+00
7.973863601684570312e+00
7.974530220031738281e+00
7.971155643463134766e+00
7.977583885192871094e+00
7.972467422485351562e+00
7.972699165344238281e+00
7.972662448883056641e+00
7.971530914306640625e+00
7.972569465637207031e+00
7.970661640167236328e+00
7.972373008728027344e+00
7.972601413726806641e+00
7.970786571502685547e+00
7.976091861724853516e+00
7.971156597137451172e+00
7.972970008850097656e+00
7.976140975952148438e+00
7.971412181854248047e+00
7.970830917358398438e+00
7.972241878509521484e+00
7.970681667327880859e+00
7.971110343933105469e+00
7.969675064086914062e+00
7.972370624542236328e+00
7.971783638000488281e+00
7.971584320068359375e+00
7.971895694732666016e+00
7.970080375671386719e+00
7.970610141754150391e+00
7.972932338714599609e+00
7.972942352294921875e+00
7.969386100769042969e+00
7.974420547485351562e+00
7.972797870635986328e+00
7.968776226043701172e+00
7.970005035400390625e+00
7.969532012939453125e+00
7.969520092010498047e+00
7.968518733978271484e+00
7.970165252685546875e+00
7.969784736633300781e+00
7.970612049102783203e+00
7.971338748931884766e+00
7.968495845794677734e+00
7.968546867370605469e+00
7.969429016113281250e+00
7.968990325927734375e+00
7.968019008636474609e+00
7.969576835632324219e+00
7.969376564025878906e+00
7.971449851989746094e+00
7.970464706420898438e+00
7.967543601989746094e+00
7.968211650848388672e+00
7.968725204467773438e+00
7.968381404876708984e+00
7.968470096588134766e+00
7.968059539794921875e+00
7.970522880554199219e+00
7.969120979309082031e+00
7.967060089111328125e+00
7.967532157897949219e+00
7.967618942260742188e+00
7.967426776885986328e+00
7.968185901641845703e+00
7.967548847198486328e+00
7.968995094299316406e+00
7.967801094055175781e+00
7.966856479644775391e+00
7.967432975769042969e+00
7.967639923095703125e+00
7.967371463775634766e+00
7.968683242797851562e+00
7.967788219451904297e+00
7.970460891723632812e+00
7.968778133392333984e+00
7.966413974761962891e+00
7.967280387878417969e+00
7.967271804809570312e+00
7.966796398162841797e+00
7.967400550842285156e+00
7.967109680175781250e+00
7.969276428222656250e+00
7.967910766601562500e+00
7.966049671173095703e+00
7.966643810272216797e+00
7.966811656951904297e+00
7.966557979583740234e+00
7.967458248138427734e+00
7.966869354248046875e+00
7.969272613525390625e+00
7.967758655548095703e+00
7.965903759002685547e+00
7.966638088226318359e+00
7.966681003570556641e+00
7.966325759887695312e+00
7.967259407043457031e+00
7.966801643371582031e+00
7.969108581542968750e+00
7.967493534088134766e+00
7.965732574462890625e+00
7.966476917266845703e+00
7.966547489166259766e+00
7.966153144836425781e+00
7.967157363891601562e+00
7.966542720794677734e+00
7.967931747436523438e+00
7.967293739318847656e+00
7.965841770172119141e+00
7.966516971588134766e+00
7.966720581054687500e+00
7.966902256011962891e+00
7.965996742248535156e+00
7.969335556030273438e+00
7.967523097991943359e+00
7.971159458160400391e+00
7.968187332153320312e+00
7.965570449829101562e+00
7.967230319976806641e+00
7.966839790344238281e+00
7.965882301330566406e+00
7.966490268707275391e+00
7.966619968414306641e+00
7.968805789947509766e+00
7.967206478118896484e+00
7.965319633483886719e+00
7.965947628021240234e+00
7.966272354125976562e+00
7.965929508209228516e+00
7.966929435729980469e+00
7.966243743896484375e+00
7.968974113464355469e+00
7.966975212097167969e+00
7.965292930603027344e+00
7.966086387634277344e+00
7.966098785400390625e+00
7.965594291687011719e+00
7.966756820678710938e+00
7.966269493103027344e+00
7.967935562133789062e+00
7.966114521026611328e+00
7.965400695800781250e+00
7.966153144836425781e+00
7.966446876525878906e+00
7.965855121612548828e+00
7.967528343200683594e+00
7.966658115386962891e+00
7.969773292541503906e+00
7.967055797576904297e+00
7.965227127075195312e+00
7.966261863708496094e+00
7.966186046600341797e+00
7.965424537658691406e+00
7.966485977172851562e+00
7.966171264648437500e+00
7.968616485595703125e+00
7.966679573059082031e+00
7.964932441711425781e+00
7.965817928314208984e+00
7.965977668762207031e+00
7.965372085571289062e+00
7.966490745544433594e+00
7.966094493865966797e+00
7.968704700469970703e+00
7.966418266296386719e+00
7.964920997619628906e+00
7.965806007385253906e+00
7.965907573699951172e+00
7.965215682983398438e+00
7.966499328613281250e+00
7.966060638427734375e+00
7.967910766601562500e+00
7.965719699859619141e+00
7.965028762817382812e+00
7.965865612030029297e+00
7.966178894042968750e+00
7.965394496917724609e+00
7.967151165008544922e+00
7.966388225555419922e+00
7.969533443450927734e+00
7.966485500335693359e+00
7.964861392974853516e+00
7.965952873229980469e+00
7.965902805328369141e+00
7.964972019195556641e+00
7.966186046600341797e+00
7.965940952301025391e+00
7.968471050262451172e+00
7.966160774230957031e+00
7.964530467987060547e+00
7.965558052062988281e+00
7.965708732604980469e+00
7.964886665344238281e+00
7.966114521026611328e+00
7.965865612030029297e+00
7.968494892120361328e+00
7.965852260589599609e+00
7.964505195617675781e+00
7.965496540069580078e+00
7.965626239776611328e+00
7.964719295501708984e+00
7.966125011444091797e+00
7.965814590454101562e+00
7.968480110168457031e+00
7.965681552886962891e+00
7.964379787445068359e+00
7.965451717376708984e+00
7.965528011322021484e+00
7.964520454406738281e+00
7.965970993041992188e+00
7.965765476226806641e+00
7.967628002166748047e+00
7.964959144592285156e+00
7.964441299438476562e+00
7.965421676635742188e+00
7.965755462646484375e+00
7.964659214019775391e+00
7.966628074645996094e+00
7.966077327728271484e+00
7.969243526458740234e+00
7.965529918670654297e+00
7.964326381683349609e+00
7.965522766113281250e+00
7.965483188629150391e+00
7.964231014251708984e+00
7.965724468231201172e+00
7.965659618377685547e+00
7.968239784240722656e+00
7.965270519256591797e+00
7.963933467864990234e+00
7.965198516845703125e+00
7.965296268463134766e+00
7.964091300964355469e+00
7.965537548065185547e+00
7.965598106384277344e+00
7.968154430389404297e+00
7.964890003204345703e+00
7.963895797729492188e+00
7.965088367462158203e+00
7.965217590332031250e+00
7.963912963867187500e+00
7.965569496154785156e+00
7.965558052062988281e+00
7.968178749084472656e+00
7.964644908905029297e+00
7.963805198669433594e+00
7.965065479278564453e+00
7.965118885040283203e+00
7.963682651519775391e+00
7.965452194213867188e+00
7.965551853179931641e+00
7.967342376708984375e+00
7.964012145996093750e+00
7.963848114013671875e+00
7.965039730072021484e+00
7.965309619903564453e+00
7.963742733001708984e+00
7.966041088104248047e+00
7.965896606445312500e+00
7.968846797943115234e+00
7.964319705963134766e+00
7.963812351226806641e+00
7.965151786804199219e+00
7.965085983276367188e+00
7.963359832763671875e+00
7.965295314788818359e+00
7.965562820434570312e+00
7.968031883239746094e+00
7.964116096496582031e+00
7.963441371917724609e+00
7.964976787567138672e+00
7.964936733245849609e+00
7.963187694549560547e+00
7.965056419372558594e+00
7.965561866760253906e+00
7.967837333679199219e+00
7.963740348815917969e+00
7.963425636291503906e+00
7.964888095855712891e+00
7.964900016784667969e+00
7.963022232055664062e+00
7.965114593505859375e+00
7.965577125549316406e+00
8.700508117675781250e+00
7.980214595794677734e+00
7.993648052215576172e+00
8.025939941406250000e+00
8.017041206359863281e+00
8.047277450561523438e+00
8.081810951232910156e+00
8.023726463317871094e+00
7.990917682647705078e+00
8.005061149597167969e+00
8.018596649169921875e+00
7.995148181915283203e+00
7.986708641052246094e+00
7.996926784515380859e+00
7.996549606323242188e+00
7.991420269012451172e+00
7.985783100128173828e+00
7.996652126312255859e+00
8.008351325988769531e+00
7.989584922790527344e+00
7.985211372375488281e+00
7.989226818084716797e+00
7.987042903900146484e+00
7.982450962066650391e+00
7.988873004913330078e+00
8.001268386840820312e+00
7.988796234130859375e+00
7.983850955963134766e+00
7.987466335296630859e+00
7.986051559448242188e+00
7.986027240753173828e+00
7.987313747406005859e+00
7.989462852478027344e+00
7.989926815032958984e+00
7.993664741516113281e+00
7.994700908660888672e+00
7.987095832824707031e+00
7.987213611602783203e+00
7.994457244873046875e+00
7.991958618164062500e+00
7.991725444793701172e+00
7.992650032043457031e+00
7.990796566009521484e+00
7.988184452056884766e+00
7.991703033447265625e+00
7.995000839233398438e+00
7.986319541931152344e+00
7.986195087432861328e+00
7.990847587585449219e+00
7.988570690155029297e+00
7.990055561065673828e+00
7.991774559020996094e+00
7.988996028900146484e+00
7.993260383605957031e+00
7.987356662750244141e+00
7.980410575866699219e+00
7.994718551635742188e+00
7.998409271240234375e+00
7.985603809356689453e+00
7.985457897186279297e+00
7.996159076690673828e+00
7.994552612304687500e+00
7.981472969055175781e+00
7.986079216003417969e+00
7.993038177490234375e+00
7.988078594207763672e+00
7.985634326934814453e+00
7.988114356994628906e+00
7.994388580322265625e+00
7.987712860107421875e+00
7.984638214111328125e+00
7.993957042694091797e+00
7.992555618286132812e+00
7.985726833343505859e+00
7.985899448394775391e+00
7.991289138793945312e+00
7.988280773162841797e+00
7.987611770629882812e+00
7.993376731872558594e+00
