3.479436397552490234e+00
3.385112047195434570e+00
3.294741630554199219e+00
3.211391925811767578e+00
3.135617733001708984e+00
3.067052841186523438e+00
3.005333900451660156e+00
2.950087308883666992e+00
2.900949954986572266e+00
2.857573509216308594e+00
2.819604396820068359e+00
2.786660909652709961e+00
2.758334875106811523e+00
2.734214782714843750e+00
2.713868379592895508e+00
2.696841478347778320e+00
2.682667016983032227e+00
2.670896530151367188e+00
2.660178422927856445e+00
2.702952861785888672e+00
2.687081813812255859e+00
2.647051811218261719e+00
2.631405115127563477e+00
2.626488447189331055e+00
2.622826576232910156e+00
2.620264291763305664e+00
2.618618965148925781e+00
2.617724895477294922e+00
2.617369413375854492e+00
2.616371870040893555e+00
2.615574836730957031e+00
2.615514993667602539e+00
2.616202592849731445e+00
2.616326332092285156e+00
2.615857601165771484e+00
2.614789485931396484e+00
2.613101243972778320e+00
2.611336708068847656e+00
2.609039068222045898e+00
2.605254650115966797e+00
2.606244802474975586e+00
2.591438531875610352e+00
2.583878755569458008e+00
2.578920364379882812e+00
2.574593544006347656e+00
2.569933414459228516e+00
2.567114353179931641e+00
2.564423322677612305e+00
2.561444759368896484e+00
2.557713031768798828e+00
2.553486585617065430e+00
2.547988653182983398e+00
2.539143800735473633e+00
2.531109809875488281e+00
2.521406650543212891e+00
2.696003198623657227e+00
2.505514621734619141e+00
2.499270677566528320e+00
2.485427856445312500e+00
2.468016147613525391e+00
2.473549365997314453e+00
2.473595619201660156e+00
2.463726520538330078e+00
2.443763732910156250e+00
2.423799037933349609e+00
2.414520740509033203e+00
2.407638549804687500e+00
2.394939661026000977e+00
2.396399736404418945e+00
2.404669046401977539e+00
2.519275426864624023e+00
2.378296852111816406e+00
2.383754491806030273e+00
2.383643865585327148e+00
2.381697893142700195e+00
2.378391265869140625e+00
2.373136281967163086e+00
2.361479520797729492e+00
2.375063896179199219e+00
2.389997720718383789e+00
2.390770912170410156e+00
2.379176855087280273e+00
2.360771656036376953e+00
2.358592510223388672e+00
2.360652208328247070e+00
2.351210117340087891e+00
2.339179277420043945e+00
2.337530136108398438e+00
2.329443216323852539e+00
2.257659196853637695e+00
2.209176778793334961e+00
2.171344518661499023e+00
2.149631738662719727e+00
2.139814853668212891e+00
2.124923229217529297e+00
2.124209165573120117e+00
2.108978271484375000e+00
2.092780590057373047e+00
2.091512918472290039e+00
2.080410957336425781e+00
2.073580503463745117e+00
2.067609548568725586e+00
2.061289548873901367e+00
2.057651758193969727e+00
2.048329114913940430e+00
2.044420719146728516e+00
2.039498329162597656e+00
2.037365436553955078e+00
2.034466266632080078e+00
2.039172887802124023e+00
2.039339065551757812e+00
2.024442434310913086e+00
2.035165309906005859e+00
2.023084402084350586e+00
2.027196645736694336e+00
2.018338203430175781e+00
2.016264677047729492e+00
2.044846057891845703e+00
2.025045394897460938e+00
2.023825883865356445e+00
2.012439966201782227e+00
2.019702434539794922e+00
2.003403902053833008e+00
2.002314567565917969e+00
1.988869786262512207e+00
1.995673537254333496e+00
1.985187053680419922e+00
1.989806890487670898e+00
1.983828186988830566e+00
1.969037294387817383e+00
1.916578531265258789e+00
1.861706256866455078e+00
1.820263624191284180e+00
1.801067471504211426e+00
1.795999765396118164e+00
1.801671743392944336e+00
1.796667456626892090e+00
1.797999739646911621e+00
1.786996126174926758e+00
1.784635901451110840e+00
1.776497006416320801e+00
1.776715040206909180e+00
1.777109503746032715e+00
1.776194453239440918e+00
1.769792437553405762e+00
1.767932653427124023e+00
1.762565016746520996e+00
1.760611891746520996e+00
1.756881475448608398e+00
1.755168914794921875e+00
1.753230452537536621e+00
1.749879360198974609e+00
1.747033357620239258e+00
1.743980526924133301e+00
1.742159247398376465e+00
1.739860773086547852e+00
1.728177547454833984e+00
1.652997851371765137e+00
1.547305345535278320e+00
1.445769906044006348e+00
1.361120820045471191e+00
1.296985507011413574e+00
1.269191741943359375e+00
1.256537437438964844e+00
1.251509308815002441e+00
1.255767822265625000e+00
1.257451415061950684e+00
1.256485342979431152e+00
1.253710865974426270e+00
1.249872922897338867e+00
1.246584534645080566e+00
1.245029807090759277e+00
1.246428012847900391e+00
1.247029662132263184e+00
1.248309254646301270e+00
1.249843478202819824e+00
1.245774030685424805e+00
1.244140625000000000e+00
1.243113160133361816e+00
1.241370201110839844e+00
1.239598751068115234e+00
1.237371087074279785e+00
1.232540965080261230e+00
1.233265280723571777e+00
1.227457046508789062e+00
1.228052616119384766e+00
1.226518273353576660e+00
1.224105715751647949e+00
1.225932002067565918e+00
1.225757479667663574e+00
1.223176598548889160e+00
1.223069429397583008e+00
1.226697921752929688e+00
1.220308542251586914e+00
1.224488735198974609e+00
1.225008130073547363e+00
1.219669461250305176e+00
1.226633906364440918e+00
1.219366788864135742e+00
1.218167543411254883e+00
1.222791194915771484e+00
1.220542669296264648e+00
1.219172596931457520e+00
1.215116858482360840e+00
1.216991305351257324e+00
1.214331030845642090e+00
1.416787862777709961e+00
1.215277552604675293e+00
1.213562011718750000e+00
1.207165122032165527e+00
1.213631987571716309e+00
1.212416529655456543e+00
1.212069034576416016e+00
1.215447664260864258e+00
1.214438080787658691e+00
1.214219927787780762e+00
1.212685942649841309e+00
1.212014675140380859e+00
1.211985349655151367e+00
1.210744380950927734e+00
1.210397601127624512e+00
1.210180640220642090e+00
1.209691762924194336e+00
1.209076523780822754e+00
1.208417654037475586e+00
1.208055973052978516e+00
1.207977175712585449e+00
1.207997560501098633e+00
1.206552505493164062e+00
1.207566976547241211e+00
1.206106424331665039e+00
1.206925511360168457e+00
1.205906987190246582e+00
1.206560850143432617e+00
1.204721331596374512e+00
1.204221725463867188e+00
1.204476475715637207e+00
1.204271554946899414e+00
1.204310178756713867e+00
1.202571630477905273e+00
1.204362630844116211e+00
1.203489303588867188e+00
1.201505541801452637e+00
1.201699256896972656e+00
1.200485706329345703e+00
1.199459552764892578e+00
1.198589086532592773e+00
1.198650479316711426e+00
1.197538375854492188e+00
1.199360847473144531e+00
1.197971343994140625e+00
1.197431564331054688e+00
1.197104811668395996e+00
1.195956826210021973e+00
1.197123169898986816e+00
1.195595979690551758e+00
1.195009350776672363e+00
1.195167303085327148e+00
1.194397211074829102e+00
1.193729162216186523e+00
1.194154143333435059e+00
1.194059014320373535e+00
1.192919015884399414e+00
1.193265199661254883e+00
1.191666245460510254e+00
1.191862821578979492e+00
1.191347122192382812e+00
1.190973401069641113e+00
1.190304636955261230e+00
1.191907525062561035e+00
1.190499067306518555e+00
1.189879655838012695e+00
1.190184235572814941e+00
1.189218878746032715e+00
1.190096616744995117e+00
1.189683198928833008e+00
1.188460350036621094e+00
1.191534042358398438e+00
1.189422011375427246e+00
1.189935922622680664e+00
1.189981102943420410e+00
1.188032984733581543e+00
1.189013361930847168e+00
1.188940048217773438e+00
1.186013579368591309e+00
1.186260342597961426e+00
1.186595559120178223e+00
1.185953617095947266e+00
1.185132503509521484e+00
1.186517834663391113e+00
1.185255527496337891e+00
1.185257673263549805e+00
1.183832406997680664e+00
1.186046719551086426e+00
1.184668064117431641e+00
1.184994220733642578e+00
1.182952761650085449e+00
1.185967683792114258e+00
1.184289455413818359e+00
1.184421062469482422e+00
1.183680653572082520e+00
1.182826995849609375e+00
1.184330463409423828e+00
1.183587312698364258e+00
1.180684924125671387e+00
1.180599212646484375e+00
1.181185245513916016e+00
1.181436777114868164e+00
1.180796027183532715e+00
1.180476188659667969e+00
1.180041670799255371e+00
1.180010914802551270e+00
1.181152224540710449e+00
1.180830478668212891e+00
1.179819345474243164e+00
1.179624676704406738e+00
1.178596973419189453e+00
1.178352952003479004e+00
1.179984450340270996e+00
1.180605649948120117e+00
1.179243683815002441e+00
1.178392887115478516e+00
1.181914091110229492e+00
1.179585218429565430e+00
1.180614709854125977e+00
1.179197192192077637e+00
1.178696632385253906e+00
1.177755355834960938e+00
1.177952051162719727e+00
1.177217006683349609e+00
1.179692745208740234e+00
1.176940560340881348e+00
1.176790952682495117e+00
1.176912903785705566e+00
1.176024794578552246e+00
1.177642703056335449e+00
1.177206754684448242e+00
1.176742672920227051e+00
1.176130294799804688e+00
1.176130175590515137e+00
1.175386428833007812e+00
1.174268960952758789e+00
1.175078630447387695e+00
1.174080610275268555e+00
1.174200773239135742e+00
1.173945784568786621e+00
1.174401879310607910e+00
1.173679471015930176e+00
1.174219846725463867e+00
1.173065781593322754e+00
1.173249363899230957e+00
1.172826170921325684e+00
1.173489928245544434e+00
1.173133969306945801e+00
1.172154188156127930e+00
1.173118352890014648e+00
1.173155188560485840e+00
1.170912623405456543e+00
1.173689484596252441e+00
1.172476172447204590e+00
1.171083211898803711e+00
1.174374818801879883e+00
1.171012520790100098e+00
1.170594096183776855e+00
1.170950412750244141e+00
1.169545292854309082e+00
1.170487642288208008e+00
1.171267747879028320e+00
1.170012831687927246e+00
1.172664880752563477e+00
1.170232295989990234e+00
1.171260595321655273e+00
1.169225215911865234e+00
1.169856190681457520e+00
1.168810009956359863e+00
1.169250369071960449e+00
1.168462395668029785e+00
1.168629050254821777e+00
1.168772578239440918e+00
1.168254375457763672e+00
1.169819712638854980e+00
1.167494058609008789e+00
1.169270753860473633e+00
1.168041348457336426e+00
1.168548226356506348e+00
1.167342305183410645e+00
1.168216943740844727e+00
1.168992638587951660e+00
1.167379498481750488e+00
1.170045971870422363e+00
1.167682766914367676e+00
1.166725873947143555e+00
1.166333794593811035e+00
1.166320443153381348e+00
1.166188240051269531e+00
1.166206240653991699e+00
1.166098356246948242e+00
1.165333628654479980e+00
1.165615320205688477e+00
1.164365291595458984e+00
1.165513515472412109e+00
1.165031790733337402e+00
1.165820479393005371e+00
1.164430141448974609e+00
1.165258407592773438e+00
1.164047718048095703e+00
1.164802670478820801e+00
1.163564205169677734e+00
1.163806915283203125e+00
1.163554430007934570e+00
1.164221048355102539e+00
1.164077043533325195e+00
1.163699150085449219e+00
1.164068222045898438e+00
1.162243604660034180e+00
1.163784861564636230e+00
1.162533044815063477e+00
1.161354780197143555e+00
1.161115407943725586e+00
1.162188649177551270e+00
1.162469506263732910e+00
1.161621928215026855e+00
1.161787033081054688e+00
1.160026669502258301e+00
1.160898089408874512e+00
1.159781098365783691e+00
1.159281015396118164e+00
1.159999608993530273e+00
1.158527970314025879e+00
1.158814787864685059e+00
1.158261775970458984e+00
1.158531188964843750e+00
1.157616257667541504e+00
1.160396814346313477e+00
1.158115386962890625e+00
1.159978032112121582e+00
1.157895326614379883e+00
1.160178184509277344e+00
1.156738877296447754e+00
1.156688213348388672e+00
1.157164812088012695e+00
1.158002376556396484e+00
1.157357931137084961e+00
1.157403230667114258e+00
1.155636072158813477e+00
1.158218502998352051e+00
1.156635046005249023e+00
1.156135082244873047e+00
1.157232642173767090e+00
1.155412435531616211e+00
1.156700491905212402e+00
1.155460834503173828e+00
1.156601905822753906e+00
1.155617356300354004e+00
1.155182480812072754e+00
1.156932353973388672e+00
1.154704332351684570e+00
1.155947685241699219e+00
1.155696988105773926e+00
1.155617237091064453e+00
1.156124830245971680e+00
1.155883669853210449e+00
1.154735326766967773e+00
1.155059456825256348e+00
1.153481364250183105e+00
1.154131770133972168e+00
1.154469490051269531e+00
1.153808474540710449e+00
1.153855204582214355e+00
1.152703523635864258e+00
1.153299331665039062e+00
1.152076482772827148e+00
1.152925610542297363e+00
1.154441595077514648e+00
1.152373433113098145e+00
1.152903676033020020e+00
1.151233673095703125e+00
1.153381943702697754e+00
1.152998805046081543e+00
1.152163863182067871e+00
1.152838468551635742e+00
1.151793599128723145e+00
1.151468157768249512e+00
1.151656150817871094e+00
1.151174902915954590e+00
1.150777459144592285e+00
1.151904821395874023e+00
1.151204466819763184e+00
1.151054620742797852e+00
1.150898933410644531e+00
1.151048541069030762e+00
1.150900959968566895e+00
1.150887966156005859e+00
1.150572299957275391e+00
1.154480576515197754e+00
1.153482198715209961e+00
1.153183937072753906e+00
1.153311371803283691e+00
1.151095747947692871e+00
1.154353022575378418e+00
1.152348637580871582e+00
1.153371095657348633e+00
1.154244542121887207e+00
1.150814890861511230e+00
1.152406692504882812e+00
1.152963638305664062e+00
1.150471329689025879e+00
1.152047753334045410e+00
1.150984168052673340e+00
1.149945259094238281e+00
1.151588678359985352e+00
1.150696158409118652e+00
1.150644659996032715e+00
1.150891184806823730e+00
1.149351358413696289e+00
1.148630619049072266e+00
1.150630235671997070e+00
1.148754358291625977e+00
1.148570537567138672e+00
1.148412585258483887e+00
1.148878335952758789e+00
1.148581385612487793e+00
1.147640228271484375e+00
1.148307800292968750e+00
1.148101687431335449e+00
1.146810054779052734e+00
1.150988936424255371e+00
1.147802710533142090e+00
1.149957180023193359e+00
1.148593544960021973e+00
1.150108456611633301e+00
1.147401928901672363e+00
1.149180531501770020e+00
1.146306157112121582e+00
1.146144747734069824e+00
1.145771026611328125e+00
1.145904064178466797e+00
1.145778894424438477e+00
1.146870732307434082e+00
1.146859884262084961e+00
1.146193027496337891e+00
1.147062659263610840e+00
1.145728349685668945e+00
1.145871758460998535e+00
1.144995570182800293e+00
1.147453188896179199e+00
1.145351052284240723e+00
1.145888090133666992e+00
1.145015478134155273e+00
1.147736310958862305e+00
1.145151615142822266e+00
1.145767927169799805e+00
1.144478797912597656e+00
1.147700071334838867e+00
1.144616603851318359e+00
1.145152688026428223e+00
1.144113779067993164e+00
1.147104263305664062e+00
1.144395947456359863e+00
1.145009756088256836e+00
1.143849253654479980e+00
1.146794557571411133e+00
1.143973946571350098e+00
1.144634842872619629e+00
1.143553137779235840e+00
1.145975947380065918e+00
1.143538117408752441e+00
1.144036054611206055e+00
1.143158674240112305e+00
1.145253062248229980e+00
1.143386006355285645e+00
1.143777728080749512e+00
1.142770767211914062e+00
1.145153045654296875e+00
1.143168568611145020e+00
1.143918156623840332e+00
1.142661929130554199e+00
1.144841074943542480e+00
1.142634153366088867e+00
1.143219113349914551e+00
1.142383456230163574e+00
1.143619298934936523e+00
1.142456650733947754e+00
1.142781138420104980e+00
1.141981720924377441e+00
1.143391966819763184e+00
1.142342805862426758e+00
1.142843723297119141e+00
1.141747355461120605e+00
1.143464803695678711e+00
1.141960740089416504e+00
1.142635941505432129e+00
1.141660451889038086e+00
1.142536520957946777e+00
1.141588449478149414e+00
1.142020702362060547e+00
1.141257166862487793e+00
1.141759157180786133e+00
1.141423821449279785e+00
1.141747474670410156e+00
1.140916466712951660e+00
1.141668677330017090e+00
1.141255021095275879e+00
1.141841888427734375e+00
1.140716910362243652e+00
1.141382217407226562e+00
1.141053080558776855e+00
1.140715718269348145e+00
1.140404701232910156e+00
1.140019059181213379e+00
1.139888644218444824e+00
1.140966773033142090e+00
1.139791965484619141e+00
1.139872193336486816e+00
1.139802336692810059e+00
1.139869213104248047e+00
1.141036152839660645e+00
1.139607429504394531e+00
1.139973640441894531e+00
1.139755249023437500e+00
1.139647841453552246e+00
1.139875054359436035e+00
1.139118313789367676e+00
1.139571785926818848e+00
1.139610528945922852e+00
1.139753580093383789e+00
1.139989852905273438e+00
1.139540791511535645e+00
1.139436483383178711e+00
1.139524340629577637e+00
1.138889551162719727e+00
1.140194773674011230e+00
1.139198184013366699e+00
1.139685869216918945e+00
1.138910174369812012e+00
1.139404535293579102e+00
1.139053702354431152e+00
1.139535903930664062e+00
1.139021277427673340e+00
1.138604164123535156e+00
1.139761805534362793e+00
1.138895392417907715e+00
1.139966607093811035e+00
1.139020204544067383e+00
1.138493299484252930e+00
1.141062974929809570e+00
1.138037800788879395e+00
1.139999985694885254e+00
1.139366030693054199e+00
1.138197779655456543e+00
1.140769362449645996e+00
1.137585043907165527e+00
1.138694047927856445e+00
1.138782858848571777e+00
1.137784361839294434e+00
1.139033079147338867e+00
1.137700319290161133e+00
1.138075113296508789e+00
1.138162612915039062e+00
1.137449383735656738e+00
1.138331174850463867e+00
1.137098908424377441e+00
1.137857437133789062e+00
1.137292623519897461e+00
1.137279272079467773e+00
1.137700080871582031e+00
1.137619614601135254e+00
1.138491868972778320e+00
1.137764334678649902e+00
1.137431859970092773e+00
1.138355016708374023e+00
1.137007951736450195e+00
1.137436151504516602e+00
1.137735009193420410e+00
1.136543393135070801e+00
1.137177586555480957e+00
1.136970639228820801e+00
1.136887550354003906e+00
1.136654973030090332e+00
1.137885928153991699e+00
1.136184215545654297e+00
1.136366724967956543e+00
1.136138319969177246e+00
1.135850548744201660e+00
1.136486291885375977e+00
1.137105584144592285e+00
1.137670516967773438e+00
1.136811614036560059e+00
1.137712717056274414e+00
1.136218905448913574e+00
1.136231064796447754e+00
1.136704921722412109e+00
1.135516643524169922e+00
1.136046528816223145e+00
1.135724186897277832e+00
1.135578513145446777e+00
1.135757207870483398e+00
1.135601997375488281e+00
1.135823726654052734e+00
1.135877013206481934e+00
1.135925889015197754e+00
1.135964512825012207e+00
1.135388970375061035e+00
1.136512279510498047e+00
1.135666012763977051e+00
1.136211514472961426e+00
1.135600924491882324e+00
1.136047482490539551e+00
1.135559201240539551e+00
1.135419368743896484e+00
1.135061264038085938e+00
1.135167241096496582e+00
1.134969353675842285e+00
1.135830760002136230e+00
1.135567903518676758e+00
1.135498881340026855e+00
1.135099887847900391e+00
1.135159611701965332e+00
1.135367989540100098e+00
1.134845256805419922e+00
1.134846925735473633e+00
1.134760975837707520e+00
1.135285496711730957e+00
1.134393572807312012e+00
1.134860038757324219e+00
1.134675979614257812e+00
1.134590029716491699e+00
1.134669423103332520e+00
1.135031819343566895e+00
1.134291529655456543e+00
1.134628415107727051e+00
1.134765267372131348e+00
1.134767055511474609e+00
1.134949564933776855e+00
1.134403347969055176e+00
1.134756565093994141e+00
1.134848713874816895e+00
1.135525226593017578e+00
1.134582042694091797e+00
1.135195255279541016e+00
1.134692072868347168e+00
1.134183526039123535e+00
1.134107828140258789e+00
1.134164810180664062e+00
1.133945584297180176e+00
1.134675145149230957e+00
1.134448766708374023e+00
1.134998798370361328e+00
1.133828878402709961e+00
1.133960127830505371e+00
1.134893178939819336e+00
1.133895277976989746e+00
1.133974194526672363e+00
1.133964776992797852e+00
1.133678913116455078e+00
1.133462429046630859e+00
1.133952856063842773e+00
1.133815407752990723e+00
1.133477210998535156e+00
1.133417129516601562e+00
1.133523344993591309e+00
1.133165001869201660e+00
1.133399844169616699e+00
1.133462071418762207e+00
1.133739352226257324e+00
1.133524894714355469e+00
1.133891820907592773e+00
1.133045196533203125e+00
1.133756399154663086e+00
1.133363485336303711e+00
1.133155107498168945e+00
1.133220791816711426e+00
1.133166909217834473e+00
1.133177280426025391e+00
1.133023977279663086e+00
1.132936596870422363e+00
1.133260607719421387e+00
1.133035182952880859e+00
1.133225202560424805e+00
1.133227348327636719e+00
1.132619500160217285e+00
1.132243394851684570e+00
1.132696270942687988e+00
1.132589340209960938e+00
1.132807135581970215e+00
1.133096337318420410e+00
1.133224606513977051e+00
1.132901430130004883e+00
1.132427334785461426e+00
1.132543087005615234e+00
1.133454799652099609e+00
1.134218811988830566e+00
1.135063529014587402e+00
1.136012792587280273e+00
1.136445999145507812e+00
1.136807918548583984e+00
1.137682199478149414e+00
1.138443112373352051e+00
1.138843417167663574e+00
1.139320731163024902e+00
1.139528274536132812e+00
1.140000104904174805e+00
1.139467716217041016e+00
1.139865159988403320e+00
1.139535665512084961e+00
1.139631509780883789e+00
1.139655709266662598e+00
1.138984084129333496e+00
1.138839006423950195e+00
1.138889431953430176e+00
1.139116764068603516e+00
1.138982534408569336e+00
1.139253020286560059e+00
1.139254450798034668e+00
1.138643622398376465e+00
1.138239264488220215e+00
1.138542294502258301e+00
1.138646841049194336e+00
1.138592243194580078e+00
1.139012098312377930e+00
1.138798713684082031e+00
1.138148069381713867e+00
1.137893438339233398e+00
1.137957096099853516e+00
1.138346433639526367e+00
1.138239622116088867e+00
1.138684272766113281e+00
1.138948678970336914e+00
1.138899683952331543e+00
1.138400316238403320e+00
1.137943983078002930e+00
1.137695670127868652e+00
1.137901306152343750e+00
1.137824296951293945e+00
1.138153910636901855e+00
1.138415694236755371e+00
1.138485431671142578e+00
1.138225674629211426e+00
1.137847185134887695e+00
1.137620568275451660e+00
1.137488484382629395e+00
1.137832760810852051e+00
1.137706279754638672e+00
1.138026475906372070e+00
1.138359189033508301e+00
1.138260602951049805e+00
1.138065814971923828e+00
1.137682557106018066e+00
1.137350559234619141e+00
1.137221693992614746e+00
1.137247323989868164e+00
1.137601733207702637e+00
1.137804508209228516e+00
1.138188481330871582e+00
1.138429164886474609e+00
1.137866377830505371e+00
1.137371420860290527e+00
1.137084722518920898e+00
1.137109398841857910e+00
1.137414574623107910e+00
1.137427449226379395e+00
1.137770175933837891e+00
1.137955307960510254e+00
1.138099789619445801e+00
1.137593030929565430e+00
1.137026548385620117e+00
1.136806726455688477e+00
1.136771559715270996e+00
1.136975765228271484e+00
1.137098431587219238e+00
1.137443304061889648e+00
1.138029575347900391e+00
1.140112996101379395e+00
1.139869213104248047e+00
1.139773488044738770e+00
1.138990879058837891e+00
1.138608694076538086e+00
1.138487815856933594e+00
1.138610959053039551e+00
1.138906121253967285e+00
1.138833403587341309e+00
1.139396309852600098e+00
1.139691472053527832e+00
1.140027880668640137e+00
1.139664530754089355e+00
1.138928532600402832e+00
1.138491630554199219e+00
1.137367129325866699e+00
1.137385487556457520e+00
1.139278054237365723e+00
1.138555288314819336e+00
1.138991951942443848e+00
1.139106988906860352e+00
1.139113664627075195e+00
1.138933062553405762e+00
1.138454198837280273e+00
1.137988090515136719e+00
1.137755513191223145e+00
1.137743473052978516e+00
1.137910723686218262e+00
1.138058781623840332e+00
1.138407349586486816e+00
1.138641834259033203e+00
1.138857483863830566e+00
1.138437628746032715e+00
1.137776732444763184e+00
1.137461662292480469e+00
1.137401103973388672e+00
1.137485265731811523e+00
1.138646960258483887e+00
1.137720465660095215e+00
1.138119935989379883e+00
1.138275027275085449e+00
1.138289570808410645e+00
1.137914657592773438e+00
1.137452125549316406e+00
1.137173652648925781e+00
1.137056946754455566e+00
1.137090921401977539e+00
1.137435078620910645e+00
1.137216210365295410e+00
1.137275338172912598e+00
1.137197732925415039e+00
1.137673377990722656e+00
1.137385964393615723e+00
1.136448860168457031e+00
1.136063098907470703e+00
1.135960221290588379e+00
1.136037826538085938e+00
1.136810898780822754e+00
1.136348128318786621e+00
1.136719822883605957e+00
1.136793136596679688e+00
1.136809110641479492e+00
1.136349916458129883e+00
1.135860085487365723e+00
1.135675787925720215e+00
1.135650038719177246e+00
1.135757923126220703e+00
1.135824918746948242e+00
1.135757446289062500e+00
1.135695815086364746e+00
1.135636568069458008e+00
1.135629892349243164e+00
1.135642766952514648e+00
1.135598897933959961e+00
1.135514259338378906e+00
1.135426878929138184e+00
1.135359644889831543e+00
1.135371804237365723e+00
1.135362625122070312e+00
1.135393977165222168e+00
1.135378122329711914e+00
1.135276198387145996e+00
1.135199189186096191e+00
1.135177969932556152e+00
1.135155797004699707e+00
1.135162234306335449e+00
1.135199904441833496e+00
1.135218024253845215e+00
1.135148286819458008e+00
1.135037302970886230e+00
1.134962677955627441e+00
1.134918451309204102e+00
1.134921431541442871e+00
1.134972214698791504e+00
1.135024428367614746e+00
1.134966135025024414e+00
1.134848117828369141e+00
1.134775996208190918e+00
1.134747862815856934e+00
1.134756803512573242e+00
1.134816288948059082e+00
1.134881973266601562e+00
1.134835958480834961e+00
1.134736061096191406e+00
1.134683966636657715e+00
1.134660601615905762e+00
1.134642958641052246e+00
1.134657025337219238e+00
1.134687900543212891e+00
1.134693503379821777e+00
1.134647846221923828e+00
1.134583950042724609e+00
1.134537220001220703e+00
1.134494066238403320e+00
1.134492039680480957e+00
1.134530425071716309e+00
1.134576201438903809e+00
1.134538412094116211e+00
1.134449124336242676e+00
1.134401559829711914e+00
1.134392023086547852e+00
1.134381890296936035e+00
1.134400010108947754e+00
1.134434461593627930e+00
1.134439706802368164e+00
1.134374141693115234e+00
1.134277701377868652e+00
1.134209871292114258e+00
