4.589336395263671875e+01
4.560062026977539062e+01
4.530393600463867188e+01
4.500406265258789062e+01
4.470102310180664062e+01
4.439399337768554688e+01
4.408161926269531250e+01
4.376256561279296875e+01
4.343598175048828125e+01
4.310168838500976562e+01
4.276020050048828125e+01
4.241258239746093750e+01
4.206033325195312500e+01
4.170524978637695312e+01
4.134934997558593750e+01
4.099483871459960938e+01
4.064403152465820312e+01
4.029932785034179688e+01
3.996316146850585938e+01
3.963790130615234375e+01
3.932581329345703125e+01
3.902894973754882812e+01
3.874910736083984375e+01
3.848774337768554688e+01
3.824595260620117188e+01
3.802441787719726562e+01
3.782342529296875000e+01
3.764286422729492188e+01
3.748228836059570312e+01
3.734094619750976562e+01
3.721783447265625000e+01
3.711179351806640625e+01
3.702151489257812500e+01
3.694564819335937500e+01
3.688282012939453125e+01
3.683166885375976562e+01
3.679086303710937500e+01
3.675915908813476562e+01
3.673535537719726562e+01
3.671835708618164062e+01
3.670714569091796875e+01
3.670076751708984375e+01
3.669837951660156250e+01
3.669922256469726562e+01
3.670260620117187500e+01
3.670792770385742188e+01
3.671465682983398438e+01
3.672233963012695312e+01
3.673058319091796875e+01
3.673907470703125000e+01
3.674754333496093750e+01
3.675578308105468750e+01
3.676361846923828125e+01
3.677093887329101562e+01
3.677764892578125000e+01
3.678371047973632812e+01
3.678907775878906250e+01
3.679376220703125000e+01
3.679776382446289062e+01
3.680111312866210938e+01
3.680385208129882812e+01
3.680601882934570312e+01
3.680766296386718750e+01
3.680884552001953125e+01
3.680960845947265625e+01
3.681001281738281250e+01
3.681010055541992188e+01
3.680992889404296875e+01
3.680954360961914062e+01
3.680897903442382812e+01
3.680828475952148438e+01
3.680747985839843750e+01
3.680661392211914062e+01
3.680569839477539062e+01
3.680475997924804688e+01
3.680381774902343750e+01
3.680288696289062500e+01
3.680197906494140625e+01
3.680110931396484375e+01
3.680028152465820312e+01
3.679949951171875000e+01
3.679877090454101562e+01
3.679809570312500000e+01
3.679747772216796875e+01
3.679690551757812500e+01
3.679638671875000000e+01
3.679592132568359375e+01
3.679549789428710938e+01
3.679512405395507812e+01
3.679478836059570312e+01
3.679448699951171875e+01
3.679422378540039062e+01
3.679399871826171875e+01
3.679379272460937500e+01
3.679360961914062500e+01
3.679344940185546875e+01
3.679330825805664062e+01
3.679318618774414062e+01
3.679307556152343750e+01
3.679298019409179688e+01
3.679288482666015625e+01
3.679280853271484375e+01
3.679273605346679688e+01
3.679266357421875000e+01
3.679260253906250000e+01
3.679254150390625000e+01
3.679248046875000000e+01
3.679242706298828125e+01
3.679237365722656250e+01
3.679232025146484375e+01
3.679227447509765625e+01
3.679222106933593750e+01
3.679217529296875000e+01
3.679212188720703125e+01
3.679207229614257812e+01
3.679202651977539062e+01
3.679197692871093750e+01
3.679193496704101562e+01
3.679188537597656250e+01
3.679184341430664062e+01
3.679179763793945312e+01
3.679175567626953125e+01
3.679171371459960938e+01
3.679166793823242188e+01
3.679163360595703125e+01
3.679158782958984375e+01
3.679155349731445312e+01
3.679151535034179688e+01
3.679148101806640625e+01
3.679144287109375000e+01
3.679140853881835938e+01
3.679137802124023438e+01
3.679134750366210938e+01
3.679131317138671875e+01
3.679128646850585938e+01
3.679125976562500000e+01
3.679122924804687500e+01
3.679120635986328125e+01
3.679117965698242188e+01
3.679115676879882812e+01
3.679113388061523438e+01
3.679111480712890625e+01
3.679109191894531250e+01
3.679106903076171875e+01
3.679105377197265625e+01
3.679103088378906250e+01
3.679101562500000000e+01
3.679099655151367188e+01
3.679098129272460938e+01
3.679096603393554688e+01
3.679095077514648438e+01
3.679093933105468750e+01
3.679092025756835938e+01
3.679090881347656250e+01
3.679089736938476562e+01
3.679088211059570312e+01
3.679087066650390625e+01
3.679085540771484375e+01
3.679084777832031250e+01
3.679083633422851562e+01
3.679082870483398438e+01
3.679081726074218750e+01
3.679080581665039062e+01
3.679079818725585938e+01
3.679079055786132812e+01
3.679077529907226562e+01
3.679076766967773438e+01
3.679076004028320312e+01
3.679075622558593750e+01
3.679074859619140625e+01
3.679074096679687500e+01
3.679073333740234375e+01
3.679072570800781250e+01
3.679071807861328125e+01
3.679071426391601562e+01
3.679070663452148438e+01
3.679070281982421875e+01
3.679069519042968750e+01
3.679068756103515625e+01
3.679068374633789062e+01
3.679067611694335938e+01
3.679067230224609375e+01
3.679066848754882812e+01
3.679066467285156250e+01
3.679066085815429688e+01
3.679065704345703125e+01
3.679065322875976562e+01
3.679064559936523438e+01
3.679064178466796875e+01
3.679063796997070312e+01
3.679063796997070312e+01
3.679063034057617188e+01
3.679062652587890625e+01
3.679062271118164062e+01
3.679061889648437500e+01
3.679061508178710938e+01
3.679061508178710938e+01
3.679060745239257812e+01
3.679060745239257812e+01
3.679059982299804688e+01
3.679059982299804688e+01
3.679059982299804688e+01
3.679059600830078125e+01
3.679059219360351562e+01
3.679058837890625000e+01
3.679058837890625000e+01
3.679058456420898438e+01
3.679058456420898438e+01
3.679058074951171875e+01
3.679057693481445312e+01
3.679057693481445312e+01
3.679057312011718750e+01
3.679057312011718750e+01
3.679057312011718750e+01
3.679057312011718750e+01
3.679056930541992188e+01
3.679056930541992188e+01
3.679056549072265625e+01
3.679056549072265625e+01
3.679056549072265625e+01
3.679056167602539062e+01
3.679055786132812500e+01
3.679055786132812500e+01
3.679055786132812500e+01
3.679055404663085938e+01
3.679055023193359375e+01
3.679055023193359375e+01
3.679054641723632812e+01
3.679054641723632812e+01
3.679054641723632812e+01
3.679054260253906250e+01
3.679054260253906250e+01
3.679054260253906250e+01
3.679054260253906250e+01
3.679053878784179688e+01
3.679053497314453125e+01
3.679054260253906250e+01
3.679053878784179688e+01
3.679053497314453125e+01
3.679053497314453125e+01
3.679053497314453125e+01
3.679053497314453125e+01
3.679053115844726562e+01
3.679053115844726562e+01
3.679053497314453125e+01
3.679052734375000000e+01
3.679052734375000000e+01
3.679052734375000000e+01
3.679052734375000000e+01
3.679052734375000000e+01
3.679052734375000000e+01
3.679052734375000000e+01
3.679052734375000000e+01
3.679052352905273438e+01
3.679051971435546875e+01
3.679051971435546875e+01
3.679051971435546875e+01
3.679051971435546875e+01
3.679051971435546875e+01
3.679051971435546875e+01
3.679051971435546875e+01
3.679051971435546875e+01
3.679051971435546875e+01
3.679051971435546875e+01
3.679051971435546875e+01
3.679051589965820312e+01
3.679051208496093750e+01
3.679051208496093750e+01
3.679051208496093750e+01
3.679051208496093750e+01
3.679051208496093750e+01
3.679051208496093750e+01
3.679051208496093750e+01
3.679051208496093750e+01
3.679051208496093750e+01
3.679051208496093750e+01
3.679051208496093750e+01
3.679051208496093750e+01
3.679051208496093750e+01
3.679050445556640625e+01
3.679051208496093750e+01
3.679050827026367188e+01
3.679050827026367188e+01
3.679050445556640625e+01
3.679050445556640625e+01
3.679050445556640625e+01
3.679050445556640625e+01
3.679050445556640625e+01
3.679050445556640625e+01
3.679050445556640625e+01
3.679050445556640625e+01
3.679050445556640625e+01
3.679050445556640625e+01
3.679050445556640625e+01
3.679050445556640625e+01
3.679050445556640625e+01
3.679050445556640625e+01
3.679050445556640625e+01
3.679050445556640625e+01
3.679050445556640625e+01
3.679050445556640625e+01
3.679050445556640625e+01
3.679050064086914062e+01
3.679050445556640625e+01
3.679050445556640625e+01
3.679050064086914062e+01
3.679050064086914062e+01
3.679050064086914062e+01
3.679050064086914062e+01
3.679050064086914062e+01
3.679050064086914062e+01
3.679049682617187500e+01
3.679050064086914062e+01
3.679050064086914062e+01
3.679050064086914062e+01
3.679050064086914062e+01
3.679050064086914062e+01
3.679049682617187500e+01
3.679050064086914062e+01
3.679050064086914062e+01
3.679050064086914062e+01
3.679049682617187500e+01
3.679049682617187500e+01
3.679049682617187500e+01
3.679050064086914062e+01
3.679050064086914062e+01
3.679049682617187500e+01
3.679049682617187500e+01
3.679049682617187500e+01
3.679050064086914062e+01
3.679049682617187500e+01
3.679049682617187500e+01
3.679049682617187500e+01
3.679049682617187500e+01
3.679049682617187500e+01
3.679049682617187500e+01
3.679049682617187500e+01
3.679049682617187500e+01
3.679049682617187500e+01
3.679049682617187500e+01
3.679049682617187500e+01
3.679049682617187500e+01
3.679049682617187500e+01
3.679049682617187500e+01
3.679049682617187500e+01
3.679049682617187500e+01
3.679049682617187500e+01
3.679049682617187500e+01
3.679049682617187500e+01
3.679049682617187500e+01
3.679049682617187500e+01
3.679049682617187500e+01
3.679049682617187500e+01
3.679049682617187500e+01
3.679049682617187500e+01
3.679049682617187500e+01
3.679049682617187500e+01
3.679049682617187500e+01
3.679049682617187500e+01
3.679050064086914062e+01
3.679049682617187500e+01
3.679049682617187500e+01
3.679049682617187500e+01
3.679050064086914062e+01
3.679049682617187500e+01
3.679049682617187500e+01
3.679050064086914062e+01
3.679050064086914062e+01
3.679049682617187500e+01
3.679050064086914062e+01
3.679050064086914062e+01
3.679050064086914062e+01
3.679050064086914062e+01
3.679050064086914062e+01
3.679049682617187500e+01
3.679050064086914062e+01
3.679050064086914062e+01
3.679050064086914062e+01
3.679050064086914062e+01
3.679050064086914062e+01
3.679050064086914062e+01
3.679050064086914062e+01
3.679050064086914062e+01
3.679050064086914062e+01
3.679050064086914062e+01
3.679050064086914062e+01
3.679050064086914062e+01
3.679050064086914062e+01
3.679050064086914062e+01
3.679050064086914062e+01
3.679050064086914062e+01
3.679050064086914062e+01
3.679050445556640625e+01
3.679050445556640625e+01
3.679050445556640625e+01
3.679050064086914062e+01
3.679050445556640625e+01
3.679050445556640625e+01
3.679050445556640625e+01
3.679050445556640625e+01
3.679050445556640625e+01
3.679050445556640625e+01
3.679050445556640625e+01
3.679050445556640625e+01
3.679050445556640625e+01
3.679050445556640625e+01
3.679050445556640625e+01
3.679050445556640625e+01
3.679050445556640625e+01
3.679050445556640625e+01
3.679050445556640625e+01
3.679050445556640625e+01
3.679050445556640625e+01
3.679050445556640625e+01
3.679050827026367188e+01
3.679050827026367188e+01
3.679050827026367188e+01
3.679050445556640625e+01
3.679050827026367188e+01
3.679050827026367188e+01
3.679050827026367188e+01
3.679050827026367188e+01
3.679050827026367188e+01
3.679050827026367188e+01
3.679050827026367188e+01
3.679050827026367188e+01
3.679051208496093750e+01
3.679050827026367188e+01
3.679051208496093750e+01
3.679051208496093750e+01
3.679051208496093750e+01
3.679051208496093750e+01
3.679051208496093750e+01
3.679051208496093750e+01
3.679051208496093750e+01
3.679051208496093750e+01
3.679051208496093750e+01
3.679051208496093750e+01
3.679051208496093750e+01
3.679051208496093750e+01
3.679051208496093750e+01
3.679051208496093750e+01
3.679051208496093750e+01
3.679051208496093750e+01
3.679051208496093750e+01
3.679051208496093750e+01
3.679051589965820312e+01
3.679051589965820312e+01
3.679051589965820312e+01
3.679051208496093750e+01
3.679051589965820312e+01
3.679051589965820312e+01
3.679051589965820312e+01
3.679051589965820312e+01
3.679051589965820312e+01
3.679051971435546875e+01
3.679051971435546875e+01
3.679051589965820312e+01
3.679051971435546875e+01
3.679051971435546875e+01
3.679051971435546875e+01
3.679051971435546875e+01
3.679051971435546875e+01
3.679051971435546875e+01
3.679051971435546875e+01
3.679051971435546875e+01
3.679051971435546875e+01
3.679051971435546875e+01
3.679051971435546875e+01
3.679051971435546875e+01
3.679051971435546875e+01
3.679052352905273438e+01
3.679052352905273438e+01
3.679052352905273438e+01
3.679052352905273438e+01
3.679052352905273438e+01
3.679052352905273438e+01
3.679052734375000000e+01
3.679052352905273438e+01
3.679052352905273438e+01
3.679052734375000000e+01
3.679052734375000000e+01
3.679052734375000000e+01
3.679052734375000000e+01
3.679052352905273438e+01
3.679052734375000000e+01
3.679052734375000000e+01
3.679052734375000000e+01
3.679053115844726562e+01
3.679053115844726562e+01
3.679053115844726562e+01
3.679053115844726562e+01
3.679053115844726562e+01
3.679052734375000000e+01
3.679053115844726562e+01
3.679053115844726562e+01
3.679053115844726562e+01
3.679053115844726562e+01
3.679053497314453125e+01
3.679053497314453125e+01
3.679053115844726562e+01
3.679053115844726562e+01
3.679053115844726562e+01
3.679053497314453125e+01
3.679053497314453125e+01
3.679053497314453125e+01
3.679053497314453125e+01
3.679053497314453125e+01
3.679053497314453125e+01
3.679053497314453125e+01
3.679053497314453125e+01
3.679053497314453125e+01
3.679053878784179688e+01
3.679053497314453125e+01
3.679053497314453125e+01
3.679053878784179688e+01
3.679053497314453125e+01
3.679053878784179688e+01
3.679053878784179688e+01
3.679053878784179688e+01
3.679054260253906250e+01
3.679054260253906250e+01
3.679054260253906250e+01
3.679054260253906250e+01
3.679054260253906250e+01
3.679054260253906250e+01
3.679054260253906250e+01
3.679054260253906250e+01
3.679054260253906250e+01
3.679054260253906250e+01
3.679054260253906250e+01
3.679054260253906250e+01
3.679054260253906250e+01
3.679054260253906250e+01
3.679054641723632812e+01
3.679054641723632812e+01
3.679054641723632812e+01
3.679055023193359375e+01
3.679055023193359375e+01
3.679055023193359375e+01
3.679055023193359375e+01
3.679055023193359375e+01
3.679055023193359375e+01
3.679055023193359375e+01
3.679055023193359375e+01
3.679055023193359375e+01
3.679055023193359375e+01
3.679055023193359375e+01
3.679055023193359375e+01
3.679055023193359375e+01
3.679055023193359375e+01
3.679055404663085938e+01
3.679055786132812500e+01
3.679055404663085938e+01
3.679055023193359375e+01
3.679055023193359375e+01
3.679055404663085938e+01
3.679055786132812500e+01
3.679055786132812500e+01
3.679055786132812500e+01
3.679055786132812500e+01
3.679055786132812500e+01
3.679055786132812500e+01
3.679055786132812500e+01
3.679055786132812500e+01
3.679055786132812500e+01
3.679055786132812500e+01
3.679056167602539062e+01
3.679056167602539062e+01
3.679056167602539062e+01
3.679056167602539062e+01
3.679055786132812500e+01
3.679056167602539062e+01
3.679056167602539062e+01
3.679056549072265625e+01
3.679056167602539062e+01
3.679056549072265625e+01
3.679056549072265625e+01
3.679056549072265625e+01
3.679056549072265625e+01
3.679056549072265625e+01
3.679056549072265625e+01
3.679056549072265625e+01
3.679056549072265625e+01
3.679056549072265625e+01
3.679056549072265625e+01
3.679056930541992188e+01
3.679056930541992188e+01
3.679057312011718750e+01
3.679056930541992188e+01
3.679056930541992188e+01
3.679057312011718750e+01
3.679057312011718750e+01
3.679057312011718750e+01
3.679057312011718750e+01
3.679057312011718750e+01
3.679057312011718750e+01
3.679057312011718750e+01
3.679057312011718750e+01
3.679057312011718750e+01
3.679057312011718750e+01
3.679057312011718750e+01
3.679057312011718750e+01
3.679057312011718750e+01
3.679057312011718750e+01
3.679057312011718750e+01
3.679057693481445312e+01
3.679057693481445312e+01
3.679057693481445312e+01
3.679057693481445312e+01
3.679057693481445312e+01
3.679057693481445312e+01
3.679057693481445312e+01
3.679057693481445312e+01
3.679057693481445312e+01
3.679057693481445312e+01
3.679057693481445312e+01
3.679057693481445312e+01
3.679057693481445312e+01
3.679058074951171875e+01
3.679058074951171875e+01
3.679058074951171875e+01
3.679058074951171875e+01
3.679058456420898438e+01
3.679058074951171875e+01
3.679058456420898438e+01
3.679058456420898438e+01
3.679058074951171875e+01
3.679058074951171875e+01
3.679058074951171875e+01
3.679058456420898438e+01
3.679058456420898438e+01
3.679058456420898438e+01
3.679058837890625000e+01
3.679058456420898438e+01
3.679058456420898438e+01
3.679058456420898438e+01
3.679058456420898438e+01
3.679058456420898438e+01
3.679058837890625000e+01
3.679059219360351562e+01
3.679059219360351562e+01
3.679058837890625000e+01
3.679059219360351562e+01
3.679059219360351562e+01
3.679059219360351562e+01
3.679059219360351562e+01
3.679059219360351562e+01
3.679059219360351562e+01
3.679059219360351562e+01
3.679059219360351562e+01
3.679059600830078125e+01
3.679059219360351562e+01
3.679059219360351562e+01
3.679059219360351562e+01
3.679059219360351562e+01
3.679059982299804688e+01
3.679059982299804688e+01
3.679059982299804688e+01
3.679059982299804688e+01
3.679059982299804688e+01
3.679059982299804688e+01
3.679059982299804688e+01
3.679059982299804688e+01
3.679059982299804688e+01
3.679059982299804688e+01
3.679059982299804688e+01
3.679059982299804688e+01
3.679059982299804688e+01
3.679059982299804688e+01
3.679059982299804688e+01
3.679060363769531250e+01
3.679060363769531250e+01
3.679060363769531250e+01
3.679060363769531250e+01
3.679060363769531250e+01
3.679060745239257812e+01
3.679060745239257812e+01
3.679060745239257812e+01
3.679060745239257812e+01
3.679060745239257812e+01
3.679060745239257812e+01
3.679060745239257812e+01
3.679060745239257812e+01
3.679060745239257812e+01
3.679060745239257812e+01
3.679060745239257812e+01
3.679061126708984375e+01
3.679061126708984375e+01
3.679061126708984375e+01
3.679061508178710938e+01
3.679061508178710938e+01
3.679061508178710938e+01
3.679061508178710938e+01
3.679061508178710938e+01
3.679061508178710938e+01
3.679061508178710938e+01
3.679061508178710938e+01
3.679061508178710938e+01
3.679061508178710938e+01
3.679061508178710938e+01
3.679061889648437500e+01
3.679061889648437500e+01
3.679061889648437500e+01
3.679061889648437500e+01
3.679061889648437500e+01
3.679061889648437500e+01
3.679062271118164062e+01
3.679062271118164062e+01
3.679062271118164062e+01
3.679062271118164062e+01
3.679062271118164062e+01
3.679062271118164062e+01
3.679062271118164062e+01
3.679062271118164062e+01
3.679062271118164062e+01
3.679062652587890625e+01
3.679062271118164062e+01
3.679062271118164062e+01
3.679062271118164062e+01
3.679062271118164062e+01
3.679062652587890625e+01
3.679062652587890625e+01
3.679062652587890625e+01
3.679062652587890625e+01
3.679062652587890625e+01
3.679062652587890625e+01
3.679063034057617188e+01
3.679063034057617188e+01
3.679063034057617188e+01
3.679063034057617188e+01
3.679063034057617188e+01
3.679063034057617188e+01
3.679063034057617188e+01
3.679063034057617188e+01
3.679063034057617188e+01
3.679063415527343750e+01
3.679063796997070312e+01
3.679063796997070312e+01
3.679063796997070312e+01
3.679063796997070312e+01
3.679063796997070312e+01
3.679063415527343750e+01
3.679063796997070312e+01
3.679063796997070312e+01
3.679063796997070312e+01
3.679063796997070312e+01
3.679063796997070312e+01
3.679063796997070312e+01
3.679064178466796875e+01
3.679063796997070312e+01
3.679063796997070312e+01
3.679064178466796875e+01
3.679064178466796875e+01
3.679063796997070312e+01
3.679064178466796875e+01
3.679064559936523438e+01
3.679064559936523438e+01
3.679064559936523438e+01
3.679064559936523438e+01
3.679064559936523438e+01
3.679064559936523438e+01
3.679064559936523438e+01
3.679064941406250000e+01
3.679064559936523438e+01
3.679064941406250000e+01
3.679064941406250000e+01
3.679064941406250000e+01
3.679064559936523438e+01
3.679064941406250000e+01
3.679064941406250000e+01
3.679064941406250000e+01
3.679064941406250000e+01
3.679064941406250000e+01
3.679065322875976562e+01
3.679065322875976562e+01
3.679065322875976562e+01
3.679065322875976562e+01
3.679065322875976562e+01
3.679065322875976562e+01
3.679065322875976562e+01
3.679065322875976562e+01
3.679065322875976562e+01
3.679065322875976562e+01
3.679066085815429688e+01
3.679066085815429688e+01
3.679066085815429688e+01
3.679065704345703125e+01
3.679065704345703125e+01
3.679065704345703125e+01
3.679066085815429688e+01
3.679066085815429688e+01
3.679066085815429688e+01
3.679066085815429688e+01
3.679066085815429688e+01
3.679066085815429688e+01
3.679066085815429688e+01
3.679066085815429688e+01
3.679066085815429688e+01
3.679066085815429688e+01
3.679066085815429688e+01
3.679066085815429688e+01
3.679066085815429688e+01
3.679066085815429688e+01
3.679066467285156250e+01
3.679066467285156250e+01
3.679066467285156250e+01
3.679066467285156250e+01
3.679066467285156250e+01
3.679066467285156250e+01
3.679066467285156250e+01
3.679066467285156250e+01
3.679066467285156250e+01
3.679066467285156250e+01
3.679066467285156250e+01
3.679066467285156250e+01
3.679066467285156250e+01
3.679066467285156250e+01
3.679066848754882812e+01
3.679066848754882812e+01
3.679066848754882812e+01
3.679066848754882812e+01
3.679066467285156250e+01
3.679067230224609375e+01
3.679067230224609375e+01
3.679067230224609375e+01
3.679067230224609375e+01
3.679067230224609375e+01
3.679067230224609375e+01
3.679067230224609375e+01
3.679067230224609375e+01
3.679067230224609375e+01
3.679067230224609375e+01
3.679067230224609375e+01
3.679067230224609375e+01
3.679067230224609375e+01
3.679067230224609375e+01
3.679067611694335938e+01
3.679067611694335938e+01
3.679067611694335938e+01
3.679067611694335938e+01
3.679067993164062500e+01
3.679067993164062500e+01
3.679067993164062500e+01
3.679067993164062500e+01
3.679067993164062500e+01
3.679067993164062500e+01
3.679067993164062500e+01
3.679067993164062500e+01
3.679067993164062500e+01
3.679067993164062500e+01
3.679067993164062500e+01
3.679068374633789062e+01
3.679068374633789062e+01
3.679068374633789062e+01
3.679068374633789062e+01
3.679068374633789062e+01
3.679068374633789062e+01
3.679068756103515625e+01
3.679068374633789062e+01
3.679068756103515625e+01
3.679068756103515625e+01
3.679068756103515625e+01
3.679068756103515625e+01
3.679068374633789062e+01
3.679068756103515625e+01
3.679068756103515625e+01
3.679068756103515625e+01
3.679068756103515625e+01
3.679068756103515625e+01
3.679068756103515625e+01
3.679068756103515625e+01
3.679068756103515625e+01
3.679068756103515625e+01
3.679068756103515625e+01
3.679069137573242188e+01
3.679068756103515625e+01
3.679069137573242188e+01
3.679069519042968750e+01
3.679068756103515625e+01
3.679069519042968750e+01
3.679069519042968750e+01
3.679069519042968750e+01
3.679069519042968750e+01
3.679069519042968750e+01
3.679069519042968750e+01
3.679069519042968750e+01
3.679069519042968750e+01
3.679069519042968750e+01
3.679069519042968750e+01
3.679069519042968750e+01
3.679069519042968750e+01
3.679069900512695312e+01
3.679070281982421875e+01
3.679069900512695312e+01
3.679070281982421875e+01
3.679069900512695312e+01
3.679070281982421875e+01
3.679070281982421875e+01
3.679070281982421875e+01
3.679070281982421875e+01
3.679069900512695312e+01
3.679070281982421875e+01
3.679070281982421875e+01
3.679070281982421875e+01
3.679070281982421875e+01
3.679070281982421875e+01
3.679070281982421875e+01
3.679070663452148438e+01
3.679070281982421875e+01
3.679070663452148438e+01
3.679070663452148438e+01
3.679070281982421875e+01
3.679070281982421875e+01
3.679070663452148438e+01
3.679070663452148438e+01
3.679070663452148438e+01
3.679070663452148438e+01
3.679071044921875000e+01
3.679071044921875000e+01
3.679071044921875000e+01
3.679071044921875000e+01
3.679071044921875000e+01
3.679071044921875000e+01
3.679071044921875000e+01
3.679071044921875000e+01
3.679071426391601562e+01
3.679071044921875000e+01
3.679071807861328125e+01
3.679071426391601562e+01
3.679071807861328125e+01
3.679071426391601562e+01
3.679071426391601562e+01
3.679071807861328125e+01
3.679071807861328125e+01
3.679071426391601562e+01
3.679071807861328125e+01
3.679071807861328125e+01
3.679071807861328125e+01
3.679071807861328125e+01
3.679071807861328125e+01
3.679071807861328125e+01
3.679071807861328125e+01
3.679071807861328125e+01
3.679071807861328125e+01
3.679072189331054688e+01
3.679072570800781250e+01
3.679072189331054688e+01
3.679072189331054688e+01
3.679072189331054688e+01
3.679072189331054688e+01
3.679072189331054688e+01
3.679072570800781250e+01
3.679072189331054688e+01
3.679072189331054688e+01
3.679072570800781250e+01
3.679072189331054688e+01
3.679072189331054688e+01
3.679072570800781250e+01
3.679072570800781250e+01
3.679072570800781250e+01
3.679072570800781250e+01
3.679072570800781250e+01
3.679072570800781250e+01
3.679072570800781250e+01
3.679072570800781250e+01
3.679072570800781250e+01
3.679072570800781250e+01
3.679072570800781250e+01
3.679072952270507812e+01
3.679072952270507812e+01
3.679072952270507812e+01
3.679073333740234375e+01
3.679073333740234375e+01
3.679073333740234375e+01
3.679073333740234375e+01
3.679073333740234375e+01
3.679073333740234375e+01
3.679073333740234375e+01
3.679073333740234375e+01
3.679073333740234375e+01
3.679073333740234375e+01
3.679073333740234375e+01
3.679073333740234375e+01
3.679073333740234375e+01
3.679073333740234375e+01
3.679073333740234375e+01
3.679073715209960938e+01
3.679073715209960938e+01
3.679073333740234375e+01
3.679073333740234375e+01
3.679073333740234375e+01
3.679073715209960938e+01
3.679073715209960938e+01
3.679073715209960938e+01
3.679073715209960938e+01
3.679073715209960938e+01
3.679073715209960938e+01
3.679074096679687500e+01
3.679074096679687500e+01
