3.070081710815429688e+00
2.972470760345458984e+00
2.875520706176757812e+00
2.780240535736083984e+00
2.687827110290527344e+00
2.598486423492431641e+00
2.512798547744750977e+00
2.431488752365112305e+00
2.354450225830078125e+00
2.267333269119262695e+00
2.172020196914672852e+00
2.075861215591430664e+00
1.985283017158508301e+00
1.902877926826477051e+00
1.832262039184570312e+00
1.774486541748046875e+00
1.729409217834472656e+00
1.698048949241638184e+00
1.677893400192260742e+00
1.664215087890625000e+00
1.655292749404907227e+00
1.649713516235351562e+00
1.646291136741638184e+00
1.644029974937438965e+00
1.642088651657104492e+00
1.639778256416320801e+00
1.636623620986938477e+00
1.631992220878601074e+00
1.625344276428222656e+00
1.617511272430419922e+00
1.609299182891845703e+00
1.602060914039611816e+00
1.595047473907470703e+00
1.588320016860961914e+00
1.581759691238403320e+00
1.575285196304321289e+00
1.568703532218933105e+00
1.561926960945129395e+00
1.554887413978576660e+00
1.547600626945495605e+00
1.541114568710327148e+00
1.534704327583312988e+00
1.528471946716308594e+00
1.522622942924499512e+00
1.517453432083129883e+00
1.512130856513977051e+00
1.507250666618347168e+00
1.502542257308959961e+00
1.497891187667846680e+00
1.493650436401367188e+00
1.489795088768005371e+00
1.486505508422851562e+00
1.482169508934020996e+00
1.479162931442260742e+00
1.476578116416931152e+00
1.467826008796691895e+00
1.462682604789733887e+00
1.458279848098754883e+00
1.454596519470214844e+00
1.447541832923889160e+00
1.442257165908813477e+00
1.437209963798522949e+00
1.432209968566894531e+00
1.426479935646057129e+00
1.422046422958374023e+00
1.416429042816162109e+00
1.411601662635803223e+00
1.407015204429626465e+00
1.401769161224365234e+00
1.397095203399658203e+00
1.391913533210754395e+00
1.386694431304931641e+00
1.381857633590698242e+00
1.376702666282653809e+00
1.371576786041259766e+00
1.355317115783691406e+00
1.302597761154174805e+00
1.234242439270019531e+00
1.169697165489196777e+00
1.119820356369018555e+00
1.089423418045043945e+00
1.075144648551940918e+00
1.067766189575195312e+00
1.063421487808227539e+00
1.065394639968872070e+00
1.058140397071838379e+00
1.051548838615417480e+00
1.043464541435241699e+00
1.034081935882568359e+00
1.028097152709960938e+00
1.022067546844482422e+00
1.018087148666381836e+00
1.015697717666625977e+00
1.013013720512390137e+00
1.009143829345703125e+00
1.005914330482482910e+00
1.003484368324279785e+00
1.000126719474792480e+00
9.976758956909179688e-01
9.944671392440795898e-01
9.924300312995910645e-01
9.892081618309020996e-01
9.861376285552978516e-01
9.829561710357666016e-01
9.809194803237915039e-01
9.801211953163146973e-01
9.797986149787902832e-01
9.784262776374816895e-01
9.749326705932617188e-01
9.698421359062194824e-01
9.709460139274597168e-01
9.667903780937194824e-01
9.641928672790527344e-01
9.653714299201965332e-01
9.629650712013244629e-01
9.598989486694335938e-01
9.575708508491516113e-01
9.563995599746704102e-01
9.574205875396728516e-01
9.588235616683959961e-01
9.549490213394165039e-01
9.508801102638244629e-01
9.505365490913391113e-01
9.489750862121582031e-01
9.472069740295410156e-01
9.576389193534851074e-01
9.593117237091064453e-01
9.605213403701782227e-01
9.578815698623657227e-01
9.526108503341674805e-01
9.513450860977172852e-01
9.515098929405212402e-01
9.490900635719299316e-01
9.484939575195312500e-01
9.480678439140319824e-01
9.468829035758972168e-01
9.483042955398559570e-01
9.481982588768005371e-01
9.464184045791625977e-01
9.420745372772216797e-01
9.420355558395385742e-01
9.410031437873840332e-01
9.398432374000549316e-01
9.390153288841247559e-01
9.384042620658874512e-01
9.373761415481567383e-01
9.369192123413085938e-01
9.367145299911499023e-01
9.362930655479431152e-01
9.389557242393493652e-01
9.395580887794494629e-01
9.345831274986267090e-01
9.347589015960693359e-01
9.334324598312377930e-01
9.318581223487854004e-01
9.325026869773864746e-01
9.303601384162902832e-01
9.303057789802551270e-01
9.307753443717956543e-01
9.307204484939575195e-01
9.331888556480407715e-01
9.370346069335937500e-01
9.353690147399902344e-01
9.275298714637756348e-01
9.274078011512756348e-01
9.285957217216491699e-01
9.261643886566162109e-01
9.258478879928588867e-01
9.256947040557861328e-01
9.248986840248107910e-01
9.245082736015319824e-01
9.247494935989379883e-01
9.240437746047973633e-01
9.239783287048339844e-01
9.227307438850402832e-01
9.228157997131347656e-01
9.215075373649597168e-01
9.210299253463745117e-01
9.207583069801330566e-01
9.200868606567382812e-01
9.199063777923583984e-01
9.195253252983093262e-01
9.208524823188781738e-01
9.194608926773071289e-01
9.237515330314636230e-01
9.182264804840087891e-01
9.204136133193969727e-01
9.203113317489624023e-01
9.176190495491027832e-01
9.190999269485473633e-01
9.170439839363098145e-01
9.191907048225402832e-01
9.167109131813049316e-01
9.169690012931823730e-01
9.160385131835937500e-01
9.151606559753417969e-01
9.155256748199462891e-01
9.142311215400695801e-01
9.162373542785644531e-01
9.141976833343505859e-01
9.154308438301086426e-01
9.139828085899353027e-01
9.144190549850463867e-01
9.131301641464233398e-01
9.126250147819519043e-01
9.122579693794250488e-01
9.121167659759521484e-01
9.127770662307739258e-01
9.121029973030090332e-01
9.120123982429504395e-01
9.104731678962707520e-01
9.102761745452880859e-01
9.102898836135864258e-01
9.097087979316711426e-01
9.101362228393554688e-01
9.094120860099792480e-01
9.098005294799804688e-01
9.090697765350341797e-01
9.091755151748657227e-01
9.079796075820922852e-01
9.077987074851989746e-01
9.078308939933776855e-01
9.073823690414428711e-01
9.078512191772460938e-01
9.077653288841247559e-01
9.081294536590576172e-01
9.070901870727539062e-01
9.077300429344177246e-01
9.065062999725341797e-01
9.062150120735168457e-01
9.058331847190856934e-01
9.056993722915649414e-01
9.055877327919006348e-01
9.054250717163085938e-01
9.061237573623657227e-01
9.051971435546875000e-01
9.062176346778869629e-01
9.049332141876220703e-01
9.050434827804565430e-01
9.038106799125671387e-01
9.036788344383239746e-01
9.048546552658081055e-01
9.034084081649780273e-01
9.033455252647399902e-01
9.030119180679321289e-01
9.028202891349792480e-01
9.031419157981872559e-01
9.026530981063842773e-01
9.037712812423706055e-01
9.032542109489440918e-01
9.037915468215942383e-01
9.017520546913146973e-01
9.014976024627685547e-01
9.017343521118164062e-01
9.010917544364929199e-01
9.013856649398803711e-01
9.009888172149658203e-01
9.019077420234680176e-01
9.011183977127075195e-01
9.018351435661315918e-01
9.007638692855834961e-01
9.015671014785766602e-01
8.994053006172180176e-01
8.991788625717163086e-01
8.995296359062194824e-01
8.993427753448486328e-01
9.004246592521667480e-01
8.999388813972473145e-01
9.015171527862548828e-01
8.997302055358886719e-01
9.003938436508178711e-01
8.992912173271179199e-01
8.988267779350280762e-01
8.992361426353454590e-01
8.980723619461059570e-01
8.980689644813537598e-01
8.978327512741088867e-01
8.990231156349182129e-01
8.980431556701660156e-01
8.985000848770141602e-01
8.969410061836242676e-01
8.973693251609802246e-01
8.962028026580810547e-01
8.961815237998962402e-01
8.960818052291870117e-01
8.958784937858581543e-01
8.965782523155212402e-01
8.962863683700561523e-01
8.985605239868164062e-01
8.973025083541870117e-01
8.979036211967468262e-01
8.954607844352722168e-01
8.956380486488342285e-01
8.964555263519287109e-01
8.961879611015319824e-01
8.968330025672912598e-01
8.952513337135314941e-01
8.978903293609619141e-01
9.004387259483337402e-01
9.019091725349426270e-01
8.946062922477722168e-01
8.969295024871826172e-01
8.984565138816833496e-01
8.968734741210937500e-01
8.948687911033630371e-01
8.961943984031677246e-01
8.933245539665222168e-01
8.933539986610412598e-01
8.934170603752136230e-01
8.925647139549255371e-01
8.938840031623840332e-01
8.934095501899719238e-01
8.943293690681457520e-01
8.939175009727478027e-01
8.944999575614929199e-01
8.920259475708007812e-01
8.921561241149902344e-01
8.916752338409423828e-01
8.916885852813720703e-01
8.924137949943542480e-01
8.920255899429321289e-01
8.935850262641906738e-01
8.917657136917114258e-01
8.922008275985717773e-01
8.906911015510559082e-01
8.906218409538269043e-01
8.904653787612915039e-01
8.902861475944519043e-01
8.907777667045593262e-01
8.902130126953125000e-01
8.910727500915527344e-01
8.901216387748718262e-01
8.909959793090820312e-01
8.900098800659179688e-01
8.907949924468994141e-01
8.897880911827087402e-01
8.905689120292663574e-01
8.893520236015319824e-01
8.897234797477722168e-01
8.886985182762145996e-01
8.887808322906494141e-01
8.884072303771972656e-01
8.883445262908935547e-01
8.882965445518493652e-01
8.880389928817749023e-01
8.883158564567565918e-01
8.878495693206787109e-01
8.884207010269165039e-01
8.878198266029357910e-01
8.888025879859924316e-01
8.878008127212524414e-01
8.889070749282836914e-01
8.879350423812866211e-01
8.892312645912170410e-01
8.882781267166137695e-01
8.894166350364685059e-01
8.876668214797973633e-01
8.877329230308532715e-01
8.866195082664489746e-01
8.866699934005737305e-01
8.862841129302978516e-01
8.861433267593383789e-01
8.863254189491271973e-01
8.862683773040771484e-01
8.865714073181152344e-01
8.860602974891662598e-01
8.862483501434326172e-01
8.857508897781372070e-01
8.861599564552307129e-01
8.856438398361206055e-01
8.862608075141906738e-01
8.855998516082763672e-01
8.858771324157714844e-01
8.851407766342163086e-01
8.851984143257141113e-01
8.851887583732604980e-01
8.850523829460144043e-01
8.858314156532287598e-01
8.851969838142395020e-01
8.862400054931640625e-01
8.848856687545776367e-01
8.850724101066589355e-01
8.842278718948364258e-01
8.846771717071533203e-01
8.839628696441650391e-01
8.842909932136535645e-01
8.843426108360290527e-01
8.857914805412292480e-01
8.858550786972045898e-01
8.885373473167419434e-01
8.863343000411987305e-01
8.854467272758483887e-01
8.831772208213806152e-01
8.834757208824157715e-01
8.832836151123046875e-01
8.834907412528991699e-01
8.833275437355041504e-01
8.833717703819274902e-01
8.834392428398132324e-01
8.833180665969848633e-01
8.827887773513793945e-01
8.826830387115478516e-01
8.828019499778747559e-01
8.824090957641601562e-01
8.823604583740234375e-01
8.821969032287597656e-01
8.822818398475646973e-01
8.820033073425292969e-01
8.820605278015136719e-01
8.818094134330749512e-01
8.821651339530944824e-01
8.816705346107482910e-01
8.817047476768493652e-01
8.813968896865844727e-01
8.815144300460815430e-01
8.811826109886169434e-01
8.811588287353515625e-01
8.809477090835571289e-01
8.809643983840942383e-01
8.807951807975769043e-01
8.808336257934570312e-01
8.807650208473205566e-01
8.806670308113098145e-01
8.805287480354309082e-01
8.803873062133789062e-01
8.803644776344299316e-01
8.804120421409606934e-01
8.802672028541564941e-01
8.802986741065979004e-01
8.800505995750427246e-01
8.799216747283935547e-01
8.798446059226989746e-01
8.796622753143310547e-01
8.797131180763244629e-01
8.795215487480163574e-01
8.795033693313598633e-01
8.794140815734863281e-01
8.795343041419982910e-01
8.793370127677917480e-01
8.793420791625976562e-01
8.792934417724609375e-01
8.793613314628601074e-01
8.792433142662048340e-01
8.787586092948913574e-01
8.786958456039428711e-01
8.781932592391967773e-01
8.784395456314086914e-01
8.781439065933227539e-01
8.783219456672668457e-01
8.785693049430847168e-01
8.791120052337646484e-01
8.789202570915222168e-01
8.786277174949645996e-01
8.782367706298828125e-01
8.778572678565979004e-01
8.773833513259887695e-01
8.773686289787292480e-01
8.771798610687255859e-01
8.776985406875610352e-01
8.769346475601196289e-01
8.771240711212158203e-01
8.771460652351379395e-01
8.777373433113098145e-01
8.776453137397766113e-01
8.778068423271179199e-01
8.772935867309570312e-01
8.768874406814575195e-01
8.763979673385620117e-01
8.766511082649230957e-01
8.760323524475097656e-01
8.761114478111267090e-01
8.757976293563842773e-01
8.757808208465576172e-01
8.757355213165283203e-01
8.758999705314636230e-01
8.756352663040161133e-01
8.754559159278869629e-01
8.753475546836853027e-01
8.752294778823852539e-01
8.751047849655151367e-01
8.751314878463745117e-01
8.749797940254211426e-01
8.749073743820190430e-01
8.748545646667480469e-01
8.747221231460571289e-01
8.746868968009948730e-01
8.745807409286499023e-01
8.745914697647094727e-01
8.745279312133789062e-01
8.747506141662597656e-01
8.746258616447448730e-01
8.747071623802185059e-01
8.747593164443969727e-01
8.741929531097412109e-01
8.755522370338439941e-01
8.744856715202331543e-01
8.754914999008178711e-01
8.759324550628662109e-01
8.761006593704223633e-01
8.773381114006042480e-01
8.777531385421752930e-01
8.777658343315124512e-01
8.781307339668273926e-01
8.848267197608947754e-01
8.947846293449401855e-01
8.807335495948791504e-01
8.820843100547790527e-01
8.862528204917907715e-01
8.808243870735168457e-01
8.907725214958190918e-01
8.826230764389038086e-01
8.821692466735839844e-01
8.791904449462890625e-01
8.799769878387451172e-01
8.806944489479064941e-01
8.795694708824157715e-01
8.781185746192932129e-01
8.785721063613891602e-01
8.783541321754455566e-01
8.767348527908325195e-01
8.766010999679565430e-01
8.767675757408142090e-01
8.756359219551086426e-01
8.754099607467651367e-01
8.746206760406494141e-01
8.739200234413146973e-01
8.732904195785522461e-01
8.730615973472595215e-01
8.725849390029907227e-01
8.722647428512573242e-01
8.719676733016967773e-01
8.715664148330688477e-01
8.715248703956604004e-01
8.710161447525024414e-01
8.708077073097229004e-01
8.705289959907531738e-01
8.701455593109130859e-01
8.697559237480163574e-01
8.694733977317810059e-01
8.691896200180053711e-01
8.689766526222229004e-01
8.686728477478027344e-01
8.684042692184448242e-01
8.681724667549133301e-01
8.680173158645629883e-01
8.677486777305603027e-01
8.675968050956726074e-01
8.672703504562377930e-01
8.669944405555725098e-01
8.670880794525146484e-01
8.666697740554809570e-01
8.667771816253662109e-01
8.666033744812011719e-01
8.670924305915832520e-01
8.669792413711547852e-01
8.670088648796081543e-01
8.664046525955200195e-01
8.660582900047302246e-01
8.656066060066223145e-01
8.652698397636413574e-01
8.649237155914306641e-01
8.648932576179504395e-01
8.644774556159973145e-01
8.645542860031127930e-01
8.645680546760559082e-01
8.645372986793518066e-01
8.644162416458129883e-01
8.642014861106872559e-01
8.639653325080871582e-01
8.636055588722229004e-01
8.634175062179565430e-01
8.633779883384704590e-01
8.632146716117858887e-01
8.631576895713806152e-01
8.629671931266784668e-01
8.628426790237426758e-01
8.625827431678771973e-01
8.624420166015625000e-01
8.625272512435913086e-01
8.622714877128601074e-01
8.626080155372619629e-01
8.627700209617614746e-01
8.641683459281921387e-01
8.661152720451354980e-01
8.696457743644714355e-01
8.708423376083374023e-01
8.692434430122375488e-01
8.643083572387695312e-01
8.619983792304992676e-01
8.613025546073913574e-01
8.617837429046630859e-01
8.622996211051940918e-01
8.613726496696472168e-01
8.611196875572204590e-01
8.606801629066467285e-01
8.606197237968444824e-01
8.606141805648803711e-01
8.603888750076293945e-01
8.603886961936950684e-01
8.601821660995483398e-01
8.600550293922424316e-01
8.599092960357666016e-01
8.599204421043395996e-01
8.596746325492858887e-01
8.598343133926391602e-01
8.597996830940246582e-01
8.597103357315063477e-01
8.596733808517456055e-01
8.594875335693359375e-01
8.596340417861938477e-01
8.595852255821228027e-01
8.596683144569396973e-01
8.593629002571105957e-01
8.596211671829223633e-01
8.592527508735656738e-01
8.595921397209167480e-01
8.596088290214538574e-01
8.593755364418029785e-01
8.589648604393005371e-01
8.586826324462890625e-01
8.586212992668151855e-01
8.585941195487976074e-01
8.590635061264038086e-01
8.594205975532531738e-01
8.607800602912902832e-01
8.617019653320312500e-01
8.629216551780700684e-01
8.622783422470092773e-01
8.607937693595886230e-01
8.589179515838623047e-01
8.583059310913085938e-01
8.578296899795532227e-01
8.579853773117065430e-01
8.577544689178466797e-01
8.577665090560913086e-01
8.576948642730712891e-01
8.576555252075195312e-01
8.576142191886901855e-01
8.574345707893371582e-01
8.575205206871032715e-01
8.573443293571472168e-01
8.576162457466125488e-01
8.578770160675048828e-01
8.583545088768005371e-01
8.587117791175842285e-01
8.597514033317565918e-01
8.605527281761169434e-01
8.618057966232299805e-01
8.623256683349609375e-01
8.630959987640380859e-01
8.618500232696533203e-01
8.611944913864135742e-01
8.589699268341064453e-01
8.577931523323059082e-01
8.566170334815979004e-01
8.565908074378967285e-01
8.564416170120239258e-01
8.564146161079406738e-01
8.566222786903381348e-01
8.564326763153076172e-01
8.565757274627685547e-01
8.564034104347229004e-01
8.565092086791992188e-01
8.563081622123718262e-01
8.561593890190124512e-01
8.559918403625488281e-01
8.559513092041015625e-01
8.559059500694274902e-01
8.558863401412963867e-01
8.558596372604370117e-01
8.558470010757446289e-01
8.557000160217285156e-01
8.556813001632690430e-01
8.555753827095031738e-01
8.556415438652038574e-01
8.557080626487731934e-01
8.560790419578552246e-01
8.567152023315429688e-01
8.588837981224060059e-01
8.629397153854370117e-01
8.716670870780944824e-01
8.826290965080261230e-01
8.930730819702148438e-01
8.858842849731445312e-01
8.620297312736511230e-01
8.567701578140258789e-01
8.641957044601440430e-01
8.633304238319396973e-01
8.554130792617797852e-01
8.555994629859924316e-01
8.581793308258056641e-01
8.572195172309875488e-01
8.550007939338684082e-01
8.557077050209045410e-01
8.570314049720764160e-01
8.555192947387695312e-01
8.542664647102355957e-01
8.550985455513000488e-01
8.557248115539550781e-01
8.548738360404968262e-01
8.541609644889831543e-01
8.545228838920593262e-01
8.545273542404174805e-01
8.545408844947814941e-01
8.541227579116821289e-01
8.541129231452941895e-01
8.539397716522216797e-01
8.538332581520080566e-01
8.540547490119934082e-01
8.538064956665039062e-01
8.536921739578247070e-01
8.535187244415283203e-01
8.534887433052062988e-01
8.535194993019104004e-01
8.533825874328613281e-01
8.533696532249450684e-01
8.531830310821533203e-01
8.531472682952880859e-01
8.530142903327941895e-01
8.529452085494995117e-01
8.528630137443542480e-01
8.527978658676147461e-01
8.527135252952575684e-01
8.526579737663269043e-01
8.525768518447875977e-01
8.525338172912597656e-01
8.524677157402038574e-01
8.524405956268310547e-01
8.523706197738647461e-01
8.524312376976013184e-01
8.524914383888244629e-01
8.526437282562255859e-01
8.526782393455505371e-01
8.525307178497314453e-01
8.522053956985473633e-01
8.519749641418457031e-01
8.517842888832092285e-01
8.517460823059082031e-01
8.516963124275207520e-01
8.517563939094543457e-01
8.519741892814636230e-01
8.526014089584350586e-01
8.539713621139526367e-01
8.550077676773071289e-01
8.557179570198059082e-01
8.575561046600341797e-01
8.603683710098266602e-01
8.634703755378723145e-01
8.660573959350585938e-01
8.646050691604614258e-01
8.597144484519958496e-01
8.535165786743164062e-01
8.513947129249572754e-01
8.512885570526123047e-01
8.515201210975646973e-01
8.518977165222167969e-01
8.521723747253417969e-01
8.522720336914062500e-01
8.523826003074645996e-01
8.519479632377624512e-01
8.512278199195861816e-01
8.506679534912109375e-01
8.503948450088500977e-01
8.504170775413513184e-01
8.505565524101257324e-01
8.506417274475097656e-01
8.505811095237731934e-01
8.505554199218750000e-01
8.505010604858398438e-01
8.503980636596679688e-01
8.502641320228576660e-01
8.500619530677795410e-01
8.460580706596374512e-01
8.326850533485412598e-01
8.372592926025390625e-01
8.378624320030212402e-01
8.323598504066467285e-01
8.302268385887145996e-01
8.307313919067382812e-01
8.338153958320617676e-01
8.339849710464477539e-01
8.377872109413146973e-01
8.374952673912048340e-01
8.351327776908874512e-01
8.307721614837646484e-01
8.311789631843566895e-01
8.335294723510742188e-01
8.324219584465026855e-01
8.311314582824707031e-01
8.302378058433532715e-01
8.298535346984863281e-01
8.298242688179016113e-01
8.300144672393798828e-01
8.305757045745849609e-01
8.306491971015930176e-01
8.298407793045043945e-01
8.288757801055908203e-01
8.284769058227539062e-01
8.284330964088439941e-01
8.282441496849060059e-01
8.281418085098266602e-01
8.280611038208007812e-01
8.281063437461853027e-01
8.281391263008117676e-01
8.286198377609252930e-01
8.297473788261413574e-01
8.309206962585449219e-01
8.316231369972229004e-01
8.324979543685913086e-01
8.356834650039672852e-01
8.410073518753051758e-01
8.442727923393249512e-01
8.477607965469360352e-01
8.425205349922180176e-01
8.316777348518371582e-01
8.273255228996276855e-01
8.275867104530334473e-01
8.300034999847412109e-01
8.318404555320739746e-01
8.302348256111145020e-01
8.278335928916931152e-01
8.266635537147521973e-01
8.260727524757385254e-01
8.260806202888488770e-01
8.265553712844848633e-01
8.265246748924255371e-01
8.269332647323608398e-01
8.267398476600646973e-01
8.265820145606994629e-01
8.259363770484924316e-01
8.255116343498229980e-01
8.251945376396179199e-01
8.251240849494934082e-01
8.250740766525268555e-01
8.250104188919067383e-01
8.249599337577819824e-01
8.248711824417114258e-01
8.249462246894836426e-01
8.250296115875244141e-01
8.253084421157836914e-01
8.253998160362243652e-01
8.255581855773925781e-01
8.256294727325439453e-01
8.256122469902038574e-01
8.252314329147338867e-01
8.249866366386413574e-01
8.247267603874206543e-01
8.247375488281250000e-01
8.247168064117431641e-01
8.250873684883117676e-01
8.252982497215270996e-01
8.258941173553466797e-01
8.264254331588745117e-01
8.273663520812988281e-01
8.275280594825744629e-01
8.281296491622924805e-01
8.287564516067504883e-01
8.303430676460266113e-01
8.317889571189880371e-01
8.323940038681030273e-01
8.314058184623718262e-01
8.286834955215454102e-01
8.258955478668212891e-01
8.243126869201660156e-01
8.232687115669250488e-01
8.230412006378173828e-01
8.230453729629516602e-01
8.230026960372924805e-01
8.229372501373291016e-01
8.228001594543457031e-01
8.227778673171997070e-01
8.226834535598754883e-01
8.228468298912048340e-01
8.230224251747131348e-01
8.236210346221923828e-01
8.243607282638549805e-01
8.254525661468505859e-01
8.257406353950500488e-01
8.263989090919494629e-01
8.262692689895629883e-01
8.258903026580810547e-01
8.244627118110656738e-01
8.238636255264282227e-01
8.238635063171386719e-01
8.256893157958984375e-01
8.289895057678222656e-01
8.328896164894104004e-01
8.316105008125305176e-01
8.266226053237915039e-01
8.225278258323669434e-01
8.221101760864257812e-01
8.218517899513244629e-01
8.216290473937988281e-01
8.217426538467407227e-01
8.214801549911499023e-01
8.216986656188964844e-01
8.230745196342468262e-01
8.256404399871826172e-01
8.260035514831542969e-01
8.241419792175292969e-01
8.217949867248535156e-01
8.214527368545532227e-01
8.211119771003723145e-01
8.210906982421875000e-01
8.210398554801940918e-01
8.214234113693237305e-01
8.216783404350280762e-01
8.219081759452819824e-01
8.215145468711853027e-01
8.211615681648254395e-01
8.208244442939758301e-01
8.207427263259887695e-01
8.210130333900451660e-01
8.214359283447265625e-01
8.227286934852600098e-01
8.242475986480712891e-01
8.266264200210571289e-01
8.285921812057495117e-01
8.308470249176025391e-01
8.285379409790039062e-01
8.256270885467529297e-01
8.235155940055847168e-01
8.243720531463623047e-01
8.256262540817260742e-01
8.289517760276794434e-01
8.284466862678527832e-01
8.233495950698852539e-01
8.206600546836853027e-01
8.209424018859863281e-01
8.206503391265869141e-01
8.202887773513793945e-01
8.202172517776489258e-01
8.200597167015075684e-01
8.206394314765930176e-01
8.223977088928222656e-01
8.251647949218750000e-01
8.244029283523559570e-01
8.215657472610473633e-01
8.200237154960632324e-01
8.204227089881896973e-01
8.198131918907165527e-01
8.199828267097473145e-01
8.205179572105407715e-01
8.205229640007019043e-01
8.201172351837158203e-01
8.197311162948608398e-01
8.197169303894042969e-01
8.199986219406127930e-01
8.208028078079223633e-01
8.214069604873657227e-01
8.222651481628417969e-01
8.223614692687988281e-01
8.224841952323913574e-01
8.217130899429321289e-01
8.208141326904296875e-01
8.199710845947265625e-01
8.199148178100585938e-01
8.198719024658203125e-01
8.200566172599792480e-01
8.201494216918945312e-01
8.201190829277038574e-01
8.197882175445556641e-01
8.197563886642456055e-01
8.198271989822387695e-01
8.208978772163391113e-01
8.226834535598754883e-01
8.258634805679321289e-01
8.280470967292785645e-01
8.280069231986999512e-01
8.242924213409423828e-01
8.217536211013793945e-01
8.213292956352233887e-01
8.233399987220764160e-01
8.265587091445922852e-01
8.296051621437072754e-01
8.280336856842041016e-01
8.234186768531799316e-01
8.197915554046630859e-01
8.190048933029174805e-01
8.190175294876098633e-01
8.189876675605773926e-01
8.190928697586059570e-01
8.193686008453369141e-01
8.203206062316894531e-01
8.208666443824768066e-01
8.211477398872375488e-01
8.203302025794982910e-01
8.198334574699401855e-01
8.193405866622924805e-01
8.193921446800231934e-01
8.192263245582580566e-01
8.189099431037902832e-01
8.186663985252380371e-01
8.187650442123413086e-01
8.193254470825195312e-01
8.200618624687194824e-01
8.217439055442810059e-01
8.230847716331481934e-01
8.254917860031127930e-01
8.262505531311035156e-01
