2.203569602966308594e+01
2.151219367980957031e+01
2.096702766418457031e+01
2.039928817749023438e+01
1.979076004028320312e+01
1.914768028259277344e+01
1.847850036621093750e+01
1.779150772094726562e+01
1.710519599914550781e+01
1.643834114074707031e+01
1.579879665374755859e+01
1.520095825195312500e+01
1.463455963134765625e+01
1.398513793945312500e+01
1.334122276306152344e+01
1.268634414672851562e+01
1.204339981079101562e+01
1.142950630187988281e+01
1.085850334167480469e+01
1.038582801818847656e+01
9.983944892883300781e+00
9.674906730651855469e+00
9.452536582946777344e+00
9.287535667419433594e+00
9.095147132873535156e+00
8.924525260925292969e+00
8.800154685974121094e+00
8.723417282104492188e+00
8.626619338989257812e+00
8.502931594848632812e+00
8.380504608154296875e+00
8.294224739074707031e+00
8.225844383239746094e+00
8.172337532043457031e+00
8.104436874389648438e+00
8.086130142211914062e+00
8.099282264709472656e+00
8.110307693481445312e+00
8.130859375000000000e+00
8.135118484497070312e+00
8.150605201721191406e+00
8.164579391479492188e+00
8.173452377319335938e+00
8.163534164428710938e+00
8.163773536682128906e+00
8.184194564819335938e+00
8.206130027770996094e+00
8.209300041198730469e+00
8.205414772033691406e+00
8.218474388122558594e+00
8.238639831542968750e+00
8.236964225769042969e+00
8.218825340270996094e+00
8.200216293334960938e+00
8.206454277038574219e+00
8.233211517333984375e+00
8.246029853820800781e+00
8.235548019409179688e+00
8.210614204406738281e+00
8.188626289367675781e+00
8.184535026550292969e+00
8.194025039672851562e+00
8.203732490539550781e+00
8.203610420227050781e+00
8.191064834594726562e+00
8.177217483520507812e+00
8.168307304382324219e+00
8.169965744018554688e+00
8.180368423461914062e+00
8.185632705688476562e+00
8.179879188537597656e+00
8.169758796691894531e+00
8.166439056396484375e+00
8.169095993041992188e+00
8.168986320495605469e+00
8.164684295654296875e+00
8.160579681396484375e+00
8.164642333984375000e+00
8.173530578613281250e+00
8.174982070922851562e+00
8.170891761779785156e+00
8.164263725280761719e+00
8.178694725036621094e+00
8.224496841430664062e+00
8.310604095458984375e+00
8.367829322814941406e+00
8.183994293212890625e+00
8.136766433715820312e+00
8.117704391479492188e+00
8.125943183898925781e+00
8.164116859436035156e+00
8.327601432800292969e+00
8.563114166259765625e+00
8.570937156677246094e+00
8.426825523376464844e+00
8.152525901794433594e+00
8.025819778442382812e+00
8.015372276306152344e+00
8.078184127807617188e+00
8.180539131164550781e+00
8.200934410095214844e+00
8.139068603515625000e+00
8.001241683959960938e+00
7.954404354095458984e+00
7.985273838043212891e+00
8.047028541564941406e+00
8.150493621826171875e+00
7.972769737243652344e+00
7.785518646240234375e+00
7.715390682220458984e+00
7.648940086364746094e+00
7.605785846710205078e+00
7.555216312408447266e+00
7.474623680114746094e+00
7.390274524688720703e+00
7.314729690551757812e+00
7.298098087310791016e+00
7.200613975524902344e+00
7.140607357025146484e+00
7.055030822753906250e+00
7.051959037780761719e+00
7.000113487243652344e+00
7.020840644836425781e+00
7.004109382629394531e+00
7.027186870574951172e+00
7.037665843963623047e+00
7.048873901367187500e+00
6.904586791992187500e+00
6.938695907592773438e+00
6.867372989654541016e+00
7.199442386627197266e+00
7.262876987457275391e+00
6.960701465606689453e+00
6.926657199859619141e+00
6.927503108978271484e+00
6.924100875854492188e+00
6.916256427764892578e+00
6.964011669158935547e+00
7.091368675231933594e+00
6.935770511627197266e+00
6.885864257812500000e+00
6.848149299621582031e+00
6.786756038665771484e+00
6.720157146453857422e+00
6.729785442352294922e+00
6.683535099029541016e+00
6.711510658264160156e+00
6.331552505493164062e+00
6.324304580688476562e+00
6.290412425994873047e+00
6.184735298156738281e+00
6.223637580871582031e+00
6.144891262054443359e+00
6.138541221618652344e+00
6.013633251190185547e+00
5.986756324768066406e+00
6.039524555206298828e+00
6.066840648651123047e+00
6.153685092926025391e+00
6.195239543914794922e+00
6.195405960083007812e+00
6.341382980346679688e+00
6.475813388824462891e+00
6.675922393798828125e+00
6.706582546234130859e+00
6.647520542144775391e+00
6.575135707855224609e+00
6.440733909606933594e+00
6.239031314849853516e+00
6.176556587219238281e+00
6.176711082458496094e+00
6.188592433929443359e+00
6.195898532867431641e+00
6.068684577941894531e+00
6.074076175689697266e+00
5.895425319671630859e+00
5.677430152893066406e+00
5.591958045959472656e+00
5.634383678436279297e+00
5.417456626892089844e+00
5.438104152679443359e+00
5.483799934387207031e+00
5.549031257629394531e+00
5.624794006347656250e+00
6.198413372039794922e+00
5.821558952331542969e+00
5.396482944488525391e+00
5.700503826141357422e+00
5.457774162292480469e+00
5.318693637847900391e+00
5.697647094726562500e+00
5.788490295410156250e+00
5.656732559204101562e+00
5.567615509033203125e+00
5.422636508941650391e+00
5.204405307769775391e+00
5.067119598388671875e+00
5.023760795593261719e+00
4.987491130828857422e+00
4.955857276916503906e+00
4.933695793151855469e+00
4.897347450256347656e+00
4.870728969573974609e+00
4.846829414367675781e+00
4.863101482391357422e+00
4.764527320861816406e+00
5.250980377197265625e+00
4.783636093139648438e+00
4.657680511474609375e+00
4.623718261718750000e+00
4.654865264892578125e+00
4.631566524505615234e+00
4.592046737670898438e+00
4.568415164947509766e+00
4.546988964080810547e+00
4.537896633148193359e+00
4.529753684997558594e+00
4.512274265289306641e+00
4.489665508270263672e+00
4.470510005950927734e+00
4.455845355987548828e+00
4.441670417785644531e+00
4.426983356475830078e+00
4.412159442901611328e+00
4.395740509033203125e+00
4.381404399871826172e+00
4.368956565856933594e+00
4.357982158660888672e+00
4.346481323242187500e+00
4.336194038391113281e+00
4.326952457427978516e+00
4.317582607269287109e+00
4.307870864868164062e+00
4.298829078674316406e+00
4.290282249450683594e+00
4.281640529632568359e+00
4.273241996765136719e+00
4.265423774719238281e+00
4.258101463317871094e+00
4.250814914703369141e+00
4.243747234344482422e+00
4.237320423126220703e+00
4.230931758880615234e+00
4.224749088287353516e+00
4.218986988067626953e+00
4.213450908660888672e+00
4.208369255065917969e+00
4.203422546386718750e+00
4.198448181152343750e+00
4.193766593933105469e+00
4.189318656921386719e+00
4.184862613677978516e+00
4.180533409118652344e+00
4.176397323608398438e+00
4.172492027282714844e+00
4.168629646301269531e+00
4.164779186248779297e+00
4.161137104034423828e+00
4.157686233520507812e+00
4.154162883758544922e+00
4.150712013244628906e+00
4.147444248199462891e+00
4.144333362579345703e+00
4.141232490539550781e+00
4.138165950775146484e+00
4.135292053222656250e+00
4.132627010345458984e+00
4.129786968231201172e+00
4.127146720886230469e+00
4.124578475952148438e+00
4.122115612030029297e+00
4.120166778564453125e+00
4.117749214172363281e+00
4.115169048309326172e+00
4.112984180450439453e+00
4.110904216766357422e+00
4.109142780303955078e+00
4.107244491577148438e+00
4.104861736297607422e+00
4.102822780609130859e+00
4.100922584533691406e+00
4.099329471588134766e+00
4.098338127136230469e+00
4.096440315246582031e+00
4.094301223754882812e+00
4.092743873596191406e+00
4.091313362121582031e+00
4.090259075164794922e+00
4.089035034179687500e+00
4.087103366851806641e+00
4.085511207580566406e+00
4.084162712097167969e+00
4.083140373229980469e+00
4.082690715789794922e+00
4.081196784973144531e+00
4.079421997070312500e+00
4.078242301940917969e+00
4.077203750610351562e+00
4.076597690582275391e+00
4.075730800628662109e+00
4.074015617370605469e+00
4.072693824768066406e+00
4.071636199951171875e+00
4.070909976959228516e+00
4.070239543914794922e+00
4.069306373596191406e+00
4.068088054656982422e+00
4.066932678222656250e+00
4.066083431243896484e+00
4.065539836883544922e+00
4.064741611480712891e+00
4.063679695129394531e+00
4.062924861907958984e+00
4.061969757080078125e+00
4.061012268066406250e+00
4.060343742370605469e+00
4.060016155242919922e+00
4.059017658233642578e+00
4.057966709136962891e+00
4.057229995727539062e+00
4.056726932525634766e+00
4.056229114532470703e+00
4.055493831634521484e+00
4.054509162902832031e+00
4.053573608398437500e+00
4.052915096282958984e+00
4.052649497985839844e+00
4.051643848419189453e+00
4.050529956817626953e+00
4.049808502197265625e+00
4.049404621124267578e+00
4.048913002014160156e+00
4.048127174377441406e+00
4.047195911407470703e+00
4.046382904052734375e+00
4.045788288116455078e+00
4.045706748962402344e+00
4.045118808746337891e+00
4.043685436248779297e+00
4.042952060699462891e+00
4.042078018188476562e+00
4.041810035705566406e+00
4.041671276092529297e+00
4.040162086486816406e+00
4.039206981658935547e+00
4.038518428802490234e+00
4.038183212280273438e+00
4.037762165069580078e+00
4.036382675170898438e+00
4.035499572753906250e+00
4.034764289855957031e+00
4.034585952758789062e+00
4.034293651580810547e+00
4.032933712005615234e+00
4.032183647155761719e+00
4.031474113464355469e+00
4.031253337860107422e+00
4.031040668487548828e+00
4.029683113098144531e+00
4.028880596160888672e+00
4.028229713439941406e+00
4.028073787689208984e+00
4.027877330780029297e+00
4.026570320129394531e+00
4.025815486907958984e+00
4.025164604187011719e+00
4.025175094604492188e+00
4.024496555328369141e+00
4.023621559143066406e+00
4.023179054260253906e+00
4.023040294647216797e+00
4.023133754730224609e+00
4.021637916564941406e+00
4.027230262756347656e+00
4.031516551971435547e+00
4.032269954681396484e+00
4.032146930694580078e+00
4.030436515808105469e+00
4.027341365814208984e+00
4.023229598999023438e+00
4.018828392028808594e+00
4.015100479125976562e+00
4.011657714843750000e+00
4.008008956909179688e+00
4.004718780517578125e+00
4.002475261688232422e+00
4.000716209411621094e+00
3.999630689620971680e+00
3.999231100082397461e+00
3.997494459152221680e+00
3.996437788009643555e+00
3.996121883392333984e+00
3.996668338775634766e+00
3.997509002685546875e+00
3.998386621475219727e+00
3.999198198318481445e+00
3.999768257141113281e+00
4.000039577484130859e+00
4.000162124633789062e+00
4.000241756439208984e+00
4.000271320343017578e+00
4.000257968902587891e+00
4.000221252441406250e+00
4.000124454498291016e+00
3.999919891357421875e+00
3.999610900878906250e+00
3.999295711517333984e+00
3.998866081237792969e+00
3.998357295989990234e+00
3.997822523117065430e+00
3.997276306152343750e+00
3.996743679046630859e+00
3.996285915374755859e+00
3.995880842208862305e+00
3.995506286621093750e+00
3.995153665542602539e+00
3.994831085205078125e+00
3.994563817977905273e+00
3.994296312332153320e+00
3.994011402130126953e+00
3.993709325790405273e+00
3.993226289749145508e+00
3.992158889770507812e+00
3.990757942199707031e+00
3.989196777343750000e+00
3.987709283828735352e+00
3.986372470855712891e+00
3.984996557235717773e+00
3.982698202133178711e+00
3.980924844741821289e+00
3.983913660049438477e+00
4.003487110137939453e+00
4.021703720092773438e+00
4.032297134399414062e+00
4.034344673156738281e+00
4.033273220062255859e+00
4.030275821685791016e+00
4.026312351226806641e+00
4.021807193756103516e+00
4.016806125640869141e+00
4.011422634124755859e+00
4.005561351776123047e+00
3.999588489532470703e+00
3.994048595428466797e+00
3.989211797714233398e+00
3.985142230987548828e+00
3.981853485107421875e+00
3.978604078292846680e+00
3.975282430648803711e+00
3.969331741333007812e+00
3.963018178939819336e+00
3.957950830459594727e+00
3.952299118041992188e+00
3.946113109588623047e+00
3.943008899688720703e+00
3.942537069320678711e+00
3.943575382232666016e+00
3.945040702819824219e+00
3.946383714675903320e+00
3.946838855743408203e+00
3.943110466003417969e+00
3.923332691192626953e+00
3.930358886718750000e+00
3.948265075683593750e+00
3.959729909896850586e+00
3.976648807525634766e+00
3.988916158676147461e+00
3.988853454589843750e+00
3.976838350296020508e+00
3.958881616592407227e+00
3.941250085830688477e+00
3.929170608520507812e+00
3.923511028289794922e+00
3.921199560165405273e+00
3.919608354568481445e+00
3.907580137252807617e+00
3.869223833084106445e+00
3.860470533370971680e+00
3.864339828491210938e+00
3.879922389984130859e+00
3.856599569320678711e+00
3.861999988555908203e+00
3.861892938613891602e+00
3.865220785140991211e+00
3.909862995147705078e+00
3.857018470764160156e+00
3.860677003860473633e+00
3.854455232620239258e+00
3.850424289703369141e+00
3.853106975555419922e+00
3.833686351776123047e+00
3.825354337692260742e+00
3.817745447158813477e+00
3.813940286636352539e+00
3.806617259979248047e+00
3.799194812774658203e+00
3.797882556915283203e+00
3.797454118728637695e+00
3.795370578765869141e+00
3.794353485107421875e+00
3.793843030929565430e+00
3.793657064437866211e+00
3.793820858001708984e+00
3.794066667556762695e+00
3.794699192047119141e+00
3.794456481933593750e+00
3.793691158294677734e+00
3.793105840682983398e+00
3.792581081390380859e+00
3.792122125625610352e+00
3.791600942611694336e+00
3.791024446487426758e+00
3.790374279022216797e+00
3.789427042007446289e+00
3.788352966308593750e+00
3.787441492080688477e+00
3.786560773849487305e+00
3.785807132720947266e+00
3.785218000411987305e+00
3.784747123718261719e+00
3.784273147583007812e+00
3.783759593963623047e+00
3.783299446105957031e+00
3.782901525497436523e+00
3.782534837722778320e+00
3.782162427902221680e+00
3.781762123107910156e+00
3.781337976455688477e+00
3.780938148498535156e+00
3.780498504638671875e+00
3.779952287673950195e+00
3.779380083084106445e+00
3.778777360916137695e+00
3.778231620788574219e+00
3.777632951736450195e+00
3.776966333389282227e+00
3.776351213455200195e+00
3.775752782821655273e+00
3.775254964828491211e+00
3.774831056594848633e+00
3.774346351623535156e+00
3.773939609527587891e+00
3.773588418960571289e+00
3.773287773132324219e+00
3.773037195205688477e+00
3.772847652435302734e+00
3.772709131240844727e+00
3.772621870040893555e+00
3.772575139999389648e+00
3.772572994232177734e+00
3.772616386413574219e+00
3.772663831710815430e+00
3.772702217102050781e+00
3.772843837738037109e+00
3.773481130599975586e+00
3.777126550674438477e+00
3.774444103240966797e+00
3.777884244918823242e+00
3.775117158889770508e+00
3.775373935699462891e+00
3.776692867279052734e+00
3.774914979934692383e+00
3.774889707565307617e+00
3.775016546249389648e+00
3.774532079696655273e+00
3.788654327392578125e+00
3.797314643859863281e+00
3.827354907989501953e+00
3.795486688613891602e+00
3.786962270736694336e+00
3.776064395904541016e+00
3.782891988754272461e+00
3.781852722167968750e+00
3.783353805541992188e+00
3.789960622787475586e+00
3.796961307525634766e+00
3.793596506118774414e+00
3.802693128585815430e+00
3.799705266952514648e+00
3.800086021423339844e+00
3.802341222763061523e+00
3.801381349563598633e+00
3.802308797836303711e+00
3.802185773849487305e+00
3.800140857696533203e+00
3.799308776855468750e+00
3.799570798873901367e+00
3.797206401824951172e+00
3.790685176849365234e+00
3.795653581619262695e+00
3.788184165954589844e+00
3.786654472351074219e+00
3.784396171569824219e+00
3.784305810928344727e+00
3.787451028823852539e+00
3.782839298248291016e+00
3.784826517105102539e+00
3.783397674560546875e+00
3.781800985336303711e+00
3.800939798355102539e+00
3.802854776382446289e+00
3.862846851348876953e+00
3.849246263504028320e+00
3.806777000427246094e+00
3.815282583236694336e+00
3.810750961303710938e+00
3.806693792343139648e+00
3.809479236602783203e+00
3.807451486587524414e+00
3.803639650344848633e+00
3.801217555999755859e+00
3.802809715270996094e+00
3.807857275009155273e+00
3.805751323699951172e+00
3.809701204299926758e+00
3.811839342117309570e+00
3.812899589538574219e+00
3.814363241195678711e+00
3.811326026916503906e+00
3.813813924789428711e+00
3.803071975708007812e+00
3.807486772537231445e+00
3.803792953491210938e+00
3.800967216491699219e+00
3.805553197860717773e+00
3.800224304199218750e+00
3.796402454376220703e+00
3.799513339996337891e+00
3.795710563659667969e+00
3.800139904022216797e+00
3.794490337371826172e+00
3.799062252044677734e+00
3.793439626693725586e+00
3.793215990066528320e+00
3.793967485427856445e+00
3.793685197830200195e+00
3.794158458709716797e+00
3.795865535736083984e+00
3.798048257827758789e+00
3.796134948730468750e+00
3.800886392593383789e+00
3.798360109329223633e+00
3.805482625961303711e+00
3.800227642059326172e+00
3.805753707885742188e+00
3.800602912902832031e+00
3.807608127593994141e+00
3.802525997161865234e+00
3.810178279876708984e+00
3.801636457443237305e+00
3.810245752334594727e+00
3.805636644363403320e+00
3.809095144271850586e+00
3.802575111389160156e+00
3.819365978240966797e+00
3.822938680648803711e+00
3.824733972549438477e+00
3.864550352096557617e+00
3.894809961318969727e+00
4.888389110565185547e+00
5.527135848999023438e+00
3.886603116989135742e+00
4.204643726348876953e+00
4.292405128479003906e+00
6.758001804351806641e+00
6.994493961334228516e+00
4.649134635925292969e+00
4.021282196044921875e+00
4.622976303100585938e+00
4.133688449859619141e+00
4.368243217468261719e+00
4.667680740356445312e+00
4.439521789550781250e+00
4.288751125335693359e+00
4.121850013732910156e+00
4.014160156250000000e+00
4.033959388732910156e+00
4.258673191070556641e+00
4.252565383911132812e+00
4.278686523437500000e+00
3.916034221649169922e+00
3.900180101394653320e+00
3.895224332809448242e+00
3.893982648849487305e+00
3.859547853469848633e+00
3.844582796096801758e+00
3.829548597335815430e+00
3.818800926208496094e+00
3.811259508132934570e+00
3.804438591003417969e+00
3.796317815780639648e+00
3.819167137145996094e+00
3.789388179779052734e+00
3.789213418960571289e+00
3.787638902664184570e+00
3.785312414169311523e+00
3.782205104827880859e+00
3.799831628799438477e+00
3.782251119613647461e+00
3.781352996826171875e+00
3.780062913894653320e+00
3.781422853469848633e+00
3.790207862854003906e+00
3.814980268478393555e+00
3.827528953552246094e+00
3.832088232040405273e+00
3.822372198104858398e+00
3.810501575469970703e+00
3.799918889999389648e+00
3.790307044982910156e+00
3.800678968429565430e+00
3.779323101043701172e+00
3.779582738876342773e+00
3.777697324752807617e+00
3.774624824523925781e+00
3.770299434661865234e+00
3.769534349441528320e+00
3.769210100173950195e+00
3.773539781570434570e+00
3.777631998062133789e+00
3.779709815979003906e+00
3.781336307525634766e+00
3.786222457885742188e+00
3.791101932525634766e+00
3.792713880538940430e+00
3.790673494338989258e+00
3.787586212158203125e+00
3.785084009170532227e+00
3.783309221267700195e+00
3.782047510147094727e+00
3.781219959259033203e+00
3.780946016311645508e+00
3.781145811080932617e+00
3.781393527984619141e+00
3.781699419021606445e+00
3.782148122787475586e+00
3.782619714736938477e+00
3.783027887344360352e+00
3.783134460449218750e+00
3.783076286315917969e+00
3.783061742782592773e+00
3.783056974411010742e+00
3.783046483993530273e+00
3.782828092575073242e+00
3.782294034957885742e+00
3.781787395477294922e+00
3.781428813934326172e+00
3.781182289123535156e+00
3.781023979187011719e+00
3.780865192413330078e+00
3.780323028564453125e+00
3.779472351074218750e+00
3.778678655624389648e+00
3.777976274490356445e+00
3.777365207672119141e+00
3.776649475097656250e+00
3.775911331176757812e+00
3.775343179702758789e+00
3.774753808975219727e+00
3.774177789688110352e+00
3.773764848709106445e+00
3.773471593856811523e+00
3.773216247558593750e+00
3.772885799407958984e+00
3.772178649902343750e+00
3.771373748779296875e+00
3.770308732986450195e+00
3.796059846878051758e+00
3.380865812301635742e+00
3.228275537490844727e+00
3.357401371002197266e+00
3.667987823486328125e+00
3.546897172927856445e+00
3.234092235565185547e+00
3.247636079788208008e+00
3.565822124481201172e+00
3.778623104095458984e+00
3.474235296249389648e+00
3.462764501571655273e+00
3.455521106719970703e+00
3.453710794448852539e+00
3.315478086471557617e+00
3.205088138580322266e+00
3.191806793212890625e+00
3.149049758911132812e+00
3.185357809066772461e+00
3.285042047500610352e+00
3.244692325592041016e+00
3.278271675109863281e+00
3.281659364700317383e+00
3.263345718383789062e+00
3.253918647766113281e+00
3.282291173934936523e+00
3.289297103881835938e+00
3.289481878280639648e+00
3.288292646408081055e+00
3.283501148223876953e+00
3.272601604461669922e+00
3.257139205932617188e+00
3.248144865036010742e+00
3.263571500778198242e+00
3.244150161743164062e+00
3.243912696838378906e+00
3.243603944778442383e+00
3.242155551910400391e+00
3.236719369888305664e+00
3.234714031219482422e+00
3.235479116439819336e+00
3.232887268066406250e+00
3.229010343551635742e+00
3.281360864639282227e+00
3.217617988586425781e+00
3.218145847320556641e+00
3.273597478866577148e+00
3.340889692306518555e+00
3.357837200164794922e+00
3.287038803100585938e+00
3.252491950988769531e+00
3.252065181732177734e+00
3.252507209777832031e+00
3.240201473236083984e+00
3.233380317687988281e+00
3.230275392532348633e+00
3.230114936828613281e+00
3.229100704193115234e+00
3.238708019256591797e+00
3.224228858947753906e+00
3.222417593002319336e+00
3.217982053756713867e+00
3.210010528564453125e+00
3.204669952392578125e+00
3.198209762573242188e+00
3.190601348876953125e+00
3.183964252471923828e+00
3.178568840026855469e+00
3.173769474029541016e+00
3.169584035873413086e+00
3.168210268020629883e+00
3.161692380905151367e+00
3.158657312393188477e+00
3.155372142791748047e+00
3.151787281036376953e+00
3.148246765136718750e+00
3.145725727081298828e+00
3.143483638763427734e+00
3.142444849014282227e+00
3.141422510147094727e+00
3.141566753387451172e+00
3.141422510147094727e+00
3.141603708267211914e+00
3.142286539077758789e+00
3.143016815185546875e+00
3.144016265869140625e+00
3.144948959350585938e+00
3.145720005035400391e+00
3.146355628967285156e+00
3.146954059600830078e+00
3.147303342819213867e+00
3.147342681884765625e+00
3.146920680999755859e+00
3.145645141601562500e+00
3.144064664840698242e+00
3.143781900405883789e+00
3.143744230270385742e+00
3.143884897232055664e+00
3.144195079803466797e+00
3.144453048706054688e+00
3.144703626632690430e+00
3.145320653915405273e+00
3.145180940628051758e+00
3.145488500595092773e+00
3.145597696304321289e+00
3.145810842514038086e+00
3.145580053329467773e+00
3.144592761993408203e+00
3.142585515975952148e+00
3.142614364624023438e+00
3.142211198806762695e+00
3.140967130661010742e+00
3.140696287155151367e+00
3.141380786895751953e+00
3.140867948532104492e+00
3.140887737274169922e+00
3.141140222549438477e+00
3.141011714935302734e+00
3.141361474990844727e+00
3.141596078872680664e+00
3.141651630401611328e+00
3.141713857650756836e+00
3.141944885253906250e+00
3.142254829406738281e+00
3.142572402954101562e+00
3.142774581909179688e+00
3.142926216125488281e+00
3.143129825592041016e+00
3.143783807754516602e+00
3.143677711486816406e+00
3.145055294036865234e+00
3.146670103073120117e+00
3.145148038864135742e+00
3.143670797348022461e+00
3.144712209701538086e+00
3.146456003189086914e+00
3.144720077514648438e+00
3.144995927810668945e+00
3.147186517715454102e+00
3.145674705505371094e+00
3.144640445709228516e+00
3.145959615707397461e+00
3.150866985321044922e+00
3.146369934082031250e+00
3.147037744522094727e+00
3.150943517684936523e+00
3.149063110351562500e+00
3.145352363586425781e+00
3.145801782608032227e+00
3.147775411605834961e+00
3.145281791687011719e+00
3.144631624221801758e+00
3.146712541580200195e+00
3.145946979522705078e+00
3.144109487533569336e+00
3.144620895385742188e+00
3.146929740905761719e+00
3.147605657577514648e+00
3.145340442657470703e+00
3.149206876754760742e+00
3.151993989944458008e+00
3.148211002349853516e+00
3.144645929336547852e+00
3.146951913833618164e+00
3.150041818618774414e+00
3.147605895996093750e+00
3.145045280456542969e+00
3.148713350296020508e+00
3.148989915847778320e+00
3.145471811294555664e+00
3.144915580749511719e+00
3.147047996520996094e+00
3.146414518356323242e+00
3.145426750183105469e+00
3.145277261734008789e+00
3.145754575729370117e+00
3.145768165588378906e+00
3.145355224609375000e+00
3.145064353942871094e+00
3.145161151885986328e+00
3.145231723785400391e+00
3.144956827163696289e+00
3.144623517990112305e+00
3.144520998001098633e+00
3.144495487213134766e+00
3.144368886947631836e+00
3.144245147705078125e+00
3.144211530685424805e+00
3.144211292266845703e+00
3.144172191619873047e+00
3.144105195999145508e+00
3.144046545028686523e+00
3.144010305404663086e+00
3.143977403640747070e+00
3.143928766250610352e+00
3.143872976303100586e+00
3.143821477890014648e+00
3.143761873245239258e+00
3.143682003021240234e+00
3.143589258193969727e+00
3.143497228622436523e+00
3.143406152725219727e+00
3.143311262130737305e+00
3.143215656280517578e+00
3.143121719360351562e+00
3.143027544021606445e+00
3.142931222915649414e+00
3.142833232879638672e+00
3.142734289169311523e+00
3.142637968063354492e+00
3.142543554306030273e+00
3.142450809478759766e+00
3.142359256744384766e+00
3.142268896102905273e+00
3.142178297042846680e+00
3.142086744308471680e+00
3.141994714736938477e+00
3.141902685165405273e+00
3.142524719238281250e+00
3.141964912414550781e+00
3.143330335617065430e+00
3.144258499145507812e+00
3.142057418823242188e+00
3.140844345092773438e+00
3.142505884170532227e+00
3.142356872558593750e+00
3.140094995498657227e+00
3.139504194259643555e+00
3.139540195465087891e+00
3.139216423034667969e+00
3.138928651809692383e+00
3.139882087707519531e+00
3.138134479522705078e+00
