2.048980474472045898e+00
1.983403682708740234e+00
1.916599988937377930e+00
1.846291184425354004e+00
1.778535842895507812e+00
1.716101884841918945e+00
1.664345741271972656e+00
1.622747182846069336e+00
1.589696526527404785e+00
1.564262151718139648e+00
1.544567584991455078e+00
1.529323339462280273e+00
1.518447518348693848e+00
1.511234164237976074e+00
1.507039904594421387e+00
1.505227327346801758e+00
1.505176663398742676e+00
1.506306052207946777e+00
1.508110642433166504e+00
1.510196447372436523e+00
1.512282490730285645e+00
1.514193296432495117e+00
1.515839815139770508e+00
1.517195343971252441e+00
1.518271923065185547e+00
1.519104599952697754e+00
1.519736766815185547e+00
1.520213246345520020e+00
1.520574927330017090e+00
1.520855426788330078e+00
1.521080374717712402e+00
1.521266579627990723e+00
1.521420598030090332e+00
1.521500825881958008e+00
1.521473526954650879e+00
1.521293759346008301e+00
1.520938158035278320e+00
1.520435810089111328e+00
1.519811153411865234e+00
1.519093632698059082e+00
1.518312454223632812e+00
1.517493128776550293e+00
1.516662836074829102e+00
1.515880703926086426e+00
1.515090465545654297e+00
1.514290809631347656e+00
1.513580322265625000e+00
1.512934684753417969e+00
1.512343645095825195e+00
1.511795997619628906e+00
1.511283159255981445e+00
1.510713338851928711e+00
1.519740700721740723e+00
1.509359955787658691e+00
1.505853772163391113e+00
1.505356907844543457e+00
1.505136370658874512e+00
1.505238413810729980e+00
1.505538344383239746e+00
1.505770802497863770e+00
1.505824327468872070e+00
1.505622625350952148e+00
1.505130052566528320e+00
1.504350900650024414e+00
1.503322720527648926e+00
1.502017974853515625e+00
1.500235199928283691e+00
1.497879266738891602e+00
1.495234251022338867e+00
1.492588520050048828e+00
1.490140676498413086e+00
1.487973690032958984e+00
1.486126780509948730e+00
1.484604954719543457e+00
1.483347177505493164e+00
1.482290506362915039e+00
1.481415987014770508e+00
1.480709910392761230e+00
1.480159044265747070e+00
1.479748129844665527e+00
1.479477763175964355e+00
1.479319810867309570e+00
1.479173898696899414e+00
1.479008078575134277e+00
1.478817343711853027e+00
1.478602170944213867e+00
1.478382587432861328e+00
1.478169918060302734e+00
1.477926015853881836e+00
1.477674961090087891e+00
1.477435350418090820e+00
1.477182507514953613e+00
1.476835727691650391e+00
1.476350188255310059e+00
1.473588705062866211e+00
1.438710927963256836e+00
1.447718858718872070e+00
1.441286921501159668e+00
1.441648125648498535e+00
1.444659352302551270e+00
1.447658181190490723e+00
1.444443583488464355e+00
1.435298204421997070e+00
1.424279451370239258e+00
1.420902013778686523e+00
1.420220851898193359e+00
1.419638872146606445e+00
1.419248223304748535e+00
1.419277071952819824e+00
1.417275428771972656e+00
1.415270924568176270e+00
1.414512157440185547e+00
1.417836070060729980e+00
1.416997432708740234e+00
1.415683746337890625e+00
1.414925813674926758e+00
1.414952158927917480e+00
1.415007472038269043e+00
1.414756894111633301e+00
1.414222478866577148e+00
1.413535356521606445e+00
1.412907838821411133e+00
1.412386298179626465e+00
1.411814808845520020e+00
1.410950183868408203e+00
1.409202098846435547e+00
1.406694412231445312e+00
1.402979731559753418e+00
1.401675105094909668e+00
1.400373101234436035e+00
1.400802254676818848e+00
1.400676488876342773e+00
1.399852752685546875e+00
1.398967266082763672e+00
1.397976398468017578e+00
1.397057652473449707e+00
1.396292567253112793e+00
1.395614981651306152e+00
1.395226955413818359e+00
1.394502520561218262e+00
1.393737792968750000e+00
1.392915487289428711e+00
1.392253637313842773e+00
1.391422033309936523e+00
1.390662908554077148e+00
1.390087485313415527e+00
1.389541983604431152e+00
1.388995051383972168e+00
1.388870239257812500e+00
1.388827323913574219e+00
1.389288067817687988e+00
1.389979124069213867e+00
1.390069961547851562e+00
1.389254212379455566e+00
1.389333844184875488e+00
1.389296889305114746e+00
1.389142036437988281e+00
1.388939857482910156e+00
1.388786435127258301e+00
1.389160394668579102e+00
1.388596892356872559e+00
1.388071417808532715e+00
1.387872457504272461e+00
1.387759208679199219e+00
1.387550950050354004e+00
1.387286663055419922e+00
1.386963844299316406e+00
1.386701464653015137e+00
1.386478781700134277e+00
1.386309623718261719e+00
1.386190772056579590e+00
1.386095404624938965e+00
1.386111378669738770e+00
1.386216521263122559e+00
1.386160731315612793e+00
1.386222362518310547e+00
1.386220693588256836e+00
1.385950207710266113e+00
1.385417580604553223e+00
1.384914278984069824e+00
1.384982585906982422e+00
1.384806632995605469e+00
1.384731650352478027e+00
1.384865999221801758e+00
1.384907960891723633e+00
1.384871840476989746e+00
1.384826183319091797e+00
1.384796261787414551e+00
1.384964108467102051e+00
1.384941935539245605e+00
1.384954094886779785e+00
1.385006427764892578e+00
1.384969949722290039e+00
1.384901165962219238e+00
1.384881019592285156e+00
1.384719491004943848e+00
1.384618878364562988e+00
1.384515762329101562e+00
1.384404659271240234e+00
1.384311437606811523e+00
1.384186029434204102e+00
1.384076476097106934e+00
1.383979439735412598e+00
1.383896827697753906e+00
1.383814215660095215e+00
1.383672833442687988e+00
1.383563160896301270e+00
1.383506536483764648e+00
1.383436560630798340e+00
1.383412957191467285e+00
1.383432388305664062e+00
1.383471965789794922e+00
1.383532643318176270e+00
1.383938193321228027e+00
1.384472370147705078e+00
1.383704900741577148e+00
1.383659482002258301e+00
1.383517146110534668e+00
1.383607625961303711e+00
1.383757114410400391e+00
1.383451342582702637e+00
1.382945060729980469e+00
1.382936239242553711e+00
1.384846091270446777e+00
1.383718252182006836e+00
1.382934570312500000e+00
1.383238554000854492e+00
1.383275747299194336e+00
1.383241891860961914e+00
1.383713841438293457e+00
1.383533835411071777e+00
1.383327364921569824e+00
1.383172273635864258e+00
1.383839845657348633e+00
1.383915662765502930e+00
1.383564114570617676e+00
1.382655978202819824e+00
1.382174491882324219e+00
1.382077574729919434e+00
1.382189154624938965e+00
1.382366061210632324e+00
1.382403373718261719e+00
1.382348179817199707e+00
1.383442759513854980e+00
1.382379412651062012e+00
1.382539272308349609e+00
1.382236242294311523e+00
1.384260892868041992e+00
1.382497549057006836e+00
1.382694244384765625e+00
1.382769346237182617e+00
1.382675170898437500e+00
1.382703423500061035e+00
1.383509635925292969e+00
1.383118987083435059e+00
1.383280038833618164e+00
1.383080720901489258e+00
1.383889198303222656e+00
1.383143305778503418e+00
1.383115410804748535e+00
1.382952094078063965e+00
1.382717490196228027e+00
1.382526159286499023e+00
1.382474303245544434e+00
1.382519483566284180e+00
1.382328629493713379e+00
1.381982922554016113e+00
1.382991313934326172e+00
1.381592988967895508e+00
1.381789445877075195e+00
1.381800651550292969e+00
1.381711363792419434e+00
1.381876111030578613e+00
1.382058858871459961e+00
1.382338643074035645e+00
1.382129549980163574e+00
1.382105827331542969e+00
1.382961392402648926e+00
1.382181525230407715e+00
1.382395386695861816e+00
1.382109522819519043e+00
1.381913065910339355e+00
1.382041215896606445e+00
1.382297277450561523e+00
1.382160782814025879e+00
1.381499052047729492e+00
1.381106615066528320e+00
1.381274223327636719e+00
1.381589174270629883e+00
1.381340265274047852e+00
1.382825613021850586e+00
1.383316040039062500e+00
1.383525729179382324e+00
1.383466362953186035e+00
1.383185148239135742e+00
1.382337450981140137e+00
1.381739020347595215e+00
1.381531000137329102e+00
1.381585359573364258e+00
1.381752967834472656e+00
1.381972432136535645e+00
1.382181525230407715e+00
1.382210969924926758e+00
1.382152676582336426e+00
1.382095575332641602e+00
1.382041215896606445e+00
1.381990790367126465e+00
1.381926059722900391e+00
1.381819486618041992e+00
1.381669759750366211e+00
1.381506323814392090e+00
1.381441116333007812e+00
1.381300568580627441e+00
1.381258010864257812e+00
1.381129264831542969e+00
1.380936145782470703e+00
1.380831480026245117e+00
1.380797028541564941e+00
1.380907893180847168e+00
1.381061196327209473e+00
1.381083250045776367e+00
1.380759954452514648e+00
1.382076740264892578e+00
1.380727052688598633e+00
1.380833983421325684e+00
1.380812764167785645e+00
1.380649924278259277e+00
1.380545258522033691e+00
1.380539178848266602e+00
1.381081581115722656e+00
1.381206393241882324e+00
1.380743861198425293e+00
1.383299589157104492e+00
1.383317112922668457e+00
1.382958889007568359e+00
1.382972002029418945e+00
1.382762789726257324e+00
1.382285594940185547e+00
1.382082939147949219e+00
1.381629347801208496e+00
1.381216287612915039e+00
1.381301999092102051e+00
1.381262660026550293e+00
1.381175518035888672e+00
1.381112575531005859e+00
1.381070494651794434e+00
1.381040453910827637e+00
1.381025791168212891e+00
1.380996704101562500e+00
1.380909919738769531e+00
1.380764842033386230e+00
1.380607128143310547e+00
1.380460500717163086e+00
1.380329608917236328e+00
1.380259275436401367e+00
1.380234837532043457e+00
1.380211472511291504e+00
1.379786491394042969e+00
1.379585385322570801e+00
1.380925059318542480e+00
1.379686117172241211e+00
1.380021452903747559e+00
1.379696846008300781e+00
1.379813909530639648e+00
1.379512667655944824e+00
1.379708170890808105e+00
1.379520773887634277e+00
1.379524350166320801e+00
1.380527257919311523e+00
1.379937529563903809e+00
1.379924893379211426e+00
1.380241513252258301e+00
1.379658699035644531e+00
1.379713177680969238e+00
1.379645824432373047e+00
1.379552602767944336e+00
1.379553198814392090e+00
1.380195617675781250e+00
1.380169868469238281e+00
1.379652500152587891e+00
1.383194446563720703e+00
1.383327126502990723e+00
1.382895708084106445e+00
1.382899522781372070e+00
1.382707357406616211e+00
1.382057428359985352e+00
1.381627440452575684e+00
1.381354570388793945e+00
1.381019711494445801e+00
1.380977511405944824e+00
1.381115913391113281e+00
1.381108164787292480e+00
1.381067156791687012e+00
1.381028294563293457e+00
1.380971193313598633e+00
1.380894899368286133e+00
1.380792498588562012e+00
1.380620598793029785e+00
1.380352139472961426e+00
1.380024313926696777e+00
1.379700541496276855e+00
1.379420280456542969e+00
1.379192233085632324e+00
1.379005789756774902e+00
1.378861427307128906e+00
1.378904104232788086e+00
1.378710031509399414e+00
1.378335475921630859e+00
1.380266189575195312e+00
1.378391146659851074e+00
1.378639817237854004e+00
1.378530979156494141e+00
1.378355383872985840e+00
1.380382657051086426e+00
1.379846096038818359e+00
1.378828287124633789e+00
1.384011507034301758e+00
1.384026050567626953e+00
1.383818745613098145e+00
1.383819699287414551e+00
1.383555412292480469e+00
1.383138418197631836e+00
1.382843613624572754e+00
1.382516980171203613e+00
1.382248401641845703e+00
1.382209897041320801e+00
1.382233142852783203e+00
1.382374644279479980e+00
1.382576465606689453e+00
1.382565855979919434e+00
1.382517933845520020e+00
1.382608771324157715e+00
1.382274746894836426e+00
1.381838440895080566e+00
1.381525993347167969e+00
1.381200075149536133e+00
1.380967020988464355e+00
1.380686044692993164e+00
1.380459785461425781e+00
1.380274057388305664e+00
1.380111813545227051e+00
1.379970669746398926e+00
1.379848599433898926e+00
1.379731535911560059e+00
1.379626154899597168e+00
1.379551291465759277e+00
1.379513144493103027e+00
1.379508733749389648e+00
1.379529595375061035e+00
1.379560112953186035e+00
1.379592299461364746e+00
1.379624843597412109e+00
1.379656076431274414e+00
1.379683852195739746e+00
1.379705905914306641e+00
1.379720568656921387e+00
1.379729390144348145e+00
1.379733920097351074e+00
1.379734396934509277e+00
1.379729390144348145e+00
1.379717469215393066e+00
1.379697918891906738e+00
1.379673600196838379e+00
1.379647493362426758e+00
1.379621744155883789e+00
1.379591464996337891e+00
1.379561543464660645e+00
1.379535198211669922e+00
1.379508256912231445e+00
1.379481911659240723e+00
1.379453063011169434e+00
1.379416346549987793e+00
1.379369854927062988e+00
1.379303574562072754e+00
1.379196166992187500e+00
1.378996372222900391e+00
1.378885030746459961e+00
1.378714442253112793e+00
1.378557205200195312e+00
1.378456711769104004e+00
1.378403544425964355e+00
1.378360390663146973e+00
1.378701448440551758e+00
1.378231763839721680e+00
1.378118872642517090e+00
1.377821683883666992e+00
1.378128051757812500e+00
1.378405809402465820e+00
1.378053545951843262e+00
1.381536364555358887e+00
1.380414366722106934e+00
1.379223585128784180e+00
1.378741383552551270e+00
1.382166266441345215e+00
1.381145954132080078e+00
1.379721879959106445e+00
1.379128456115722656e+00
1.355786085128784180e+00
1.353950738906860352e+00
1.413877248764038086e+00
1.436239480972290039e+00
1.440788269042968750e+00
1.434979200363159180e+00
1.428403735160827637e+00
1.417155861854553223e+00
1.405871272087097168e+00
1.397193551063537598e+00
1.383341670036315918e+00
1.404073476791381836e+00
1.401466012001037598e+00
1.379207611083984375e+00
1.386249542236328125e+00
1.385680317878723145e+00
1.385201334953308105e+00
1.384271144866943359e+00
1.383025407791137695e+00
1.381844162940979004e+00
1.380937814712524414e+00
1.380344152450561523e+00
1.379964590072631836e+00
1.379734873771667480e+00
1.379691600799560547e+00
1.379841208457946777e+00
1.380154013633728027e+00
1.380496501922607422e+00
1.380736708641052246e+00
1.380607366561889648e+00
1.380131959915161133e+00
1.379428148269653320e+00
1.378674864768981934e+00
1.377984881401062012e+00
1.377623081207275391e+00
1.377407193183898926e+00
1.377293825149536133e+00
1.377315521240234375e+00
1.377816677093505859e+00
1.377919554710388184e+00
1.378251910209655762e+00
1.378339409828186035e+00
1.378196716308593750e+00
1.378325223922729492e+00
1.378381252288818359e+00
1.378452062606811523e+00
1.378268241882324219e+00
1.378096103668212891e+00
1.378075242042541504e+00
1.378143429756164551e+00
1.378260612487792969e+00
1.378326177597045898e+00
1.378341913223266602e+00
1.378366827964782715e+00
1.378389358520507812e+00
1.378434419631958008e+00
1.378480076789855957e+00
1.378529191017150879e+00
1.378841996192932129e+00
1.379645109176635742e+00
1.378865718841552734e+00
1.383477091789245605e+00
1.379784822463989258e+00
1.379673361778259277e+00
1.385046601295471191e+00
1.380725026130676270e+00
1.383205175399780273e+00
1.380567431449890137e+00
1.385823130607604980e+00
1.385079860687255859e+00
1.383479595184326172e+00
1.382065773010253906e+00
1.381991267204284668e+00
1.381691336631774902e+00
1.381145834922790527e+00
1.381300210952758789e+00
1.381579399108886719e+00
1.381430864334106445e+00
1.380370736122131348e+00
1.379834413528442383e+00
1.379506349563598633e+00
1.379158616065979004e+00
1.379233479499816895e+00
1.379087209701538086e+00
1.378397822380065918e+00
1.378309369087219238e+00
1.377902984619140625e+00
1.378022551536560059e+00
1.378584980964660645e+00
1.378652334213256836e+00
1.377846121788024902e+00
1.380403041839599609e+00
1.380602121353149414e+00
1.378569245338439941e+00
1.385748386383056641e+00
1.385405063629150391e+00
1.384304165840148926e+00
1.383614182472229004e+00
1.382930636405944824e+00
1.381880640983581543e+00
1.381188631057739258e+00
1.381988525390625000e+00
1.381433606147766113e+00
1.381240487098693848e+00
1.381272554397583008e+00
1.381348013877868652e+00
1.380782365798950195e+00
1.380213737487792969e+00
1.379565238952636719e+00
1.379011631011962891e+00
1.378568887710571289e+00
1.378148794174194336e+00
1.377847194671630859e+00
1.377571225166320801e+00
1.377388000488281250e+00
1.376883745193481445e+00
1.376989722251892090e+00
1.377011537551879883e+00
1.376961708068847656e+00
1.376699328422546387e+00
1.379292726516723633e+00
1.378806233406066895e+00
1.376940846443176270e+00
1.384543299674987793e+00
1.383776903152465820e+00
1.382486104965209961e+00
1.381700754165649414e+00
1.379770278930664062e+00
1.380378961563110352e+00
1.381339311599731445e+00
1.379992961883544922e+00
1.380425930023193359e+00
1.381716847419738770e+00
1.381927967071533203e+00
1.381321549415588379e+00
1.379851937294006348e+00
1.379190325736999512e+00
1.378779530525207520e+00
1.378613710403442383e+00
1.378435850143432617e+00
1.378217220306396484e+00
1.377939820289611816e+00
1.378542184829711914e+00
1.377545714378356934e+00
1.377611398696899414e+00
1.377064108848571777e+00
1.379302620887756348e+00
1.377407550811767578e+00
1.377313375473022461e+00
1.378318905830383301e+00
1.377180337905883789e+00
1.377981066703796387e+00
1.377485156059265137e+00
1.378961682319641113e+00
1.378221750259399414e+00
1.378081917762756348e+00
1.378591299057006836e+00
1.378029465675354004e+00
1.378453731536865234e+00
1.378107309341430664e+00
1.379101276397705078e+00
1.378497242927551270e+00
1.378207683563232422e+00
1.378462553024291992e+00
1.378005146980285645e+00
1.378292083740234375e+00
1.377991557121276855e+00
1.378489732742309570e+00
1.378132462501525879e+00
1.378146648406982422e+00
1.377907276153564453e+00
1.380879402160644531e+00
1.379323720932006836e+00
1.378051042556762695e+00
1.385416269302368164e+00
1.384699821472167969e+00
1.382776260375976562e+00
1.380781054496765137e+00
1.379520416259765625e+00
1.380677580833435059e+00
1.379542827606201172e+00
1.379722714424133301e+00
1.380299210548400879e+00
1.380718708038330078e+00
1.379974961280822754e+00
1.379274606704711914e+00
1.379033803939819336e+00
1.378892660140991211e+00
1.378488421440124512e+00
1.378396153450012207e+00
1.378228068351745605e+00
1.377638101577758789e+00
1.377077341079711914e+00
1.376691699028015137e+00
1.376431703567504883e+00
1.376298666000366211e+00
1.376339435577392578e+00
1.376301646232604980e+00
1.376281857490539551e+00
1.376293540000915527e+00
1.376381516456604004e+00
1.376659393310546875e+00
1.377110004425048828e+00
1.376956582069396973e+00
1.377277374267578125e+00
1.377184987068176270e+00
1.377423286437988281e+00
1.377499580383300781e+00
1.377608418464660645e+00
1.377524852752685547e+00
1.377633094787597656e+00
1.377650856971740723e+00
1.377666950225830078e+00
1.378314852714538574e+00
1.379421234130859375e+00
1.377695441246032715e+00
1.385532140731811523e+00
1.378384470939636230e+00
1.378750801086425781e+00
1.379743337631225586e+00
1.378946900367736816e+00
1.378705739974975586e+00
1.378543853759765625e+00
1.378599405288696289e+00
1.378591060638427734e+00
1.378361940383911133e+00
1.378204822540283203e+00
1.377992630004882812e+00
1.377777457237243652e+00
1.377611398696899414e+00
1.377968430519104004e+00
1.378308534622192383e+00
1.377471923828125000e+00
1.380413532257080078e+00
1.378481507301330566e+00
1.377577900886535645e+00
1.381037831306457520e+00
1.377987504005432129e+00
1.378396511077880859e+00
1.377841711044311523e+00
1.380700111389160156e+00
1.378413915634155273e+00
1.378327488899230957e+00
1.379479050636291504e+00
1.378126025199890137e+00
1.378176808357238770e+00
1.377991676330566406e+00
1.377778172492980957e+00
1.377888560295104980e+00
1.377691507339477539e+00
1.377629876136779785e+00
1.377443909645080566e+00
1.377241015434265137e+00
1.377312302589416504e+00
1.377480506896972656e+00
1.377245545387268066e+00
1.376923680305480957e+00
1.379829883575439453e+00
1.378503918647766113e+00
1.377243995666503906e+00
1.385561347007751465e+00
1.384288668632507324e+00
1.382013201713562012e+00
1.379827380180358887e+00
1.378807663917541504e+00
1.380088925361633301e+00
1.379154562950134277e+00
1.379061341285705566e+00
1.379890918731689453e+00
1.380321025848388672e+00
1.379676222801208496e+00
1.378699898719787598e+00
1.378265142440795898e+00
1.377886414527893066e+00
1.377724528312683105e+00
1.377438187599182129e+00
1.376955986022949219e+00
1.376609086990356445e+00
1.376450657844543457e+00
1.376256704330444336e+00
1.376204609870910645e+00
1.376140594482421875e+00
1.375939369201660156e+00
1.375982403755187988e+00
1.376083970069885254e+00
1.376263976097106934e+00
1.376448392868041992e+00
1.376321911811828613e+00
1.376305580139160156e+00
1.376364469528198242e+00
1.376419663429260254e+00
1.376506328582763672e+00
1.376536607742309570e+00
1.376558423042297363e+00
1.376565456390380859e+00
1.376587986946105957e+00
1.376597881317138672e+00
1.376642107963562012e+00
1.376546502113342285e+00
1.376565933227539062e+00
1.376605749130249023e+00
1.376673340797424316e+00
1.376736998558044434e+00
1.376776933670043945e+00
1.377037882804870605e+00
1.377654194831848145e+00
1.376958608627319336e+00
1.377843379974365234e+00
1.377865791320800781e+00
1.377116799354553223e+00
1.379274725914001465e+00
1.378848552703857422e+00
1.377321004867553711e+00
1.381691336631774902e+00
1.377831935882568359e+00
1.378263711929321289e+00
1.377741098403930664e+00
1.381795167922973633e+00
1.378221273422241211e+00
1.379356861114501953e+00
1.378153800964355469e+00
1.380918622016906738e+00
1.378152608871459961e+00
1.378544449806213379e+00
1.378063917160034180e+00
1.377876520156860352e+00
1.377803802490234375e+00
1.377523183822631836e+00
1.377478003501892090e+00
1.377208352088928223e+00
1.376859068870544434e+00
1.376723885536193848e+00
1.376529335975646973e+00
1.376427650451660156e+00
1.376326918601989746e+00
1.376100301742553711e+00
1.375944018363952637e+00
1.375890493392944336e+00
1.375872254371643066e+00
1.375853657722473145e+00
1.375817775726318359e+00
1.375837087631225586e+00
1.375907897949218750e+00
1.376043200492858887e+00
1.376127362251281738e+00
1.376199603080749512e+00
1.376194000244140625e+00
1.376228094100952148e+00
1.376271486282348633e+00
1.376308560371398926e+00
1.376344919204711914e+00
1.376375436782836914e+00
1.376451373100280762e+00
1.376493930816650391e+00
1.376400351524353027e+00
1.376409053802490234e+00
1.376428008079528809e+00
1.376438975334167480e+00
1.376453399658203125e+00
1.376489996910095215e+00
1.376499772071838379e+00
1.376540780067443848e+00
1.376397490501403809e+00
1.376422643661499023e+00
1.376430392265319824e+00
1.376420140266418457e+00
1.376433134078979492e+00
1.376456022262573242e+00
1.376471161842346191e+00
1.376422405242919922e+00
1.376420378684997559e+00
1.376426815986633301e+00
1.376434683799743652e+00
1.376457333564758301e+00
1.376477479934692383e+00
1.376482009887695312e+00
1.376435399055480957e+00
1.376446127891540527e+00
1.376439094543457031e+00
1.376401543617248535e+00
1.376406431198120117e+00
1.376435399055480957e+00
1.376363039016723633e+00
1.376281261444091797e+00
1.376262426376342773e+00
1.376257300376892090e+00
1.376238703727722168e+00
1.376262784004211426e+00
1.376306056976318359e+00
1.376358032226562500e+00
1.376301169395446777e+00
1.376287221908569336e+00
1.376314878463745117e+00
1.376318216323852539e+00
1.376337170600891113e+00
1.376303076744079590e+00
1.376346230506896973e+00
1.376306653022766113e+00
1.376352548599243164e+00
1.376250147819519043e+00
1.376226902008056641e+00
1.376186490058898926e+00
1.376183152198791504e+00
1.376282930374145508e+00
1.376148223876953125e+00
1.376183509826660156e+00
1.376257777214050293e+00
1.376265645027160645e+00
1.376247882843017578e+00
1.376307725906372070e+00
1.376756906509399414e+00
1.376500368118286133e+00
1.376397490501403809e+00
1.377785325050354004e+00
1.380696892738342285e+00
1.378220200538635254e+00
1.376652121543884277e+00
1.376953363418579102e+00
1.376796483993530273e+00
1.376730442047119141e+00
1.377000212669372559e+00
1.376850008964538574e+00
1.376794815063476562e+00
1.376688957214355469e+00
1.376946926116943359e+00
1.376299142837524414e+00
1.376688361167907715e+00
1.377564907073974609e+00
1.377206325531005859e+00
1.376537919044494629e+00
1.376439809799194336e+00
1.376222491264343262e+00
1.376328825950622559e+00
1.376040101051330566e+00
1.375880479812622070e+00
1.375895142555236816e+00
1.375802755355834961e+00
1.375869393348693848e+00
1.375729322433471680e+00
1.375823259353637695e+00
1.375723004341125488e+00
1.375814199447631836e+00
1.375795364379882812e+00
1.375724792480468750e+00
1.375703811645507812e+00
1.375714063644409180e+00
1.375739336013793945e+00
1.375662922859191895e+00
1.375600337982177734e+00
1.375635027885437012e+00
1.375628352165222168e+00
1.375605821609497070e+00
1.375699758529663086e+00
1.375703573226928711e+00
1.375714302062988281e+00
1.375732064247131348e+00
1.375771164894104004e+00
1.375790953636169434e+00
1.375770807266235352e+00
1.375769257545471191e+00
1.375813961029052734e+00
1.375771880149841309e+00
1.375816822052001953e+00
1.375786423683166504e+00
1.375801444053649902e+00
1.375911831855773926e+00
1.375808715820312500e+00
1.375786185264587402e+00
1.375776171684265137e+00
1.375770092010498047e+00
1.375827550888061523e+00
1.375809907913208008e+00
1.375796556472778320e+00
1.375738978385925293e+00
1.375756502151489258e+00
1.375741243362426758e+00
1.375784039497375488e+00
1.375865221023559570e+00
1.375744581222534180e+00
1.375759959220886230e+00
1.375762224197387695e+00
1.375723719596862793e+00
1.375729799270629883e+00
1.375748038291931152e+00
1.375698566436767578e+00
1.375588655471801758e+00
1.375579833984375000e+00
1.375596761703491211e+00
1.375606656074523926e+00
1.375704407691955566e+00
1.375651121139526367e+00
1.375684499740600586e+00
1.375704765319824219e+00
1.375725150108337402e+00
1.375733613967895508e+00
1.375702738761901855e+00
1.375666856765747070e+00
1.375698566436767578e+00
1.375711798667907715e+00
1.375652790069580078e+00
1.375706553459167480e+00
1.375679969787597656e+00
1.375702738761901855e+00
