1.244016408920288086e+00
1.154017329216003418e+00
1.075535416603088379e+00
1.009323120117187500e+00
9.537615180015563965e-01
9.069705009460449219e-01
8.677611947059631348e-01
8.355069160461425781e-01
8.097475767135620117e-01
7.899209260940551758e-01
7.752999663352966309e-01
7.651581764221191406e-01
7.583554983139038086e-01
7.542661428451538086e-01
7.522493004798889160e-01
7.519450187683105469e-01
7.527694106101989746e-01
7.546001076698303223e-01
7.570881843566894531e-01
7.599472403526306152e-01
7.630234360694885254e-01
7.659690976142883301e-01
7.686164379119873047e-01
7.710676193237304688e-01
7.731663584709167480e-01
7.749517560005187988e-01
7.760879993438720703e-01
7.769051790237426758e-01
7.774347662925720215e-01
7.774466872215270996e-01
7.773231863975524902e-01
7.770919203758239746e-01
7.766180038452148438e-01
7.761504650115966797e-01
7.757461071014404297e-01
7.751427888870239258e-01
7.746632695198059082e-01
7.743293046951293945e-01
7.738135457038879395e-01
7.734513282775878906e-01
7.731847763061523438e-01
7.732233405113220215e-01
7.726337313652038574e-01
7.723994255065917969e-01
7.721883058547973633e-01
7.720570564270019531e-01
7.713557481765747070e-01
7.709951996803283691e-01
7.707937955856323242e-01
7.707340717315673828e-01
7.707728743553161621e-01
7.702099680900573730e-01
7.697567939758300781e-01
7.695853710174560547e-01
7.696339488029479980e-01
7.696865797042846680e-01
7.696591615676879883e-01
7.696062326431274414e-01
7.687740921974182129e-01
7.682268023490905762e-01
7.679072022438049316e-01
7.679315805435180664e-01
7.681033015251159668e-01
7.682649493217468262e-01
7.683021426200866699e-01
7.682083845138549805e-01
7.680107355117797852e-01
7.677430510520935059e-01
7.674178481101989746e-01
7.670208215713500977e-01
7.665853500366210938e-01
7.661625146865844727e-01
7.658346295356750488e-01
7.655832767486572266e-01
7.654073834419250488e-01
7.652956843376159668e-01
7.652364373207092285e-01
7.652080059051513672e-01
7.651916146278381348e-01
7.651704549789428711e-01
7.651324868202209473e-01
7.650664448738098145e-01
7.649843692779541016e-01
7.647566795349121094e-01
7.644360065460205078e-01
7.641627192497253418e-01
7.639443278312683105e-01
7.637786269187927246e-01
7.636489868164062500e-01
7.635752558708190918e-01
7.634070515632629395e-01
7.632058262825012207e-01
7.627746462821960449e-01
7.624110579490661621e-01
7.620820999145507812e-01
7.618094682693481445e-01
7.617661356925964355e-01
7.610710263252258301e-01
7.602347135543823242e-01
7.595064043998718262e-01
7.589076757431030273e-01
7.582439184188842773e-01
7.576802968978881836e-01
7.571804523468017578e-01
7.566866278648376465e-01
7.557258009910583496e-01
7.549835443496704102e-01
7.545261979103088379e-01
7.540501952171325684e-01
7.536583542823791504e-01
7.432693839073181152e-01
7.043506503105163574e-01
6.563752293586730957e-01
6.117865443229675293e-01
5.746113061904907227e-01
5.469785332679748535e-01
5.286468267440795898e-01
5.180621743202209473e-01
5.126791596412658691e-01
5.108076333999633789e-01
5.117173790931701660e-01
5.139047503471374512e-01
5.168281197547912598e-01
5.202826261520385742e-01
5.243858098983764648e-01
5.282624363899230957e-01
5.321252346038818359e-01
5.350742340087890625e-01
5.368595719337463379e-01
5.374721884727478027e-01
5.370596051216125488e-01
5.361930727958679199e-01
5.348793864250183105e-01
5.335017442703247070e-01
5.319458246231079102e-01
5.301586985588073730e-01
5.283153653144836426e-01
5.266550779342651367e-01
5.255607366561889648e-01
5.247479677200317383e-01
5.244525671005249023e-01
5.241993665695190430e-01
5.238910317420959473e-01
5.238705277442932129e-01
5.240181684494018555e-01
5.242991447448730469e-01
5.245108008384704590e-01
5.245501399040222168e-01
5.246536731719970703e-01
5.249431729316711426e-01
5.248218774795532227e-01
5.245529413223266602e-01
5.244245529174804688e-01
5.242966413497924805e-01
5.244749784469604492e-01
5.242161154747009277e-01
5.237582325935363770e-01
5.235830545425415039e-01
5.234540700912475586e-01
5.234880447387695312e-01
5.232445001602172852e-01
5.232187509536743164e-01
5.230509042739868164e-01
5.229820609092712402e-01
5.229429602622985840e-01
5.230257511138916016e-01
5.228562951087951660e-01
5.228043198585510254e-01
5.228635668754577637e-01
5.226786136627197266e-01
5.226161479949951172e-01
5.225709676742553711e-01
5.225624442100524902e-01
5.224658846855163574e-01
5.224112272262573242e-01
5.223703384399414062e-01
5.223360061645507812e-01
5.227004289627075195e-01
5.222525000572204590e-01
5.221071839332580566e-01
5.220478177070617676e-01
5.220457315444946289e-01
5.220918059349060059e-01
5.221612453460693359e-01
5.222259163856506348e-01
5.222578048706054688e-01
5.227891802787780762e-01
5.223840475082397461e-01
5.219861268997192383e-01
5.218534469604492188e-01
5.217662453651428223e-01
5.217308402061462402e-01
5.217378139495849609e-01
5.217687487602233887e-01
5.218000411987304688e-01
5.218156576156616211e-01
5.221157670021057129e-01
5.217148065567016602e-01
5.216189026832580566e-01
5.215268731117248535e-01
5.214459300041198730e-01
5.213774442672729492e-01
5.214873552322387695e-01
5.212368369102478027e-01
5.211859345436096191e-01
5.211760401725769043e-01
5.212036967277526855e-01
5.212570428848266602e-01
5.213190913200378418e-01
5.213721990585327148e-01
5.215430259704589844e-01
5.213662981986999512e-01
5.213249325752258301e-01
5.212904810905456543e-01
5.212683677673339844e-01
5.212545990943908691e-01
5.212460756301879883e-01
5.212341547012329102e-01
5.212109684944152832e-01
5.214691758155822754e-01
5.210747122764587402e-01
5.209931135177612305e-01
5.209415555000305176e-01
5.209251642227172852e-01
5.209400057792663574e-01
5.209734439849853516e-01
5.210143327713012695e-01
5.210488438606262207e-01
5.210652947425842285e-01
5.212254524230957031e-01
5.209813714027404785e-01
5.209138989448547363e-01
5.208714008331298828e-01
5.208610892295837402e-01
5.208801031112670898e-01
5.209177732467651367e-01
5.209603905677795410e-01
5.209934115409851074e-01
5.210052132606506348e-01
5.209885835647583008e-01
5.209445953369140625e-01
5.211717486381530762e-01
5.207508206367492676e-01
5.206472873687744141e-01
5.205897092819213867e-01
5.205860137939453125e-01
5.206306576728820801e-01
5.207086205482482910e-01
5.207980275154113770e-01
5.208820700645446777e-01
5.209444165229797363e-01
5.209732055664062500e-01
5.209650993347167969e-01
5.209202170372009277e-01
5.208446383476257324e-01
5.206961035728454590e-01
5.205700993537902832e-01
5.204887390136718750e-01
5.204666256904602051e-01
5.205026865005493164e-01
5.205829143524169922e-01
5.206841826438903809e-01
5.207811594009399414e-01
5.208554267883300781e-01
5.208938717842102051e-01
5.208886861801147461e-01
5.208365321159362793e-01
5.207487940788269043e-01
5.206352472305297852e-01
5.205066800117492676e-01
5.203735232353210449e-01
5.202460885047912598e-01
5.201348662376403809e-01
5.200490355491638184e-01
5.199955701828002930e-01
5.199769139289855957e-01
5.199910402297973633e-01
5.200321078300476074e-01
5.200915932655334473e-01
5.201632380485534668e-01
5.202299356460571289e-01
5.202980637550354004e-01
5.203602313995361328e-01
5.204233527183532715e-01
5.204017162322998047e-01
5.204175710678100586e-01
5.204786062240600586e-01
5.205891728401184082e-01
5.207376480102539062e-01
5.208986997604370117e-01
5.210403800010681152e-01
5.211324095726013184e-01
5.211531519889831543e-01
5.210937261581420898e-01
5.209584832191467285e-01
5.207641720771789551e-01
5.205342173576354980e-01
5.202944278717041016e-01
5.200689435005187988e-01
5.198811292648315430e-01
5.197433829307556152e-01
5.196589231491088867e-01
5.196253657341003418e-01
5.196377635002136230e-01
5.196899771690368652e-01
5.197740793228149414e-01
5.198794007301330566e-01
5.199925899505615234e-01
5.200998783111572266e-01
5.201902389526367188e-01
5.202570557594299316e-01
5.202984809875488281e-01
5.203162431716918945e-01
5.203133225440979004e-01
5.202934145927429199e-01
5.202603340148925781e-01
5.202189683914184570e-01
5.201748013496398926e-01
5.201334357261657715e-01
5.200992822647094727e-01
5.200768709182739258e-01
5.200619697570800781e-01
5.200628638267517090e-01
5.200743079185485840e-01
5.200888514518737793e-01
5.200999975204467773e-01
5.201054215431213379e-01
5.201067328453063965e-01
5.201066732406616211e-01
5.201064348220825195e-01
5.201051235198974609e-01
5.201005935668945312e-01
5.200917720794677734e-01
5.200797915458679199e-01
5.200672745704650879e-01
5.200566053390502930e-01
5.200490355491638184e-01
5.200437903404235840e-01
5.200397372245788574e-01
5.200358629226684570e-01
5.200321078300476074e-01
5.200288295745849609e-01
5.200265049934387207e-01
5.200247764587402344e-01
5.200227499008178711e-01
5.200197696685791016e-01
5.200155377388000488e-01
5.200103521347045898e-01
5.200049281120300293e-01
5.199996232986450195e-01
5.199955701828002930e-01
5.199907422065734863e-01
5.199914574623107910e-01
5.199954509735107422e-01
5.199975967407226562e-01
5.199940204620361328e-01
5.199849009513854980e-01
5.199739336967468262e-01
5.199654698371887207e-01
5.199608802795410156e-01
5.199581384658813477e-01
5.199544429779052734e-01
5.199486017227172852e-01
5.199416279792785645e-01
5.199354290962219238e-01
5.199310183525085449e-01
5.199279189109802246e-01
5.199244618415832520e-01
5.199199914932250977e-01
5.199149250984191895e-01
5.199100971221923828e-01
5.199064612388610840e-01
5.199037790298461914e-01
5.199013352394104004e-01
5.198984146118164062e-01
5.198948979377746582e-01
5.198912620544433594e-01
5.198878645896911621e-01
5.198847055435180664e-01
5.198815464973449707e-01
5.198778510093688965e-01
5.198743343353271484e-01
5.198713541030883789e-01
5.198690295219421387e-01
5.198668837547302246e-01
5.198645591735839844e-01
5.198626518249511719e-01
5.198641419410705566e-01
5.198673605918884277e-01
5.198673605918884277e-01
5.198614001274108887e-01
5.198510885238647461e-01
5.198405981063842773e-01
5.198330879211425781e-01
5.198280811309814453e-01
5.198231339454650879e-01
5.198166370391845703e-01
5.198092460632324219e-01
5.198029279708862305e-01
5.197988152503967285e-01
5.197963118553161621e-01
5.197936892509460449e-01
5.197900533676147461e-01
5.197858214378356934e-01
5.197820663452148438e-01
5.197792649269104004e-01
5.197770595550537109e-01
5.197745561599731445e-01
5.197713375091552734e-01
5.197678208351135254e-01
5.197646021842956543e-01
5.197618007659912109e-01
5.197590589523315430e-01
5.197560191154479980e-01
5.197526812553405762e-01
5.197490453720092773e-01
5.197455883026123047e-01
5.197423100471496582e-01
5.197390913963317871e-01
5.197356343269348145e-01
5.197320580482482910e-01
5.197285413742065430e-01
5.197251439094543457e-01
5.197224617004394531e-01
5.197200179100036621e-01
5.197217464447021484e-01
5.197251439094543457e-01
5.197263360023498535e-01
5.197240114212036133e-01
5.197198390960693359e-01
5.197169184684753418e-01
5.197160840034484863e-01
5.197149515151977539e-01
5.197114348411560059e-01
5.197052955627441406e-01
5.197007060050964355e-01
5.196139216423034668e-01
5.196171402931213379e-01
5.197462439537048340e-01
5.199877619743347168e-01
5.202755331993103027e-01
5.205236077308654785e-01
5.206728577613830566e-01
5.207028388977050781e-01
5.206115841865539551e-01
5.204156041145324707e-01
5.201485753059387207e-01
5.198514461517333984e-01
5.195646286010742188e-01
5.193212032318115234e-01
5.191449522972106934e-01
5.190474390983581543e-01
5.190282464027404785e-01
5.190763473510742188e-01
5.191729068756103516e-01
5.192952752113342285e-01
5.194219946861267090e-01
5.195352435111999512e-01
5.196230411529541016e-01
5.196795463562011719e-01
5.197045803070068359e-01
5.197026729583740234e-01
5.196814537048339844e-01
5.196498036384582520e-01
5.196162462234497070e-01
5.195893049240112305e-01
5.195705890655517578e-01
5.195577144622802734e-01
5.195493698120117188e-01
5.195463299751281738e-01
5.195485353469848633e-01
5.195528268814086914e-01
5.195547342300415039e-01
5.195522308349609375e-01
5.195472240447998047e-01
5.195422172546386719e-01
5.195382833480834961e-01
5.195351243019104004e-01
5.195324420928955078e-01
5.195312500000000000e-01
5.195325016975402832e-01
5.195358991622924805e-01
5.195402503013610840e-01
5.195440649986267090e-01
5.195469260215759277e-01
5.195487737655639648e-01
5.195495486259460449e-01
5.195487737655639648e-01
5.195460915565490723e-01
5.195420980453491211e-01
5.195374488830566406e-01
5.195329189300537109e-01
5.195284485816955566e-01
5.195240974426269531e-01
5.195358991622924805e-01
5.194199085235595703e-01
5.194296240806579590e-01
5.196017026901245117e-01
5.199026465415954590e-01
5.202274918556213379e-01
5.204715728759765625e-01
5.205882787704467773e-01
5.205659270286560059e-01
5.204103589057922363e-01
5.201511979103088379e-01
5.198361873626708984e-01
5.195173621177673340e-01
5.192398428916931152e-01
5.190346837043762207e-01
5.189165472984313965e-01
5.188848972320556641e-01
5.189260840415954590e-01
5.190168619155883789e-01
5.191313624382019043e-01
5.192463397979736328e-01
5.193453431129455566e-01
5.194193720817565918e-01
5.194656848907470703e-01
5.194866061210632324e-01
5.194882154464721680e-01
5.194785594940185547e-01
5.194653272628784180e-01
5.194540023803710938e-01
5.194466114044189453e-01
5.194426178932189941e-01
5.194400548934936523e-01
5.194363594055175781e-01
5.194290280342102051e-01
5.194175839424133301e-01
5.194029211997985840e-01
5.193870663642883301e-01
5.193725228309631348e-01
5.193619132041931152e-01
5.193565487861633301e-01
5.193593502044677734e-01
5.193675160408020020e-01
5.193770527839660645e-01
5.193864107131958008e-01
5.193959474563598633e-01
5.194047689437866211e-01
5.194336771965026855e-01
5.192974209785461426e-01
5.193094611167907715e-01
5.195075273513793945e-01
5.198426842689514160e-01
5.201827287673950195e-01
5.204189419746398926e-01
5.205134153366088867e-01
5.204541683197021484e-01
5.202610492706298828e-01
5.199790596961975098e-01
5.196595191955566406e-01
5.193493962287902832e-01
5.190881490707397461e-01
5.189055800437927246e-01
5.188133120536804199e-01
5.188038349151611328e-01
5.188570618629455566e-01
5.189470052719116211e-01
5.190488100051879883e-01
5.191441178321838379e-01
5.192217230796813965e-01
5.192769169807434082e-01
5.193110108375549316e-01
5.193292498588562012e-01
5.193385481834411621e-01
5.193449854850769043e-01
5.193516016006469727e-01
5.193583965301513672e-01
5.193641185760498047e-01
5.193669199943542480e-01
5.193630456924438477e-01
5.193498134613037109e-01
5.193288922309875488e-01
5.193051099777221680e-01
5.192821621894836426e-01
5.192626714706420898e-01
5.192490220069885254e-01
5.192441344261169434e-01
5.192483067512512207e-01
5.192587971687316895e-01
5.193064212799072266e-01
5.191551446914672852e-01
5.191861391067504883e-01
5.194300413131713867e-01
5.198131203651428223e-01
5.201689004898071289e-01
5.203924179077148438e-01
5.204567313194274902e-01
5.203598737716674805e-01
5.201326608657836914e-01
5.198248624801635742e-01
5.194944739341735840e-01
5.191910266876220703e-01
5.189537405967712402e-01
5.188063979148864746e-01
5.187491774559020996e-01
5.187652111053466797e-01
5.188294053077697754e-01
5.189155936241149902e-01
5.190020203590393066e-01
5.190754532814025879e-01
5.191305875778198242e-01
5.191684365272521973e-01
5.191944241523742676e-01
5.192149877548217773e-01
5.192350149154663086e-01
5.192560553550720215e-01
5.192763805389404297e-01
5.192918181419372559e-01
5.192980766296386719e-01
5.192929506301879883e-01
5.192769169807434082e-01
5.192527174949645996e-01
5.192248821258544922e-01
5.191985964775085449e-01
5.191786885261535645e-01
5.191680788993835449e-01
5.191673636436462402e-01
5.191866755485534668e-01
5.190401673316955566e-01
5.190872550010681152e-01
5.193838477134704590e-01
5.198065638542175293e-01
5.201560854911804199e-01
5.203558802604675293e-01
5.203887820243835449e-01
5.202550888061523438e-01
5.199920535087585449e-01
5.196615457534790039e-01
5.193288922309875488e-01
5.190445184707641602e-01
5.188421607017517090e-01
5.187358856201171875e-01
5.187142491340637207e-01
5.187511444091796875e-01
5.188181400299072266e-01
5.188912153244018555e-01
5.189552307128906250e-01
5.190043449401855469e-01
5.190398693084716797e-01
5.190688371658325195e-01
5.190984606742858887e-01
5.191322565078735352e-01
5.191693902015686035e-01
5.192056894302368164e-01
5.192344784736633301e-01
5.192493200302124023e-01
5.192472338676452637e-01
5.192496180534362793e-01
5.190362930297851562e-01
5.190200805664062500e-01
5.192705392837524414e-01
5.197039246559143066e-01
5.201079845428466797e-01
5.203430652618408203e-01
5.203926563262939453e-01
5.202563405036926270e-01
5.199747085571289062e-01
5.196192860603332520e-01
5.192613601684570312e-01
5.189625024795532227e-01
5.187644958496093750e-01
5.186746716499328613e-01
5.186723470687866211e-01
5.187240839004516602e-01
5.187966227531433105e-01
5.188647508621215820e-01
5.189164876937866211e-01
5.189515352249145508e-01
5.189778804779052734e-01
5.190060138702392578e-01
5.190432071685791016e-01
5.190904736518859863e-01
5.191426277160644531e-01
5.191896557807922363e-01
5.192210674285888672e-01
5.192304849624633789e-01
5.192177891731262207e-01
5.191875696182250977e-01
5.191488862037658691e-01
5.191116333007812500e-01
5.190848708152770996e-01
5.190718173980712891e-01
5.190639495849609375e-01
5.190646052360534668e-01
5.190737247467041016e-01
5.190891623497009277e-01
5.191193819046020508e-01
5.189637541770935059e-01
5.192026495933532715e-01
5.197207331657409668e-01
5.200445055961608887e-01
5.201618671417236328e-01
5.200695991516113281e-01
5.198137164115905762e-01
5.194781422615051270e-01
5.191482901573181152e-01
5.188884139060974121e-01
5.187346339225769043e-01
5.186884999275207520e-01
5.188491940498352051e-01
5.185994505882263184e-01
5.186374783515930176e-01
5.188876986503601074e-01
5.192895531654357910e-01
5.197292566299438477e-01
5.200677514076232910e-01
5.202477574348449707e-01
5.202351212501525879e-01
5.200439095497131348e-01
5.197355747222900391e-01
5.193663835525512695e-01
5.190160274505615234e-01
5.187474489212036133e-01
5.185989141464233398e-01
5.185635089874267578e-01
5.185872316360473633e-01
5.186306834220886230e-01
5.186621546745300293e-01
5.186677575111389160e-01
5.186507105827331543e-01
5.186240077018737793e-01
5.186038017272949219e-01
5.186025500297546387e-01
5.186228156089782715e-01
5.186558961868286133e-01
5.186882019042968750e-01
5.187088251113891602e-01
5.187113285064697266e-01
5.186948776245117188e-01
5.186657309532165527e-01
5.186334848403930664e-01
5.186052322387695312e-01
5.185869336128234863e-01
5.185806155204772949e-01
5.185818672180175781e-01
5.185836553573608398e-01
5.185802578926086426e-01
5.185692310333251953e-01
5.185509920120239258e-01
5.185282230377197266e-01
5.185038447380065918e-01
5.184798240661621094e-01
5.184581875801086426e-01
5.184400081634521484e-01
5.184245109558105469e-01
5.184145569801330566e-01
5.182310342788696289e-01
5.183634161949157715e-01
5.187247991561889648e-01
5.190900564193725586e-01
5.193372368812561035e-01
5.193862318992614746e-01
5.192385911941528320e-01
5.189634561538696289e-01
5.186585187911987305e-01
5.183970332145690918e-01
5.182237625122070312e-01
5.181415081024169922e-01
5.181146860122680664e-01
5.181062221527099609e-01
5.180880427360534668e-01
5.180489420890808105e-01
5.179995894432067871e-01
5.179609656333923340e-01
5.179502964019775391e-01
5.179735422134399414e-01
5.180282592773437500e-01
5.181012749671936035e-01
5.181276798248291016e-01
5.181249380111694336e-01
5.181181430816650391e-01
5.181065797805786133e-01
5.181026458740234375e-01
5.180671811103820801e-01
5.182440280914306641e-01
5.184579491615295410e-01
5.188250541687011719e-01
5.190382599830627441e-01
5.190024971961975098e-01
5.187489390373229980e-01
5.184102654457092285e-01
5.181201696395874023e-01
5.179679989814758301e-01
5.179237127304077148e-01
5.179300308227539062e-01
5.178894400596618652e-01
5.177792906761169434e-01
5.177233815193176270e-01
5.176978111267089844e-01
5.176668763160705566e-01
5.176281929016113281e-01
5.176181793212890625e-01
5.175560116767883301e-01
5.175254940986633301e-01
5.175011157989501953e-01
5.174744129180908203e-01
5.175859928131103516e-01
5.175803899765014648e-01
5.177007317543029785e-01
5.179261565208435059e-01
5.180987715721130371e-01
5.184581875801086426e-01
5.185868740081787109e-01
5.184331536293029785e-01
5.181191563606262207e-01
5.179458856582641602e-01
5.178396701812744141e-01
5.177344083786010742e-01
5.176439881324768066e-01
5.175794363021850586e-01
5.175154805183410645e-01
5.174659490585327148e-01
5.174196958541870117e-01
5.173761248588562012e-01
5.173329114913940430e-01
5.173728466033935547e-01
5.173707008361816406e-01
5.174465775489807129e-01
5.175603628158569336e-01
5.176525115966796875e-01
5.180400609970092773e-01
5.181994438171386719e-01
5.180547833442687988e-01
5.177212357521057129e-01
5.175831913948059082e-01
5.175401568412780762e-01
5.174900293350219727e-01
5.174425244331359863e-01
5.175576806068420410e-01
5.175004601478576660e-01
5.172982215881347656e-01
5.172733664512634277e-01
5.172591805458068848e-01
5.172451734542846680e-01
5.182347893714904785e-01
5.173156261444091797e-01
5.173955559730529785e-01
5.174581408500671387e-01
5.175007581710815430e-01
5.178492665290832520e-01
5.179051160812377930e-01
5.176700949668884277e-01
5.173786878585815430e-01
5.173197388648986816e-01
5.172553062438964844e-01
5.172002315521240234e-01
5.171638131141662598e-01
5.171113014221191406e-01
5.170469284057617188e-01
5.169729590415954590e-01
5.168957710266113281e-01
5.168250799179077148e-01
5.167872905731201172e-01
5.167492032051086426e-01
5.167475342750549316e-01
5.167524218559265137e-01
5.171156525611877441e-01
5.169124007225036621e-01
5.170491933822631836e-01
5.172381997108459473e-01
5.173823833465576172e-01
5.178223848342895508e-01
5.179010629653930664e-01
5.175620913505554199e-01
5.174649953842163086e-01
5.173964500427246094e-01
5.173480510711669922e-01
5.173367261886596680e-01
5.172774195671081543e-01
5.171920061111450195e-01
5.170813798904418945e-01
5.169529318809509277e-01
5.168220996856689453e-01
5.167049765586853027e-01
5.166093707084655762e-01
5.165387988090515137e-01
5.165613889694213867e-01
5.165004134178161621e-01
5.165330767631530762e-01
5.165824294090270996e-01
5.166620016098022461e-01
5.167852044105529785e-01
5.171687602996826172e-01
5.173845291137695312e-01
5.175782442092895508e-01
5.180451273918151855e-01
5.180397629737854004e-01
5.177568793296813965e-01
5.177464485168457031e-01
5.177406072616577148e-01
5.177304148674011230e-01
5.176912546157836914e-01
5.177184939384460449e-01
5.175221562385559082e-01
5.174337625503540039e-01
5.173652768135070801e-01
5.173262357711791992e-01
5.173082351684570312e-01
5.172919631004333496e-01
5.173399448394775391e-01
5.172863602638244629e-01
5.172962546348571777e-01
5.173062086105346680e-01
5.173196196556091309e-01
5.175696611404418945e-01
5.174034237861633301e-01
5.174827575683593750e-01
5.175625085830688477e-01
5.176378488540649414e-01
5.178190469741821289e-01
5.177893042564392090e-01
5.178053379058837891e-01
5.177873373031616211e-01
5.177403092384338379e-01
5.176650881767272949e-01
5.175673365592956543e-01
5.174545645713806152e-01
5.173372030258178711e-01
5.172287821769714355e-01
5.171386003494262695e-01
5.170706510543823242e-01
5.170398354530334473e-01
5.170366168022155762e-01
5.170676112174987793e-01
5.171139240264892578e-01
5.171646475791931152e-01
5.172933340072631836e-01
5.172566771507263184e-01
5.172951221466064453e-01
5.173255205154418945e-01
5.173479914665222168e-01
5.175866484642028809e-01
5.174347758293151855e-01
5.175145864486694336e-01
5.175943970680236816e-01
5.176733136177062988e-01
5.180792808532714844e-01
5.179838538169860840e-01
5.177369713783264160e-01
5.177217721939086914e-01
5.177012085914611816e-01
5.176730155944824219e-01
5.176318883895874023e-01
5.175677537918090820e-01
5.174775719642639160e-01
5.173698067665100098e-01
5.172608494758605957e-01
5.171669721603393555e-01
5.170989632606506348e-01
5.170603394508361816e-01
5.170471072196960449e-01
5.170735716819763184e-01
5.170904994010925293e-01
5.171376466751098633e-01
5.171895027160644531e-01
5.172391533851623535e-01
5.172773003578186035e-01
5.173535943031311035e-01
5.173209905624389648e-01
5.173415541648864746e-01
5.173622965812683105e-01
5.173828005790710449e-01
5.176288485527038574e-01
5.174795389175415039e-01
5.175570845603942871e-01
5.176516771316528320e-01
5.177366137504577637e-01
5.179395079612731934e-01
5.178140997886657715e-01
5.178249478340148926e-01
5.178279280662536621e-01
5.178156495094299316e-01
5.177868008613586426e-01
5.177392363548278809e-01
5.176658630371093750e-01
5.175647139549255371e-01
5.174461603164672852e-01
5.173280239105224609e-01
5.172277688980102539e-01
5.171551704406738281e-01
5.171124935150146484e-01
5.170953869819641113e-01
5.170944333076477051e-01
5.171190500259399414e-01
5.171271562576293945e-01
5.171669721603393555e-01
5.172157883644104004e-01
5.172674059867858887e-01
5.173119902610778809e-01
5.173372626304626465e-01
5.173792243003845215e-01
5.174112915992736816e-01
5.174763798713684082e-01
5.176433920860290527e-01
5.178307890892028809e-01
5.179566144943237305e-01
5.184573531150817871e-01
5.179557800292968750e-01
