4.449152374267578125e+01
4.378015136718750000e+01
4.296305465698242188e+01
4.213728332519531250e+01
4.129005050659179688e+01
4.041246414184570312e+01
3.949015808105468750e+01
3.849987030029296875e+01
3.743252944946289062e+01
3.626290130615234375e+01
3.493513107299804688e+01
3.367137145996093750e+01
3.232536315917968750e+01
3.088452339172363281e+01
2.933156013488769531e+01
2.768544387817382812e+01
2.600632095336914062e+01
2.433270072937011719e+01
2.259236526489257812e+01
2.118017768859863281e+01
2.009310150146484375e+01
1.927593421936035156e+01
1.864528656005859375e+01
1.814412117004394531e+01
1.775457382202148438e+01
1.746187400817871094e+01
1.725215721130371094e+01
1.711276817321777344e+01
1.703220748901367188e+01
1.699994468688964844e+01
1.700627899169921875e+01
1.704222488403320312e+01
1.709956550598144531e+01
1.717091369628906250e+01
1.724985694885253906e+01
1.733103942871093750e+01
1.741022682189941406e+01
1.748427391052246094e+01
1.755101585388183594e+01
1.760904121398925781e+01
1.765750312805175781e+01
1.769597244262695312e+01
1.772443771362304688e+01
1.774336242675781250e+01
1.775365066528320312e+01
1.775655555725097656e+01
1.775350189208984375e+01
1.774594497680664062e+01
1.773524856567382812e+01
1.772261047363281250e+01
1.770904159545898438e+01
1.769535827636718750e+01
1.768218231201171875e+01
1.766997146606445312e+01
1.765902137756347656e+01
1.764951324462890625e+01
1.764151191711425781e+01
1.763498306274414062e+01
1.762984275817871094e+01
1.762594985961914062e+01
1.762312507629394531e+01
1.762118148803710938e+01
1.761992645263671875e+01
1.761916923522949219e+01
1.761874389648437500e+01
1.761850738525390625e+01
1.761833000183105469e+01
1.761811447143554688e+01
1.761778068542480469e+01
1.761727142333984375e+01
1.761654663085937500e+01
1.761556625366210938e+01
1.761430740356445312e+01
1.761273193359375000e+01
1.761081123352050781e+01
1.760849761962890625e+01
1.760573768615722656e+01
1.760245895385742188e+01
1.759857559204101562e+01
1.759399414062500000e+01
1.758861160278320312e+01
1.758233833312988281e+01
1.757509803771972656e+01
1.756683921813964844e+01
1.755755424499511719e+01
1.754728126525878906e+01
1.753610801696777344e+01
1.752416229248046875e+01
1.751161384582519531e+01
1.749865531921386719e+01
1.748548889160156250e+01
1.747231483459472656e+01
1.745931816101074219e+01
1.744666290283203125e+01
1.743448638916015625e+01
1.742288970947265625e+01
1.741194725036621094e+01
1.740169715881347656e+01
1.739216804504394531e+01
1.738335037231445312e+01
1.737523078918457031e+01
1.736777687072753906e+01
1.736094474792480469e+01
1.735469245910644531e+01
1.734896850585937500e+01
1.734373283386230469e+01
1.733892822265625000e+01
1.733451843261718750e+01
1.733045768737792969e+01
1.732671165466308594e+01
1.732324409484863281e+01
1.732002067565917969e+01
1.731701850891113281e+01
1.731420898437500000e+01
1.731157493591308594e+01
1.730908966064453125e+01
1.730674552917480469e+01
1.730451965332031250e+01
1.730240058898925781e+01
1.730037879943847656e+01
1.729844284057617188e+01
1.729658317565917969e+01
1.729479598999023438e+01
1.729306793212890625e+01
1.729139900207519531e+01
1.728978157043457031e+01
1.728821372985839844e+01
1.728669166564941406e+01
1.728521156311035156e+01
1.728377342224121094e+01
1.728236961364746094e+01
1.728100585937500000e+01
1.727968025207519531e+01
1.727838325500488281e+01
1.727712440490722656e+01
1.727589416503906250e+01
1.727469635009765625e+01
1.727353096008300781e+01
1.727239418029785156e+01
1.727128791809082031e+01
1.727020835876464844e+01
1.726915740966796875e+01
1.726813125610351562e+01
1.726712989807128906e+01
1.726615333557128906e+01
1.726519966125488281e+01
1.726426887512207031e+01
1.726335906982421875e+01
1.726247024536132812e+01
1.726159858703613281e+01
1.726074600219726562e+01
1.725990867614746094e+01
1.725909042358398438e+01
1.725828552246093750e+01
1.725749778747558594e+01
1.725672149658203125e+01
1.725596237182617188e+01
1.725521278381347656e+01
1.725447845458984375e+01
1.725375366210937500e+01
1.725303649902343750e+01
1.725233268737792969e+01
1.725164031982421875e+01
1.725095558166503906e+01
1.725028228759765625e+01
1.724961662292480469e+01
1.724895858764648438e+01
1.724830818176269531e+01
1.724766921997070312e+01
1.724703407287597656e+01
1.724640846252441406e+01
1.724579048156738281e+01
1.724517822265625000e+01
1.724457359313964844e+01
1.724397468566894531e+01
1.724338150024414062e+01
1.724279594421386719e+01
1.724221420288085938e+01
1.724163818359375000e+01
1.724106788635253906e+01
1.724050521850585938e+01
1.723994445800781250e+01
1.723939132690429688e+01
1.723884201049804688e+01
1.723829650878906250e+01
1.723775863647460938e+01
1.723722076416015625e+01
1.723669052124023438e+01
1.723616218566894531e+01
1.723563766479492188e+01
1.723511886596679688e+01
1.723460197448730469e+01
1.723409080505371094e+01
1.723358154296875000e+01
1.723307609558105469e+01
1.723257255554199219e+01
1.723207283020019531e+01
1.723157691955566406e+01
1.723108482360839844e+01
1.723058891296386719e+01
1.723010253906250000e+01
1.722961807250976562e+01
1.722913360595703125e+01
1.722865295410156250e+01
1.722817420959472656e+01
1.722769737243652344e+01
1.722722244262695312e+01
1.722675132751464844e+01
1.722627830505371094e+01
1.722580909729003906e+01
1.722534370422363281e+01
1.722487449645996094e+01
1.722441291809082031e+01
1.722394943237304688e+01
1.722348785400390625e+01
1.722302627563476562e+01
1.722256469726562500e+01
1.722210693359375000e+01
1.722164916992187500e+01
1.722119140625000000e+01
1.722073364257812500e+01
1.722027778625488281e+01
1.721982383728027344e+01
1.721936798095703125e+01
1.721891021728515625e+01
1.721845626831054688e+01
1.721800041198730469e+01
1.721754455566406250e+01
1.721708488464355469e+01
1.721662902832031250e+01
1.721617126464843750e+01
1.721570968627929688e+01
1.721525001525878906e+01
1.721478843688964844e+01
1.721432495117187500e+01
1.721385955810546875e+01
1.721339225769042969e+01
1.721292114257812500e+01
1.721244812011718750e+01
1.721197128295898438e+01
1.721149444580078125e+01
1.721101188659667969e+01
1.721052360534667969e+01
1.721003150939941406e+01
1.720953750610351562e+01
1.720903396606445312e+01
1.720852851867675781e+01
1.720801544189453125e+01
1.720749855041503906e+01
1.720697021484375000e+01
1.720643615722656250e+01
1.720589447021484375e+01
1.720534324645996094e+01
1.720478057861328125e+01
1.720420837402343750e+01
1.720362281799316406e+01
1.720302200317382812e+01
1.720240783691406250e+01
1.720177459716796875e+01
1.720111465454101562e+01
1.720042800903320312e+01
1.719969558715820312e+01
1.719890022277832031e+01
1.719802093505859375e+01
1.719701004028320312e+01
1.719580268859863281e+01
1.719430541992187500e+01
1.719239616394042969e+01
1.718990516662597656e+01
1.718664360046386719e+01
1.718242073059082031e+01
1.717707443237304688e+01
1.717052650451660156e+01
1.716281509399414062e+01
1.715411949157714844e+01
1.714472770690917969e+01
1.713500785827636719e+01
1.712534523010253906e+01
1.711610412597656250e+01
1.710757637023925781e+01
1.709996986389160156e+01
1.709341049194335938e+01
1.708793640136718750e+01
1.708352851867675781e+01
1.708011817932128906e+01
1.707759094238281250e+01
1.707581901550292969e+01
1.707465934753417969e+01
1.707397460937500000e+01
1.707361793518066406e+01
1.707347679138183594e+01
1.707344245910644531e+01
1.707342910766601562e+01
1.707337188720703125e+01
1.707322311401367188e+01
1.707295608520507812e+01
1.707256126403808594e+01
1.707203674316406250e+01
1.707139015197753906e+01
1.707064628601074219e+01
1.706981468200683594e+01
1.706892585754394531e+01
1.706799507141113281e+01
1.706703948974609375e+01
1.706607627868652344e+01
1.706511878967285156e+01
1.706417274475097656e+01
1.706324768066406250e+01
1.706234359741210938e+01
1.706145858764648438e+01
1.706059455871582031e+01
1.705974578857421875e+01
1.705891227722167969e+01
1.705808639526367188e+01
1.705726814270019531e+01
1.705645370483398438e+01
1.705563926696777344e+01
1.705482292175292969e+01
1.705400657653808594e+01
1.705318641662597656e+01
1.705236244201660156e+01
1.705153656005859375e+01
1.705070495605468750e+01
1.704987525939941406e+01
1.704904174804687500e+01
1.704821205139160156e+01
1.704737663269042969e+01
1.704654502868652344e+01
1.704571342468261719e+01
1.704487800598144531e+01
1.704404258728027344e+01
1.704320335388183594e+01
1.704236221313476562e+01
1.704151535034179688e+01
1.704065704345703125e+01
1.703979492187500000e+01
1.703891944885253906e+01
1.703803253173828125e+01
1.703712654113769531e+01
1.703620338439941406e+01
1.703525543212890625e+01
1.703427696228027344e+01
1.703326797485351562e+01
1.703220367431640625e+01
1.703106689453125000e+01
1.702981948852539062e+01
1.702837562561035156e+01
1.702682113647460938e+01
1.704007911682128906e+01
1.708117103576660156e+01
1.708039855957031250e+01
1.716647148132324219e+01
1.735744094848632812e+01
1.742213630676269531e+01
1.708624649047851562e+01
1.709324455261230469e+01
1.670266723632812500e+01
1.658666801452636719e+01
1.650550460815429688e+01
1.645702362060546875e+01
1.641066169738769531e+01
1.633052635192871094e+01
1.623340225219726562e+01
1.614805793762207031e+01
1.607994270324707031e+01
1.602617835998535156e+01
1.598410224914550781e+01
1.594907760620117188e+01
1.592011451721191406e+01
1.589711093902587891e+01
1.587691688537597656e+01
1.585631084442138672e+01
1.620713615417480469e+01
1.583917808532714844e+01
1.575556850433349609e+01
1.569592761993408203e+01
1.564137744903564453e+01
1.559961891174316406e+01
1.559962940216064453e+01
1.572210025787353516e+01
1.550915813446044922e+01
1.548582839965820312e+01
1.552365875244140625e+01
1.571988677978515625e+01
1.541817569732666016e+01
1.538600158691406250e+01
1.538737583160400391e+01
1.557446956634521484e+01
1.536747646331787109e+01
1.533461856842041016e+01
1.533852291107177734e+01
1.540907669067382812e+01
1.531992721557617188e+01
1.528598213195800781e+01
1.528253841400146484e+01
1.530767440795898438e+01
1.528040790557861328e+01
1.524550056457519531e+01
1.523553562164306641e+01
1.525168991088867188e+01
1.524411773681640625e+01
1.521770191192626953e+01
1.520205307006835938e+01
1.520063018798828125e+01
1.520443153381347656e+01
1.519245624542236328e+01
1.517701339721679688e+01
1.517189121246337891e+01
1.517439937591552734e+01
1.517180728912353516e+01
1.515971565246582031e+01
1.514935874938964844e+01
1.514475250244140625e+01
1.514170646667480469e+01
1.513376808166503906e+01
1.512431621551513672e+01
1.511864280700683594e+01
1.511605644226074219e+01
1.511198902130126953e+01
1.510525512695312500e+01
1.509941959381103516e+01
1.509609317779541016e+01
1.509327507019042969e+01
1.508850765228271484e+01
1.508261775970458984e+01
1.507771587371826172e+01
1.507363319396972656e+01
1.506885337829589844e+01
1.506323814392089844e+01
1.505830287933349609e+01
1.505505657196044922e+01
1.505279350280761719e+01
1.505008411407470703e+01
1.504650878906250000e+01
1.504279804229736328e+01
1.503952312469482422e+01
1.503651618957519531e+01
1.503338432312011719e+01
1.503013515472412109e+01
1.502706241607666016e+01
1.502425575256347656e+01
1.502146434783935547e+01
1.501836299896240234e+01
1.501473808288574219e+01
1.501058006286621094e+01
1.500591373443603516e+01
1.500087356567382812e+01
1.499479579925537109e+01
1.498589038848876953e+01
1.497473144531250000e+01
1.496402931213378906e+01
1.495495986938476562e+01
1.494728279113769531e+01
1.493842983245849609e+01
1.492910099029541016e+01
1.492166042327880859e+01
1.491525936126708984e+01
1.490653419494628906e+01
1.489493274688720703e+01
1.488599777221679688e+01
1.487863254547119141e+01
1.487183380126953125e+01
1.486399459838867188e+01
1.485208606719970703e+01
1.483781433105468750e+01
1.482902050018310547e+01
1.482401466369628906e+01
1.481630134582519531e+01
1.480590057373046875e+01
1.479193305969238281e+01
1.478291034698486328e+01
1.478195095062255859e+01
1.477822399139404297e+01
1.476490211486816406e+01
1.474932098388671875e+01
1.473538208007812500e+01
1.472552967071533203e+01
1.471817684173583984e+01
1.471347618103027344e+01
1.471422004699707031e+01
1.471824645996093750e+01
1.471879196166992188e+01
1.471187782287597656e+01
1.471475791931152344e+01
1.469048786163330078e+01
1.467302417755126953e+01
1.476763916015625000e+01
1.536682891845703125e+01
1.809473991394042969e+01
1.447061157226562500e+01
1.444315624237060547e+01
1.445683765411376953e+01
1.450806713104248047e+01
1.449217987060546875e+01
1.453229331970214844e+01
1.466980838775634766e+01
1.469502735137939453e+01
1.469736099243164062e+01
1.473001670837402344e+01
1.474274826049804688e+01
1.475481605529785156e+01
1.477571868896484375e+01
1.479871082305908203e+01
1.482602024078369141e+01
1.485105609893798828e+01
1.486855792999267578e+01
1.487406063079833984e+01
1.485331439971923828e+01
1.484990596771240234e+01
1.485197925567626953e+01
1.486254024505615234e+01
1.487301445007324219e+01
1.488051033020019531e+01
1.488445091247558594e+01
1.488515758514404297e+01
1.488530063629150391e+01
1.489135932922363281e+01
1.494864940643310547e+01
1.527977085113525391e+01
1.541144466400146484e+01
1.501070404052734375e+01
1.468445205688476562e+01
1.460499095916748047e+01
1.456550502777099609e+01
1.455810737609863281e+01
1.454016113281250000e+01
1.448980998992919922e+01
1.444697666168212891e+01
1.441749382019042969e+01
1.440077495574951172e+01
1.439486408233642578e+01
1.440112209320068359e+01
1.441940975189208984e+01
1.443537712097167969e+01
1.442215919494628906e+01
1.438771152496337891e+01
1.435847854614257812e+01
1.434003162384033203e+01
1.439518070220947266e+01
1.432645797729492188e+01
1.428561019897460938e+01
1.427610588073730469e+01
1.430272388458251953e+01
1.427462768554687500e+01
1.423272609710693359e+01
1.421722030639648438e+01
1.420773887634277344e+01
1.427867984771728516e+01
1.423444938659667969e+01
1.419216632843017578e+01
1.418505859375000000e+01
1.419353675842285156e+01
1.417355537414550781e+01
1.416702079772949219e+01
1.416619682312011719e+01
1.416024398803710938e+01
1.415136814117431641e+01
1.414233875274658203e+01
1.413494014739990234e+01
1.440426826477050781e+01
1.535514831542968750e+01
1.416071224212646484e+01
1.416176319122314453e+01
1.417204189300537109e+01
1.419138717651367188e+01
1.422596549987792969e+01
1.427510738372802734e+01
1.435060214996337891e+01
1.444488143920898438e+01
1.454911708831787109e+01
1.465537166595458984e+01
1.475578212738037109e+01
1.484457492828369141e+01
1.491864871978759766e+01
1.497628974914550781e+01
1.501675891876220703e+01
1.504018306732177734e+01
1.504743957519531250e+01
1.504053974151611328e+01
1.502267456054687500e+01
1.499736976623535156e+01
1.496772575378417969e+01
1.493619155883789062e+01
1.490457630157470703e+01
1.487427711486816406e+01
1.484652996063232422e+01
1.482237339019775391e+01
1.480240917205810547e+01
1.478673267364501953e+01
1.477504539489746094e+01
1.476693630218505859e+01
1.476205444335937500e+01
1.476001453399658203e+01
1.476030826568603516e+01
1.476243495941162109e+01
1.476575851440429688e+01
1.476943302154541016e+01
1.477269268035888672e+01
1.477506923675537109e+01
1.477645778656005859e+01
1.477693271636962891e+01
1.477661323547363281e+01
1.477560997009277344e+01
1.477404212951660156e+01
1.477226066589355469e+01
1.477099227905273438e+01
1.477295684814453125e+01
1.477674674987792969e+01
1.477153968811035156e+01
1.477303123474121094e+01
1.475519943237304688e+01
1.474222946166992188e+01
1.472526073455810547e+01
1.470705318450927734e+01
1.469028091430664062e+01
1.467621707916259766e+01
1.466495895385742188e+01
1.465237712860107422e+01
1.464434623718261719e+01
1.463595962524414062e+01
1.465468883514404297e+01
1.468802356719970703e+01
1.459971046447753906e+01
1.454561328887939453e+01
1.450377655029296875e+01
1.446902656555175781e+01
1.444486236572265625e+01
1.443441009521484375e+01
1.443586921691894531e+01
1.443906211853027344e+01
1.442178249359130859e+01
1.438111972808837891e+01
1.433953094482421875e+01
1.430977344512939453e+01
1.428979301452636719e+01
1.427561378479003906e+01
1.426518726348876953e+01
1.425898265838623047e+01
1.425573539733886719e+01
1.425370407104492188e+01
1.425209331512451172e+01
1.424911880493164062e+01
1.424445533752441406e+01
1.423954486846923828e+01
1.423519706726074219e+01
1.423127269744873047e+01
1.422788238525390625e+01
1.422517871856689453e+01
1.422289466857910156e+01
1.422057914733886719e+01
1.421817398071289062e+01
1.421613407135009766e+01
1.421408653259277344e+01
1.421155738830566406e+01
1.420844078063964844e+01
1.420468616485595703e+01
1.420067596435546875e+01
1.419680309295654297e+01
1.419317626953125000e+01
1.418997478485107422e+01
1.418728256225585938e+01
1.418493938446044922e+01
1.418281555175781250e+01
1.418088531494140625e+01
1.417917919158935547e+01
1.417771053314208984e+01
1.417646980285644531e+01
1.417546272277832031e+01
1.417462825775146484e+01
1.417389774322509766e+01
1.417328739166259766e+01
1.417275238037109375e+01
1.417219066619873047e+01
1.417159748077392578e+01
1.417106246948242188e+01
1.417060470581054688e+01
1.417014217376708984e+01
1.416963481903076172e+01
1.416914749145507812e+01
1.416878318786621094e+01
1.416854667663574219e+01
1.416837120056152344e+01
1.416825389862060547e+01
1.416824436187744141e+01
1.416828727722167969e+01
1.416820812225341797e+01
1.416791248321533203e+01
1.416746711730957031e+01
1.416701698303222656e+01
1.416668319702148438e+01
1.416649627685546875e+01
1.416639328002929688e+01
1.416631126403808594e+01
1.416625308990478516e+01
1.416623783111572266e+01
1.416625881195068359e+01
1.416627597808837891e+01
1.416624641418457031e+01
1.416614723205566406e+01
1.416598510742187500e+01
1.416579437255859375e+01
1.416561889648437500e+01
1.416548442840576172e+01
1.416539096832275391e+01
1.416534042358398438e+01
1.416533088684082031e+01
1.416534233093261719e+01
1.416551017761230469e+01
1.416594791412353516e+01
1.416658306121826172e+01
1.416729927062988281e+01
1.416796875000000000e+01
1.416849613189697266e+01
1.416882419586181641e+01
1.416894149780273438e+01
1.416886806488037109e+01
1.416865921020507812e+01
1.416838645935058594e+01
1.416810226440429688e+01
1.416784667968750000e+01
1.416764831542968750e+01
1.416751956939697266e+01
1.416744518280029297e+01
1.416740036010742188e+01
1.416737270355224609e+01
1.416734123229980469e+01
1.416729164123535156e+01
1.416721630096435547e+01
1.416712188720703125e+01
1.416700839996337891e+01
1.416687965393066406e+01
1.416673946380615234e+01
1.416660022735595703e+01
1.416648197174072266e+01
1.416637992858886719e+01
1.416627502441406250e+01
1.416616439819335938e+01
1.416619777679443359e+01
1.416648006439208984e+01
1.416693115234375000e+01
1.416745662689208984e+01
1.416794681549072266e+01
1.416831684112548828e+01
1.416851234436035156e+01
1.416851806640625000e+01
1.416837596893310547e+01
1.416813468933105469e+01
1.416785335540771484e+01
1.416758823394775391e+01
1.416737937927246094e+01
1.416723632812500000e+01
1.416714859008789062e+01
1.416711425781250000e+01
1.416711807250976562e+01
1.416710281372070312e+01
1.416703605651855469e+01
1.416691970825195312e+01
1.416676616668701172e+01
1.416658496856689453e+01
1.416640186309814453e+01
1.416623306274414062e+01
1.416607666015625000e+01
1.416593933105468750e+01
1.416583061218261719e+01
1.416574478149414062e+01
1.416564655303955078e+01
1.416552925109863281e+01
1.416541194915771484e+01
1.416530704498291016e+01
1.416522121429443359e+01
1.416516304016113281e+01
1.416512775421142578e+01
1.416510200500488281e+01
1.416508579254150391e+01
1.416508388519287109e+01
1.416508579254150391e+01
1.416507816314697266e+01
1.416504573822021484e+01
1.416496658325195312e+01
1.416485691070556641e+01
1.416474628448486328e+01
1.416465091705322266e+01
1.416456604003906250e+01
1.416449069976806641e+01
1.416442489624023438e+01
1.416436386108398438e+01
1.416431999206542969e+01
1.416429996490478516e+01
1.416429138183593750e+01
1.416427612304687500e+01
1.416423702239990234e+01
1.416417598724365234e+01
1.416409492492675781e+01
1.416400241851806641e+01
1.416391658782958984e+01
1.416384315490722656e+01
1.416378116607666016e+01
1.416372871398925781e+01
1.416368198394775391e+01
1.416363811492919922e+01
1.416360092163085938e+01
1.416357517242431641e+01
1.416355419158935547e+01
1.416352748870849609e+01
1.416348934173583984e+01
1.416344451904296875e+01
1.416339015960693359e+01
1.416332435607910156e+01
1.416325759887695312e+01
1.416319370269775391e+01
1.416314315795898438e+01
1.416310214996337891e+01
1.416306781768798828e+01
1.416302967071533203e+01
1.416299915313720703e+01
1.416298389434814453e+01
1.416297912597656250e+01
1.416297340393066406e+01
1.416295528411865234e+01
1.416292381286621094e+01
1.416288566589355469e+01
1.416283512115478516e+01
1.416277790069580078e+01
1.416272068023681641e+01
1.416267108917236328e+01
1.416262912750244141e+01
1.416258621215820312e+01
1.416254329681396484e+01
1.416250705718994141e+01
1.416248130798339844e+01
1.416246509552001953e+01
1.416244506835937500e+01
1.416241931915283203e+01
1.416239166259765625e+01
1.416236019134521484e+01
1.416232013702392578e+01
1.416226673126220703e+01
1.416220951080322266e+01
1.416215991973876953e+01
1.416211986541748047e+01
1.416208076477050781e+01
1.416203784942626953e+01
1.416200351715087891e+01
1.416198730468750000e+01
1.416198635101318359e+01
1.416198825836181641e+01
1.416198158264160156e+01
1.416196632385253906e+01
1.416194438934326172e+01
1.416191387176513672e+01
1.416186618804931641e+01
1.416181087493896484e+01
1.416176891326904297e+01
1.416174697875976562e+01
1.416172885894775391e+01
1.416168689727783203e+01
1.416162490844726562e+01
1.416155910491943359e+01
1.416151618957519531e+01
1.416149997711181641e+01
1.416150283813476562e+01
1.416150379180908203e+01
1.416149425506591797e+01
1.416147804260253906e+01
1.416146564483642578e+01
1.416144561767578125e+01
1.416140651702880859e+01
1.416134929656982422e+01
1.416129112243652344e+01
1.416124916076660156e+01
1.416120910644531250e+01
1.416115188598632812e+01
1.416107940673828125e+01
1.416101264953613281e+01
1.416096782684326172e+01
1.416095352172851562e+01
1.416095447540283203e+01
1.416095829010009766e+01
1.416095256805419922e+01
1.416094398498535156e+01
1.416094112396240234e+01
1.416093349456787109e+01
1.416090106964111328e+01
1.416084957122802734e+01
1.416079330444335938e+01
1.416074848175048828e+01
1.416070556640625000e+01
1.416064739227294922e+01
1.416057586669921875e+01
1.416051006317138672e+01
1.416046619415283203e+01
1.416045093536376953e+01
1.416045093536376953e+01
1.416045093536376953e+01
1.416044521331787109e+01
1.416043472290039062e+01
1.416042327880859375e+01
1.416040325164794922e+01
1.416035747528076172e+01
1.416029262542724609e+01
1.416022968292236328e+01
1.416018772125244141e+01
1.416015434265136719e+01
1.416010570526123047e+01
1.416004276275634766e+01
1.415997982025146484e+01
1.415993595123291016e+01
1.415991783142089844e+01
1.415991687774658203e+01
1.415991687774658203e+01
1.415991115570068359e+01
1.415990161895751953e+01
1.415989971160888672e+01
1.415988731384277344e+01
1.415985107421875000e+01
1.415979003906250000e+01
1.415972232818603516e+01
1.415966892242431641e+01
1.415961837768554688e+01
1.415955448150634766e+01
1.415947914123535156e+01
1.415941143035888672e+01
1.415936756134033203e+01
1.415934944152832031e+01
1.415934753417968750e+01
1.415934753417968750e+01
1.415934181213378906e+01
1.415933227539062500e+01
1.415933036804199219e+01
1.415932083129882812e+01
1.415928649902343750e+01
1.415922641754150391e+01
1.415916061401367188e+01
1.415910530090332031e+01
1.415907096862792969e+01
1.415903282165527344e+01
1.415896892547607422e+01
1.415888214111328125e+01
1.415879821777343750e+01
1.415874290466308594e+01
1.415872383117675781e+01
1.415873241424560547e+01
1.415874671936035156e+01
1.415875148773193359e+01
1.415874481201171875e+01
1.415873336791992188e+01
1.415870857238769531e+01
1.415865898132324219e+01
1.415859031677246094e+01
1.415852165222167969e+01
1.415847015380859375e+01
1.415843963623046875e+01
1.415841770172119141e+01
1.415839290618896484e+01
1.415836048126220703e+01
1.415832805633544922e+01
1.415830230712890625e+01
1.415827560424804688e+01
1.415822696685791016e+01
1.415816020965576172e+01
1.415808963775634766e+01
1.415803337097167969e+01
1.415799808502197266e+01
1.415797424316406250e+01
1.415795326232910156e+01
1.415792655944824219e+01
1.415790081024169922e+01
1.415788078308105469e+01
1.415786075592041016e+01
1.415781688690185547e+01
1.415775680541992188e+01
1.415769195556640625e+01
1.415764331817626953e+01
1.415761756896972656e+01
1.415760612487792969e+01
1.415759563446044922e+01
1.415757942199707031e+01
1.415755748748779297e+01
1.415753746032714844e+01
1.415750694274902344e+01
1.415744781494140625e+01
1.415736103057861328e+01
1.415726757049560547e+01
1.415718555450439453e+01
1.415712356567382812e+01
1.415707778930664062e+01
1.415703582763671875e+01
1.415699100494384766e+01
1.415694713592529297e+01
1.415691471099853516e+01
1.415688228607177734e+01
1.415683269500732422e+01
1.415676593780517578e+01
1.415670299530029297e+01
1.415666007995605469e+01
1.415664386749267578e+01
1.415664958953857422e+01
1.415665626525878906e+01
1.415666007995605469e+01
1.415666103363037109e+01
