4.282246017456054688e+01
4.225157546997070312e+01
4.161430740356445312e+01
4.096376037597656250e+01
4.026263046264648438e+01
3.940806198120117188e+01
3.856457901000976562e+01
3.768196868896484375e+01
3.671367645263671875e+01
3.571794891357421875e+01
3.471699142456054688e+01
3.358869171142578125e+01
3.259225463867187500e+01
3.160803985595703125e+01
3.064205169677734375e+01
2.970109367370605469e+01
2.879165458679199219e+01
2.794537353515625000e+01
2.720349121093750000e+01
2.653287315368652344e+01
2.593540191650390625e+01
2.541073989868164062e+01
2.495695686340332031e+01
2.457121086120605469e+01
2.425002670288085938e+01
2.398857307434082031e+01
2.377894401550292969e+01
2.361002540588378906e+01
2.347614860534667969e+01
2.339072036743164062e+01
2.328480720520019531e+01
2.319589614868164062e+01
2.311853408813476562e+01
2.305135345458984375e+01
2.289740943908691406e+01
2.261227416992187500e+01
2.228575515747070312e+01
2.195146369934082031e+01
2.162725067138671875e+01
2.132466506958007812e+01
2.105106735229492188e+01
2.080927467346191406e+01
2.059832382202148438e+01
2.041612434387207031e+01
2.026088714599609375e+01
2.013102149963378906e+01
2.002464866638183594e+01
1.994167137145996094e+01
1.987446212768554688e+01
1.982056999206542969e+01
1.979289436340332031e+01
1.973191261291503906e+01
1.970451927185058594e+01
1.969217681884765625e+01
1.968722724914550781e+01
1.968169784545898438e+01
1.967595100402832031e+01
1.967509841918945312e+01
1.968098258972167969e+01
1.969187736511230469e+01
1.970406341552734375e+01
1.971370124816894531e+01
1.971962165832519531e+01
1.972337913513183594e+01
1.972657012939453125e+01
1.972941207885742188e+01
1.973096466064453125e+01
1.972989845275878906e+01
1.972553443908691406e+01
1.971839332580566406e+01
1.970965766906738281e+01
1.970030212402343750e+01
1.969068908691406250e+01
1.968069267272949219e+01
1.967005348205566406e+01
1.965873527526855469e+01
1.964705467224121094e+01
1.963549804687500000e+01
1.962444305419921875e+01
1.961399841308593750e+01
1.960402107238769531e+01
1.959424018859863281e+01
1.958440589904785156e+01
1.957429122924804688e+01
1.956348037719726562e+01
1.955085372924804688e+01
1.953295516967773438e+01
1.964284133911132812e+01
2.039859962463378906e+01
1.937736129760742188e+01
1.931183815002441406e+01
1.925410842895507812e+01
1.924742317199707031e+01
1.960536575317382812e+01
1.917834091186523438e+01
1.916049957275390625e+01
1.913288497924804688e+01
1.898291015625000000e+01
1.881837844848632812e+01
1.868333625793457031e+01
1.856510543823242188e+01
1.848315238952636719e+01
1.842415237426757812e+01
1.837540245056152344e+01
1.833463859558105469e+01
1.830110740661621094e+01
1.827384376525878906e+01
1.825249099731445312e+01
1.823460769653320312e+01
1.822006225585937500e+01
1.877262115478515625e+01
2.167317581176757812e+01
2.054452133178710938e+01
1.823300170898437500e+01
1.810121536254882812e+01
1.800246429443359375e+01
1.797823715209960938e+01
1.797524070739746094e+01
1.802690124511718750e+01
1.813018608093261719e+01
1.809871673583984375e+01
1.809232139587402344e+01
1.808418083190917969e+01
1.809158515930175781e+01
1.811158752441406250e+01
1.813734626770019531e+01
1.816418266296386719e+01
1.818642616271972656e+01
1.819323730468750000e+01
1.818684768676757812e+01
1.818093681335449219e+01
1.817878341674804688e+01
1.817739868164062500e+01
1.817362213134765625e+01
1.816516494750976562e+01
1.815084457397460938e+01
1.812905120849609375e+01
1.810369682312011719e+01
1.809006309509277344e+01
1.808490371704101562e+01
1.808213424682617188e+01
1.807905387878417969e+01
1.807199478149414062e+01
1.806158638000488281e+01
1.805113601684570312e+01
1.804308891296386719e+01
1.803784179687500000e+01
1.803443717956542969e+01
1.803157424926757812e+01
1.802850532531738281e+01
1.802460289001464844e+01
1.801996803283691406e+01
1.801511192321777344e+01
1.801005554199218750e+01
1.800498199462890625e+01
1.800005531311035156e+01
1.799555397033691406e+01
1.799127578735351562e+01
1.798735427856445312e+01
1.798300552368164062e+01
1.797847175598144531e+01
1.797400283813476562e+01
1.796968841552734375e+01
1.796535491943359375e+01
1.796145248413085938e+01
1.795774269104003906e+01
1.795417022705078125e+01
1.795070266723632812e+01
1.794727325439453125e+01
1.794383430480957031e+01
1.794054794311523438e+01
1.793738174438476562e+01
1.793425178527832031e+01
1.793108749389648438e+01
1.792783546447753906e+01
1.792452049255371094e+01
1.792114830017089844e+01
1.791780471801757812e+01
1.791504478454589844e+01
1.791265869140625000e+01
1.791011619567871094e+01
1.790712928771972656e+01
1.790369224548339844e+01
1.790027236938476562e+01
1.789679527282714844e+01
1.789341354370117188e+01
1.789013671875000000e+01
1.788713264465332031e+01
1.788441658020019531e+01
1.788171768188476562e+01
1.787885475158691406e+01
1.787598609924316406e+01
1.787320137023925781e+01
1.787043571472167969e+01
1.786778450012207031e+01
1.786526298522949219e+01
1.786287307739257812e+01
1.786057281494140625e+01
1.785827445983886719e+01
1.785587501525878906e+01
1.785331535339355469e+01
1.785059356689453125e+01
1.784777641296386719e+01
1.784491539001464844e+01
1.784209060668945312e+01
1.783926963806152344e+01
1.783634948730468750e+01
1.783332443237304688e+01
1.783021736145019531e+01
1.782702255249023438e+01
1.782371902465820312e+01
1.782023811340332031e+01
1.781658363342285156e+01
1.781291389465332031e+01
1.780933570861816406e+01
1.780585098266601562e+01
1.780242919921875000e+01
1.779906463623046875e+01
1.779577064514160156e+01
1.779253768920898438e+01
1.778928947448730469e+01
1.778595733642578125e+01
1.778260421752929688e+01
1.777917480468750000e+01
1.777560043334960938e+01
1.777184677124023438e+01
1.776792335510253906e+01
1.776378440856933594e+01
1.775934028625488281e+01
1.775463867187500000e+01
1.774958419799804688e+01
1.774404907226562500e+01
1.773815917968750000e+01
1.773191452026367188e+01
1.772542953491210938e+01
1.771888160705566406e+01
1.771221733093261719e+01
1.770539855957031250e+01
1.769848823547363281e+01
1.769184684753417969e+01
1.768585014343261719e+01
1.768131446838378906e+01
1.768012046813964844e+01
1.767758941650390625e+01
1.767640686035156250e+01
1.767634773254394531e+01
1.767722702026367188e+01
1.767850112915039062e+01
1.767469978332519531e+01
1.767260932922363281e+01
1.767059326171875000e+01
1.766851806640625000e+01
1.766659164428710938e+01
1.766482162475585938e+01
1.766307067871093750e+01
1.766118431091308594e+01
1.765903854370117188e+01
1.765690040588378906e+01
1.765495872497558594e+01
1.765314102172851562e+01
1.765133666992187500e+01
1.764951896667480469e+01
1.764768409729003906e+01
1.764584541320800781e+01
1.764389038085937500e+01
1.764183807373046875e+01
1.763984107971191406e+01
1.763797187805175781e+01
1.763626480102539062e+01
1.763472366333007812e+01
1.763326072692871094e+01
1.763176536560058594e+01
1.763024139404296875e+01
1.762878417968750000e+01
1.762751007080078125e+01
1.762655830383300781e+01
1.762608718872070312e+01
1.762624359130859375e+01
1.762783050537109375e+01
1.762137603759765625e+01
1.761464309692382812e+01
1.760822868347167969e+01
1.760473823547363281e+01
1.761052894592285156e+01
1.765222167968750000e+01
1.768771743774414062e+01
1.763209724426269531e+01
1.761312675476074219e+01
1.760944366455078125e+01
1.761348152160644531e+01
1.759642028808593750e+01
1.754224205017089844e+01
1.750080871582031250e+01
1.747016525268554688e+01
1.744777679443359375e+01
1.741537475585937500e+01
1.738623619079589844e+01
1.736738967895507812e+01
1.735632324218750000e+01
1.734789466857910156e+01
1.733485794067382812e+01
1.732570838928222656e+01
1.733061027526855469e+01
1.744269371032714844e+01
1.730829429626464844e+01
1.731603622436523438e+01
1.745389366149902344e+01
1.797708892822265625e+01
1.724467468261718750e+01
1.722434043884277344e+01
1.733820915222167969e+01
1.861877250671386719e+01
1.721259880065917969e+01
1.720573043823242188e+01
1.724634742736816406e+01
1.731251525878906250e+01
1.729677009582519531e+01
1.721474647521972656e+01
1.713452911376953125e+01
1.710502624511718750e+01
1.710461616516113281e+01
1.711906623840332031e+01
1.713223266601562500e+01
1.714329719543457031e+01
1.713796997070312500e+01
1.710025405883789062e+01
1.706226730346679688e+01
1.703851890563964844e+01
1.701966285705566406e+01
1.699098396301269531e+01
1.694785499572753906e+01
1.689777565002441406e+01
1.685946083068847656e+01
1.682631874084472656e+01
1.680350875854492188e+01
1.678917884826660156e+01
1.677684402465820312e+01
1.676326942443847656e+01
1.675262832641601562e+01
1.675069618225097656e+01
1.675416946411132812e+01
1.675440979003906250e+01
1.674711418151855469e+01
1.673679924011230469e+01
1.672835159301757812e+01
1.672291946411132812e+01
1.672011756896972656e+01
1.671734046936035156e+01
1.671202087402343750e+01
1.667948150634765625e+01
1.672434234619140625e+01
1.671380996704101562e+01
1.679227828979492188e+01
1.671306800842285156e+01
1.675036239624023438e+01
1.677590179443359375e+01
1.678781700134277344e+01
1.678887557983398438e+01
1.681447219848632812e+01
1.682856750488281250e+01
1.681590652465820312e+01
1.679990768432617188e+01
1.677912139892578125e+01
1.675383758544921875e+01
1.672228240966796875e+01
1.668188476562500000e+01
1.665781402587890625e+01
1.666572761535644531e+01
1.666203498840332031e+01
1.665755081176757812e+01
1.665447044372558594e+01
1.665739250183105469e+01
1.666411781311035156e+01
1.667218971252441406e+01
1.668301582336425781e+01
1.668894767761230469e+01
1.669703483581542969e+01
1.670116996765136719e+01
1.670349884033203125e+01
1.670665550231933594e+01
1.670821571350097656e+01
1.670965194702148438e+01
1.671088790893554688e+01
1.671174049377441406e+01
1.671258163452148438e+01
1.671346473693847656e+01
1.671422386169433594e+01
1.671476554870605469e+01
1.671461296081542969e+01
1.671010780334472656e+01
1.670545005798339844e+01
1.670099258422851562e+01
1.669343376159667969e+01
1.668807029724121094e+01
1.668568801879882812e+01
1.668571853637695312e+01
1.668698310852050781e+01
1.668832397460937500e+01
1.668935203552246094e+01
1.669025421142578125e+01
1.669106483459472656e+01
1.669173622131347656e+01
1.669226455688476562e+01
1.669235992431640625e+01
1.669216537475585938e+01
1.669197845458984375e+01
1.669183540344238281e+01
1.669172477722167969e+01
1.669149971008300781e+01
1.669134521484375000e+01
1.669132423400878906e+01
1.669139099121093750e+01
1.669152641296386719e+01
1.669149589538574219e+01
1.669139099121093750e+01
1.669124984741210938e+01
1.669107627868652344e+01
1.669086456298828125e+01
1.669054031372070312e+01
1.669020843505859375e+01
1.668994331359863281e+01
1.668971633911132812e+01
1.668948364257812500e+01
1.668917465209960938e+01
1.668878364562988281e+01
1.668836212158203125e+01
1.668796730041503906e+01
1.668762207031250000e+01
1.668732643127441406e+01
1.668705940246582031e+01
1.668679046630859375e+01
1.668650054931640625e+01
1.668619155883789062e+01
1.668585014343261719e+01
1.668555450439453125e+01
1.668531036376953125e+01
1.668510437011718750e+01
1.668491172790527344e+01
1.668464088439941406e+01
1.668418502807617188e+01
1.667836189270019531e+01
1.667241287231445312e+01
1.666495132446289062e+01
1.665257835388183594e+01
1.664282417297363281e+01
1.663878631591796875e+01
1.663533782958984375e+01
1.663804435729980469e+01
1.663851547241210938e+01
1.664190483093261719e+01
1.664222335815429688e+01
1.664423179626464844e+01
1.664252662658691406e+01
1.626875305175781250e+01
1.571710205078125000e+01
1.514409160614013672e+01
1.467581462860107422e+01
1.440346717834472656e+01
1.429535579681396484e+01
1.432575702667236328e+01
1.437789154052734375e+01
1.443478870391845703e+01
1.445857524871826172e+01
1.445649337768554688e+01
1.441873359680175781e+01
1.436999130249023438e+01
1.433207416534423828e+01
1.431687068939208984e+01
1.430834579467773438e+01
1.431171798706054688e+01
1.432686996459960938e+01
1.434398365020751953e+01
1.434680938720703125e+01
1.434890365600585938e+01
1.434958839416503906e+01
1.434133052825927734e+01
1.433501720428466797e+01
1.433193778991699219e+01
1.432753467559814453e+01
1.432585811614990234e+01
1.432689285278320312e+01
1.432739353179931641e+01
1.432853603363037109e+01
1.433034515380859375e+01
1.433148002624511719e+01
1.433285522460937500e+01
1.433452796936035156e+01
1.433574199676513672e+01
1.433692932128906250e+01
1.433828067779541016e+01
1.433934593200683594e+01
1.434040832519531250e+01
1.434138679504394531e+01
1.434174633026123047e+01
1.434190464019775391e+01
1.434191608428955078e+01
1.434159278869628906e+01
1.434120845794677734e+01
1.434078311920166016e+01
1.434010124206542969e+01
1.433922290802001953e+01
1.433780574798583984e+01
1.433557319641113281e+01
1.433720493316650391e+01
1.434008502960205078e+01
1.433348369598388672e+01
1.433463287353515625e+01
1.433295917510986328e+01
1.432979488372802734e+01
1.432882499694824219e+01
1.432890415191650391e+01
1.433264350891113281e+01
1.433360862731933594e+01
1.432989788055419922e+01
1.432699394226074219e+01
1.432575702667236328e+01
1.432502174377441406e+01
1.432476711273193359e+01
1.432321739196777344e+01
1.432019901275634766e+01
1.431752586364746094e+01
1.431587123870849609e+01
1.431498336791992188e+01
1.431397628784179688e+01
1.431213474273681641e+01
1.431018161773681641e+01
1.430921173095703125e+01
1.430954551696777344e+01
1.430653858184814453e+01
1.430507469177246094e+01
1.430474090576171875e+01
1.430672073364257812e+01
1.430412292480468750e+01
1.430705451965332031e+01
1.430503845214843750e+01
1.430428600311279297e+01
1.430410099029541016e+01
1.430052471160888672e+01
1.429969882965087891e+01
1.430142021179199219e+01
1.429671096801757812e+01
1.429205894470214844e+01
1.428881645202636719e+01
1.428607177734375000e+01
1.428531551361083984e+01
1.428366470336914062e+01
1.428172492980957031e+01
1.428249168395996094e+01
1.428573703765869141e+01
1.424098205566406250e+01
1.425022792816162109e+01
1.409413146972656250e+01
1.416664123535156250e+01
1.413545227050781250e+01
1.419387340545654297e+01
1.433087730407714844e+01
1.425242233276367188e+01
1.429206752777099609e+01
1.431615734100341797e+01
1.461914062500000000e+01
1.425689888000488281e+01
1.422469615936279297e+01
1.422918605804443359e+01
1.423149967193603516e+01
1.422836780548095703e+01
1.422572898864746094e+01
1.420162105560302734e+01
1.420335674285888672e+01
1.419530105590820312e+01
1.419227313995361328e+01
1.420540714263916016e+01
1.420129680633544922e+01
1.420581912994384766e+01
1.417609977722167969e+01
1.419194221496582031e+01
1.418995380401611328e+01
1.418949604034423828e+01
1.418135833740234375e+01
1.416788768768310547e+01
1.417823505401611328e+01
1.418144512176513672e+01
1.417691040039062500e+01
1.416584396362304688e+01
1.418706321716308594e+01
1.427754688262939453e+01
1.432507133483886719e+01
1.430151557922363281e+01
1.423166179656982422e+01
1.418844223022460938e+01
1.420446109771728516e+01
1.419220542907714844e+01
1.431551456451416016e+01
1.474896812438964844e+01
1.473640251159667969e+01
1.435576534271240234e+01
1.419937419891357422e+01
1.424349975585937500e+01
1.424248886108398438e+01
1.419349479675292969e+01
1.431073665618896484e+01
1.451354312896728516e+01
1.429753398895263672e+01
1.421078109741210938e+01
1.421977615356445312e+01
1.422627830505371094e+01
1.422494602203369141e+01
1.422401618957519531e+01
1.422617626190185547e+01
1.420433521270751953e+01
1.421290302276611328e+01
1.421325492858886719e+01
1.420702838897705078e+01
1.422431564331054688e+01
1.420500659942626953e+01
1.420869445800781250e+01
1.420404624938964844e+01
1.420742416381835938e+01
1.420681381225585938e+01
1.420973300933837891e+01
1.420631313323974609e+01
1.420174217224121094e+01
1.421158981323242188e+01
1.420897388458251953e+01
1.421831703186035156e+01
1.422044658660888672e+01
1.421632766723632812e+01
1.421088314056396484e+01
1.421154212951660156e+01
1.421359539031982422e+01
1.421509838104248047e+01
1.421820735931396484e+01
1.422175693511962891e+01
1.422210025787353516e+01
1.422182178497314453e+01
1.422111415863037109e+01
1.422241115570068359e+01
1.422342205047607422e+01
1.422409057617187500e+01
1.422596645355224609e+01
1.422726535797119141e+01
1.422800731658935547e+01
1.422874259948730469e+01
1.422901439666748047e+01
1.423000621795654297e+01
1.423106002807617188e+01
1.423263931274414062e+01
1.423381996154785156e+01
1.423476123809814453e+01
1.423532104492187500e+01
1.423600482940673828e+01
1.423667144775390625e+01
1.423735618591308594e+01
1.423828697204589844e+01
1.423940658569335938e+01
1.424032211303710938e+01
1.424114799499511719e+01
1.424180221557617188e+01
1.424235630035400391e+01
1.424296665191650391e+01
1.424351406097412109e+01
1.424496269226074219e+01
1.424507904052734375e+01
1.424515724182128906e+01
1.424498748779296875e+01
1.424510574340820312e+01
1.424541854858398438e+01
1.424614429473876953e+01
1.424643325805664062e+01
1.424691581726074219e+01
1.424743366241455078e+01
1.424800491333007812e+01
1.424856662750244141e+01
1.424900245666503906e+01
1.424933242797851562e+01
1.424954986572265625e+01
1.424993133544921875e+01
1.425004386901855469e+01
1.425016975402832031e+01
1.425001621246337891e+01
1.425030517578125000e+01
1.425044441223144531e+01
1.425104999542236328e+01
1.425105476379394531e+01
1.425176620483398438e+01
1.425203323364257812e+01
1.425255870819091797e+01
1.425240898132324219e+01
1.425316429138183594e+01
1.425328636169433594e+01
1.425316619873046875e+01
1.425262165069580078e+01
1.425305843353271484e+01
1.425346946716308594e+01
1.425322246551513672e+01
1.425348949432373047e+01
1.425369930267333984e+01
1.425427722930908203e+01
1.425415039062500000e+01
1.425448417663574219e+01
1.425474357604980469e+01
1.425457572937011719e+01
1.425438594818115234e+01
1.425447845458984375e+01
1.425446033477783203e+01
1.425415802001953125e+01
1.425443935394287109e+01
1.425462245941162109e+01
1.425471782684326172e+01
1.425476932525634766e+01
1.425540065765380859e+01
1.425558948516845703e+01
1.425529479980468750e+01
1.425530815124511719e+01
1.425557041168212891e+01
1.425529289245605469e+01
1.425504112243652344e+01
1.425512790679931641e+01
1.425494289398193359e+01
1.425524616241455078e+01
1.425529479980468750e+01
1.425547790527343750e+01
1.425547790527343750e+01
1.425616264343261719e+01
1.425626277923583984e+01
1.425570297241210938e+01
1.425580406188964844e+01
1.425598812103271484e+01
1.425534057617187500e+01
1.425551795959472656e+01
1.425564002990722656e+01
1.425420284271240234e+01
1.426163959503173828e+01
1.427924823760986328e+01
1.429066848754882812e+01
1.429518985748291016e+01
1.429463958740234375e+01
1.428817749023437500e+01
1.428222560882568359e+01
1.427942562103271484e+01
1.427914619445800781e+01
1.427896595001220703e+01
1.427461147308349609e+01
1.427595806121826172e+01
1.428500556945800781e+01
1.429304885864257812e+01
1.428505611419677734e+01
1.427412128448486328e+01
1.429978275299072266e+01
1.428716278076171875e+01
1.430765819549560547e+01
1.430517768859863281e+01
1.428582572937011719e+01
1.427146911621093750e+01
1.427609729766845703e+01
1.427055931091308594e+01
1.427166461944580078e+01
1.427838802337646484e+01
1.427488994598388672e+01
1.426743221282958984e+01
1.426778888702392578e+01
1.426872825622558594e+01
1.426675128936767578e+01
1.426812648773193359e+01
1.427011585235595703e+01
1.426849937438964844e+01
1.426642322540283203e+01
1.426630115509033203e+01
1.426598453521728516e+01
1.426556682586669922e+01
1.426634597778320312e+01
1.426661682128906250e+01
1.426596546173095703e+01
1.426544761657714844e+01
1.426533603668212891e+01
1.426531028747558594e+01
1.426550769805908203e+01
1.426578044891357422e+01
1.426565837860107422e+01
1.426523303985595703e+01
1.426476573944091797e+01
1.426452255249023438e+01
1.426438522338867188e+01
1.426437854766845703e+01
1.426426792144775391e+01
1.426401901245117188e+01
1.426358222961425781e+01
1.426318454742431641e+01
1.426289939880371094e+01
1.426264095306396484e+01
1.426238155364990234e+01
1.426208114624023438e+01
1.426167392730712891e+01
1.426122093200683594e+01
1.426087665557861328e+01
1.426058959960937500e+01
1.426032257080078125e+01
1.426008892059326172e+01
1.425979232788085938e+01
1.425942134857177734e+01
1.425906467437744141e+01
1.425869655609130859e+01
1.425829887390136719e+01
1.425792694091796875e+01
1.425748443603515625e+01
1.425688743591308594e+01
1.425613021850585938e+01
1.425506210327148438e+01
1.425380420684814453e+01
1.425338554382324219e+01
1.425411605834960938e+01
1.425351142883300781e+01
1.425364971160888672e+01
1.425558567047119141e+01
1.425408935546875000e+01
1.425519847869873047e+01
1.425489330291748047e+01
1.425625228881835938e+01
1.426081275939941406e+01
1.428068828582763672e+01
1.428350830078125000e+01
1.425894165039062500e+01
1.426290607452392578e+01
1.425928878784179688e+01
1.427084636688232422e+01
1.426358222961425781e+01
1.425403881072998047e+01
1.425566577911376953e+01
1.425328350067138672e+01
1.425561332702636719e+01
1.425886631011962891e+01
1.425308895111083984e+01
1.425096797943115234e+01
1.425078964233398438e+01
1.425004482269287109e+01
1.425179672241210938e+01
1.425127983093261719e+01
1.424928474426269531e+01
1.424920272827148438e+01
1.424917030334472656e+01
1.424977111816406250e+01
1.425055694580078125e+01
1.424967670440673828e+01
1.424899291992187500e+01
1.424918365478515625e+01
1.424904632568359375e+01
1.424928474426269531e+01
1.424911880493164062e+01
1.424876117706298828e+01
1.424825763702392578e+01
1.424835681915283203e+01
1.424907779693603516e+01
1.424886322021484375e+01
1.424863910675048828e+01
1.424849891662597656e+01
1.424857139587402344e+01
1.424848747253417969e+01
1.424864864349365234e+01
1.424893474578857422e+01
1.424833869934082031e+01
1.424818801879882812e+01
1.424816226959228516e+01
1.424837589263916016e+01
1.424820995330810547e+01
1.424813938140869141e+01
1.424836730957031250e+01
1.424795055389404297e+01
1.424789333343505859e+01
1.424789047241210938e+01
1.424802875518798828e+01
1.424780559539794922e+01
1.424774360656738281e+01
1.424802589416503906e+01
1.424754905700683594e+01
1.424748134613037109e+01
1.424738216400146484e+01
1.424757766723632812e+01
1.424733829498291016e+01
1.424718093872070312e+01
1.424726676940917969e+01
1.424665069580078125e+01
1.424647521972656250e+01
1.424633216857910156e+01
1.424652099609375000e+01
1.424621868133544922e+01
1.424608325958251953e+01
1.424637603759765625e+01
1.424596786499023438e+01
1.424596500396728516e+01
1.424612617492675781e+01
1.424647808074951172e+01
1.424626064300537109e+01
1.424617385864257812e+01
1.424640655517578125e+01
1.424595642089843750e+01
1.424598503112792969e+01
1.424599170684814453e+01
1.424636936187744141e+01
1.424601459503173828e+01
1.424581336975097656e+01
1.424597454071044922e+01
1.424557685852050781e+01
1.424558258056640625e+01
1.424571990966796875e+01
1.424608993530273438e+01
1.424570178985595703e+01
1.424546813964843750e+01
1.424560260772705078e+01
1.424552249908447266e+01
1.424585819244384766e+01
1.424627399444580078e+01
1.424694156646728516e+01
1.424643611907958984e+01
1.424612045288085938e+01
1.424614143371582031e+01
1.424598503112792969e+01
1.424598121643066406e+01
1.424632167816162109e+01
1.424667263031005859e+01
1.424587535858154297e+01
1.424529647827148438e+01
1.424598312377929688e+01
1.424558353424072266e+01
1.424565505981445312e+01
1.424593257904052734e+01
1.424829578399658203e+01
1.424666404724121094e+01
1.424691581726074219e+01
1.424901294708251953e+01
1.424550056457519531e+01
1.425679779052734375e+01
1.427402305603027344e+01
1.426157855987548828e+01
1.424751186370849609e+01
1.424919223785400391e+01
1.424939823150634766e+01
1.424904441833496094e+01
1.424650764465332031e+01
1.424583148956298828e+01
1.424653148651123047e+01
1.424659061431884766e+01
1.424407577514648438e+01
1.424359798431396484e+01
1.424391937255859375e+01
1.424682235717773438e+01
1.424762821197509766e+01
1.424652576446533203e+01
1.424655818939208984e+01
1.424419784545898438e+01
1.424320030212402344e+01
1.424139785766601562e+01
1.424222087860107422e+01
1.424377632141113281e+01
1.424062442779541016e+01
1.424368476867675781e+01
1.424163150787353516e+01
1.424117755889892578e+01
1.424409675598144531e+01
1.424092006683349609e+01
1.424513244628906250e+01
1.424809169769287109e+01
1.424344539642333984e+01
1.423892021179199219e+01
1.423996162414550781e+01
1.424032497406005859e+01
1.423498630523681641e+01
1.423546218872070312e+01
1.423415565490722656e+01
1.423521041870117188e+01
1.423347949981689453e+01
1.423269367218017578e+01
1.423291587829589844e+01
1.423307418823242188e+01
1.423317432403564453e+01
1.423341369628906250e+01
1.423334598541259766e+01
1.423250198364257812e+01
1.423154258728027344e+01
1.423093318939208984e+01
1.423103237152099609e+01
1.423088550567626953e+01
1.423031520843505859e+01
1.423034191131591797e+01
1.423041439056396484e+01
1.423065853118896484e+01
1.423023796081542969e+01
1.423001289367675781e+01
1.423003482818603516e+01
1.423025703430175781e+01
1.423033523559570312e+01
1.423005867004394531e+01
1.422901153564453125e+01
1.422876262664794922e+01
1.422854518890380859e+01
1.422832775115966797e+01
1.422816467285156250e+01
1.422815132141113281e+01
1.422833061218261719e+01
1.422818088531494141e+01
1.422780799865722656e+01
1.422779273986816406e+01
