2.082508325576782227e+00
1.977208018302917480e+00
1.875172734260559082e+00
1.777060627937316895e+00
1.682800769805908203e+00
1.592661976814270020e+00
1.506122827529907227e+00
1.426856398582458496e+00
1.354132652282714844e+00
1.288205504417419434e+00
1.229332566261291504e+00
1.177320241928100586e+00
1.132000327110290527e+00
1.093139767646789551e+00
1.060435295104980469e+00
1.033509016036987305e+00
1.011907696723937988e+00
9.951093792915344238e-01
9.825449585914611816e-01
9.736278653144836426e-01
9.677845239639282227e-01
9.644783139228820801e-01
9.632246494293212891e-01
9.635938405990600586e-01
9.652085900306701660e-01
9.677357673645019531e-01
9.708812832832336426e-01
9.743866324424743652e-01
9.780288934707641602e-01
9.816229343414306641e-01
9.850236177444458008e-01
9.881256818771362305e-01
9.908620715141296387e-01
9.931973218917846680e-01
9.951238036155700684e-01
9.966531991958618164e-01
9.978169798851013184e-01
9.986467957496643066e-01
9.991841912269592285e-01
9.994795322418212891e-01
9.995733499526977539e-01
9.995043277740478516e-01
9.993096590042114258e-01
9.989957809448242188e-01
9.984976649284362793e-01
9.976785778999328613e-01
9.963403344154357910e-01
9.942591786384582520e-01
9.912504553794860840e-01
1.013500213623046875e+00
1.004302382469177246e+00
9.807429909706115723e-01
9.602774977684020996e-01
9.423907995223999023e-01
9.252380728721618652e-01
9.104997515678405762e-01
8.968645930290222168e-01
8.820167779922485352e-01
8.711194396018981934e-01
8.583170771598815918e-01
8.348153233528137207e-01
8.118274807929992676e-01
7.937430143356323242e-01
7.769006490707397461e-01
7.608798742294311523e-01
7.462026476860046387e-01
7.337759137153625488e-01
7.281617522239685059e-01
7.114199995994567871e-01
7.027500271797180176e-01
6.952663660049438477e-01
6.892849802970886230e-01
6.897480487823486328e-01
6.823627352714538574e-01
6.776603460311889648e-01
6.751918196678161621e-01
6.734563708305358887e-01
6.721456646919250488e-01
6.711404323577880859e-01
6.703457832336425781e-01
6.693466901779174805e-01
6.727831959724426270e-01
6.686096191406250000e-01
6.683449149131774902e-01
6.682744622230529785e-01
6.682602763175964355e-01
6.682360768318176270e-01
6.682063937187194824e-01
6.681857109069824219e-01
6.681742072105407715e-01
6.681538224220275879e-01
6.681061983108520508e-01
6.681019663810729980e-01
6.680594086647033691e-01
6.680120229721069336e-01
6.679848432540893555e-01
6.679707169532775879e-01
6.679594516754150391e-01
6.679366230964660645e-01
6.678812503814697266e-01
6.678084731101989746e-01
6.677849292755126953e-01
6.677463054656982422e-01
6.676962375640869141e-01
6.676490306854248047e-01
6.675987243652343750e-01
6.675556302070617676e-01
6.675113439559936523e-01
6.674614548683166504e-01
6.674067974090576172e-01
6.673788428306579590e-01
6.673259735107421875e-01
6.672587990760803223e-01
6.671630740165710449e-01
6.670533418655395508e-01
6.669338345527648926e-01
6.668735742568969727e-01
6.668165326118469238e-01
6.667533516883850098e-01
6.666885614395141602e-01
6.666064858436584473e-01
6.665266156196594238e-01
6.664462685585021973e-01
6.663648486137390137e-01
6.663131713867187500e-01
6.662131547927856445e-01
6.661700010299682617e-01
6.660714745521545410e-01
6.659788489341735840e-01
6.658815145492553711e-01
6.657804846763610840e-01
6.656684279441833496e-01
6.655168533325195312e-01
6.654480099678039551e-01
6.652624011039733887e-01
6.651533246040344238e-01
6.650072932243347168e-01
6.648069024085998535e-01
6.646363139152526855e-01
6.644462347030639648e-01
6.641818284988403320e-01
6.640176773071289062e-01
6.637918949127197266e-01
6.635219454765319824e-01
6.632164120674133301e-01
6.630258560180664062e-01
6.627022027969360352e-01
6.623412966728210449e-01
6.620626449584960938e-01
6.617205739021301270e-01
6.613635420799255371e-01
6.610270142555236816e-01
6.605592966079711914e-01
6.602377891540527344e-01
6.599701046943664551e-01
6.593997478485107422e-01
6.588853001594543457e-01
6.583817601203918457e-01
6.582426428794860840e-01
6.576507091522216797e-01
6.570409536361694336e-01
6.566063165664672852e-01
6.559901237487792969e-01
6.552371382713317871e-01
6.546584963798522949e-01
6.562696695327758789e-01
6.542932391166687012e-01
6.544733047485351562e-01
6.542487740516662598e-01
6.539622545242309570e-01
6.536834239959716797e-01
6.534028053283691406e-01
6.530975103378295898e-01
6.527306437492370605e-01
6.521732211112976074e-01
6.515082120895385742e-01
6.512414813041687012e-01
6.491646170616149902e-01
6.488481163978576660e-01
6.520057916641235352e-01
6.524511575698852539e-01
6.525752544403076172e-01
6.524718999862670898e-01
6.521866917610168457e-01
6.518086791038513184e-01
6.514536738395690918e-01
6.511952280998229980e-01
6.510670185089111328e-01
6.510789394378662109e-01
6.512026786804199219e-01
6.513778567314147949e-01
6.515296101570129395e-01
6.516069769859313965e-01
6.516063809394836426e-01
6.514424681663513184e-01
6.511577367782592773e-01
6.508681774139404297e-01
6.506021618843078613e-01
6.506358385086059570e-01
6.501814723014831543e-01
6.499953269958496094e-01
6.498206853866577148e-01
6.496513485908508301e-01
6.494894027709960938e-01
6.493448019027709961e-01
6.492283940315246582e-01
6.491453647613525391e-01
6.490939855575561523e-01
6.490672826766967773e-01
6.490545868873596191e-01
6.490443348884582520e-01
6.490262150764465332e-01
6.489952802658081055e-01
6.489517092704772949e-01
6.489003896713256836e-01
6.488474011421203613e-01
6.487979888916015625e-01
6.487550139427185059e-01
6.487184166908264160e-01
6.486863493919372559e-01
6.486561298370361328e-01
6.486262083053588867e-01
6.485964059829711914e-01
6.485678553581237793e-01
6.485427618026733398e-01
6.485221982002258301e-01
6.485068798065185547e-01
6.484961509704589844e-01
6.484886407852172852e-01
6.484826803207397461e-01
6.484770178794860840e-01
6.484707593917846680e-01
6.484637856483459473e-01
6.484572291374206543e-01
6.484523415565490723e-01
6.484495997428894043e-01
6.484485268592834473e-01
6.484476327896118164e-01
6.484459042549133301e-01
6.484426259994506836e-01
6.484378576278686523e-01
6.484319567680358887e-01
6.484258770942687988e-01
6.484203934669494629e-01
6.484159231185913086e-01
6.484128236770629883e-01
6.484110355377197266e-01
6.484102010726928711e-01
6.484100818634033203e-01
6.484101414680480957e-01
6.484104394912719727e-01
6.484107375144958496e-01
6.484110951423645020e-01
6.484112739562988281e-01
6.484110951423645020e-01
6.484103202819824219e-01
6.484089493751525879e-01
6.484070420265197754e-01
6.484038829803466797e-01
6.483976244926452637e-01
6.483923196792602539e-01
6.483900547027587891e-01
6.483914852142333984e-01
6.483966708183288574e-01
6.484048962593078613e-01
6.484156250953674316e-01
6.484350562095642090e-01
6.484764814376831055e-01
6.485160589218139648e-01
6.485528945922851562e-01
6.485773324966430664e-01
6.485875248908996582e-01
6.485905647277832031e-01
6.485958099365234375e-01
6.486055850982666016e-01
6.486250162124633789e-01
6.486572027206420898e-01
6.486960053443908691e-01
6.487348675727844238e-01
6.487689614295959473e-01
6.487936973571777344e-01
6.488049030303955078e-01
6.488012671470642090e-01
6.487854123115539551e-01
6.487625837326049805e-01
6.487391591072082520e-01
6.487206816673278809e-01
6.487101912498474121e-01
6.487069725990295410e-01
6.487081050872802734e-01
6.487100720405578613e-01
6.487110853195190430e-01
6.487112641334533691e-01
6.487127542495727539e-01
6.487175226211547852e-01
6.487263441085815430e-01
6.487379670143127441e-01
6.487502455711364746e-01
6.487609744071960449e-01
6.487688422203063965e-01
6.487741470336914062e-01
6.487782001495361328e-01
6.487827897071838379e-01
6.487889289855957031e-01
6.487964987754821777e-01
6.488047838211059570e-01
6.488128304481506348e-01
6.488200426101684570e-01
6.488265991210937500e-01
6.488328576087951660e-01
6.488395929336547852e-01
6.488469839096069336e-01
6.488551497459411621e-01
6.488637328147888184e-01
6.488721966743469238e-01
6.488804221153259277e-01
6.488884091377258301e-01
6.488963961601257324e-01
6.489045023918151855e-01
6.489129066467285156e-01
6.489215493202209473e-01
6.489305496215820312e-01
6.489396095275878906e-01
6.489488482475280762e-01
6.489580869674682617e-01
6.489675641059875488e-01
6.489770412445068359e-01
6.489866971969604492e-01
6.489965319633483887e-01
6.490067243576049805e-01
6.490172147750854492e-01
6.490278840065002441e-01
6.490387916564941406e-01
6.490497589111328125e-01
6.490609049797058105e-01
6.490722298622131348e-01
6.490838527679443359e-01
6.490958333015441895e-01
6.491079926490783691e-01
6.491203308105468750e-01
6.491328477859497070e-01
6.491454839706420898e-01
6.491583585739135742e-01
6.491714715957641602e-01
6.491848230361938477e-01
6.491984128952026367e-01
6.492121815681457520e-01
6.492262482643127441e-01
6.492404341697692871e-01
6.492548584938049316e-01
6.492695212364196777e-01
6.492844223976135254e-01
6.492995619773864746e-01
6.493148803710937500e-01
6.493304371833801270e-01
6.493461728096008301e-01
6.493621468544006348e-01
6.493782997131347656e-01
6.493946313858032227e-01
6.494112014770507812e-01
6.494279503822326660e-01
6.494448781013488770e-01
6.494619250297546387e-01
6.494792699813842773e-01
6.494966745376586914e-01
6.495142579078674316e-01
6.495320200920104980e-01
6.495499610900878906e-01
6.495680809020996094e-01
6.495863199234008789e-01
6.496046781539916992e-01
6.496232151985168457e-01
6.496418714523315430e-01
6.496607065200805664e-01
6.496796607971191406e-01
6.496986746788024902e-01
6.497178673744201660e-01
6.497371792793273926e-01
6.497565507888793945e-01
6.497761011123657227e-01
6.497957110404968262e-01
6.498154401779174805e-01
6.498352885246276855e-01
6.498551964759826660e-01
6.498751640319824219e-01
6.498952507972717285e-01
6.499153971672058105e-01
6.499355435371398926e-01
6.499558091163635254e-01
6.499761343002319336e-01
6.499965190887451172e-01
6.500168442726135254e-01
6.500373482704162598e-01
6.500577926635742188e-01
6.500782370567321777e-01
6.500988602638244629e-01
6.501197814941406250e-01
6.501408815383911133e-01
6.501621603965759277e-01
6.501835584640502930e-01
6.502048969268798828e-01
6.502263545989990234e-01
6.502478718757629395e-01
6.502695083618164062e-01
6.502911448478698730e-01
6.503210067749023438e-01
6.503526568412780762e-01
6.503973007202148438e-01
6.504399776458740234e-01
6.504781246185302734e-01
6.505128145217895508e-01
6.505458354949951172e-01
6.505780220031738281e-01
6.506081819534301758e-01
6.506337523460388184e-01
6.506507396697998047e-01
6.506598591804504395e-01
6.506642699241638184e-01
6.506655216217041016e-01
6.506659984588623047e-01
6.506680846214294434e-01
6.506729722023010254e-01
6.506956815719604492e-01
6.507179141044616699e-01
6.507598757743835449e-01
6.507958173751831055e-01
6.508241891860961914e-01
6.508499383926391602e-01
6.508771777153015137e-01
6.509053111076354980e-01
6.509301662445068359e-01
6.509479880332946777e-01
6.509577035903930664e-01
6.509652733802795410e-01
6.509782075881958008e-01
6.510111093521118164e-01
6.510414481163024902e-01
6.510614156723022461e-01
6.510742306709289551e-01
6.510878205299377441e-01
6.511062979698181152e-01
6.511259078979492188e-01
6.511397361755371094e-01
6.511443853378295898e-01
6.511417627334594727e-01
6.511365771293640137e-01
6.511332392692565918e-01
6.511339545249938965e-01
6.511715054512023926e-01
6.512122750282287598e-01
6.512348055839538574e-01
6.512432694435119629e-01
6.512528061866760254e-01
6.512719988822937012e-01
6.512951850891113281e-01
6.513194441795349121e-01
6.513184905052185059e-01
6.513422727584838867e-01
6.513667702674865723e-01
6.513803601264953613e-01
6.513832807540893555e-01
6.513848304748535156e-01
6.513908505439758301e-01
6.513978242874145508e-01
6.513993740081787109e-01
6.513934731483459473e-01
6.513828039169311523e-01
6.513722538948059082e-01
6.513763666152954102e-01
6.514000892639160156e-01
6.514354348182678223e-01
6.514413356781005859e-01
6.514309048652648926e-01
6.514303684234619141e-01
6.514457464218139648e-01
6.514917612075805664e-01
6.514611840248107910e-01
6.514827013015747070e-01
6.515035629272460938e-01
6.515089273452758789e-01
6.515033245086669922e-01
6.515008807182312012e-01
6.515040993690490723e-01
6.515049934387207031e-01
6.514969468116760254e-01
6.514818072319030762e-01
6.514673829078674316e-01
6.514571905136108398e-01
6.514496207237243652e-01
6.514594554901123047e-01
6.514800786972045898e-01
6.515039205551147461e-01
6.514989733695983887e-01
6.514902710914611816e-01
6.514983773231506348e-01
6.515123248100280762e-01
6.515269875526428223e-01
6.515140533447265625e-01
6.515513658523559570e-01
6.515680551528930664e-01
6.515513062477111816e-01
6.515348553657531738e-01
6.515380144119262695e-01
6.515443325042724609e-01
6.515333056449890137e-01
6.515093445777893066e-01
6.514897346496582031e-01
6.514794826507568359e-01
6.514706611633300781e-01
6.514585018157958984e-01
6.514808535575866699e-01
6.514754891395568848e-01
6.514942049980163574e-01
6.514884233474731445e-01
6.514813899993896484e-01
6.514889001846313477e-01
6.514964699745178223e-01
6.514905095100402832e-01
6.514775753021240234e-01
6.514698863029479980e-01
6.514663100242614746e-01
6.514602303504943848e-01
6.514586210250854492e-01
6.514830589294433594e-01
6.514973044395446777e-01
6.514829993247985840e-01
6.514759063720703125e-01
6.514856219291687012e-01
6.514875888824462891e-01
6.514720320701599121e-01
6.514562368392944336e-01
6.514496803283691406e-01
6.514437198638916016e-01
6.514331102371215820e-01
6.514335274696350098e-01
6.514478921890258789e-01
6.514617204666137695e-01
6.514477729797363281e-01
6.514393687248229980e-01
6.514467597007751465e-01
6.514508724212646484e-01
6.514318585395812988e-01
6.514184474945068359e-01
6.514132022857666016e-01
6.514088511466979980e-01
6.513957977294921875e-01
6.513880491256713867e-01
6.514257788658142090e-01
6.514059901237487793e-01
6.514393687248229980e-01
6.514160037040710449e-01
6.513964533805847168e-01
6.514100432395935059e-01
6.514165997505187988e-01
6.513927578926086426e-01
6.513773202896118164e-01
6.513744592666625977e-01
6.513695716857910156e-01
6.513538360595703125e-01
6.513459086418151855e-01
6.513474583625793457e-01
6.513590812683105469e-01
6.513926982879638672e-01
6.513636112213134766e-01
6.513471007347106934e-01
6.513587832450866699e-01
6.513610482215881348e-01
6.513403654098510742e-01
6.513281464576721191e-01
6.513249874114990234e-01
6.513155698776245117e-01
6.513028740882873535e-01
6.512970924377441406e-01
6.512938737869262695e-01
6.512833237648010254e-01
6.512757539749145508e-01
6.512702107429504395e-01
6.512680053710937500e-01
6.512600779533386230e-01
6.512801647186279297e-01
6.512902975082397461e-01
6.513097882270812988e-01
6.512907743453979492e-01
6.512843370437622070e-01
6.513020396232604980e-01
6.512922048568725586e-01
6.512719988822937012e-01
6.512728333473205566e-01
6.512637138366699219e-01
6.512497663497924805e-01
6.512430310249328613e-01
6.512402892112731934e-01
6.512242555618286133e-01
6.512147188186645508e-01
6.512092947959899902e-01
6.512004137039184570e-01
6.511940360069274902e-01
6.511897444725036621e-01
6.511875391006469727e-01
6.511830687522888184e-01
6.511805653572082520e-01
6.511783599853515625e-01
6.511769294738769531e-01
6.511740684509277344e-01
6.511725783348083496e-01
6.511754989624023438e-01
6.512264609336853027e-01
6.512375473976135254e-01
6.511869430541992188e-01
6.511967778205871582e-01
6.512213945388793945e-01
6.511873006820678711e-01
6.511731743812561035e-01
6.511775851249694824e-01
6.511612534523010254e-01
6.511444449424743652e-01
6.511465907096862793e-01
6.511352658271789551e-01
6.511191129684448242e-01
6.511126160621643066e-01
6.511042714118957520e-01
6.510941386222839355e-01
6.510917544364929199e-01
6.510879397392272949e-01
6.510822772979736328e-01
6.510796546936035156e-01
6.510769128799438477e-01
6.510738730430603027e-01
6.510728597640991211e-01
6.510714888572692871e-01
6.510694622993469238e-01
6.510675549507141113e-01
6.510655879974365234e-01
6.510628461837768555e-01
6.510605216026306152e-01
6.510571837425231934e-01
6.510537266731262207e-01
6.510505676269531250e-01
6.510474085807800293e-01
6.510434150695800781e-01
6.510395407676696777e-01
6.510353684425354004e-01
6.510310173034667969e-01
6.510270237922668457e-01
6.510232686996459961e-01
6.510192751884460449e-01
6.510148048400878906e-01
6.510105729103088379e-01
6.510066986083984375e-01
6.510034799575805664e-01
6.509999036788940430e-01
6.509966254234313965e-01
6.509924530982971191e-01
6.509882807731628418e-01
6.509843468666076660e-01
6.509807705879211426e-01
6.509771347045898438e-01
6.509735584259033203e-01
6.509695053100585938e-01
6.509652137756347656e-01
6.509612798690795898e-01
6.509572863578796387e-01
6.509533524513244629e-01
6.509497761726379395e-01
6.509457230567932129e-01
6.509419679641723633e-01
6.509386301040649414e-01
6.509347558021545410e-01
6.509310603141784668e-01
6.509270668029785156e-01
6.509231328964233398e-01
6.509194970130920410e-01
6.509160399436950684e-01
6.509123444557189941e-01
6.509084105491638184e-01
6.509041190147399902e-01
6.509002447128295898e-01
6.508966088294982910e-01
6.508930325508117676e-01
6.508892774581909180e-01
6.508854031562805176e-01
6.508813500404357910e-01
6.508774757385253906e-01
6.508738994598388672e-01
6.508703827857971191e-01
6.508666872978210449e-01
6.508629322052001953e-01
6.508589386940002441e-01
6.508551239967346191e-01
6.508514285087585449e-01
6.508479118347167969e-01
6.508442759513854980e-01
6.508404612541198730e-01
6.508364677429199219e-01
6.508325934410095215e-01
6.508289575576782227e-01
6.508253812789916992e-01
6.508218050003051758e-01
6.508179903030395508e-01
6.508142352104187012e-01
6.508104801177978516e-01
6.508067846298217773e-01
6.508032083511352539e-01
6.507996320724487305e-01
6.507959961891174316e-01
6.507924199104309082e-01
6.507889032363891602e-01
6.507853865623474121e-01
6.507819294929504395e-01
6.507779359817504883e-01
6.507742404937744141e-01
6.507705450057983398e-01
6.507671475410461426e-01
6.507636904716491699e-01
6.507602930068969727e-01
6.507562398910522461e-01
6.507525444030761719e-01
6.507490277290344238e-01
6.507459878921508789e-01
6.507427692413330078e-01
6.507390737533569336e-01
6.507351994514465332e-01
6.507313847541809082e-01
6.507279276847839355e-01
6.507247686386108398e-01
6.507212519645690918e-01
6.507176160812377930e-01
6.507138609886169434e-01
6.507104635238647461e-01
6.507071852684020996e-01
6.507038474082946777e-01
6.507002115249633789e-01
6.506963968276977539e-01
6.506928801536560059e-01
6.506894230842590332e-01
6.506862044334411621e-01
6.506827473640441895e-01
6.506791710853576660e-01
6.506756544113159180e-01
6.506722569465637207e-01
6.506691575050354004e-01
6.506658792495727539e-01
6.506627202033996582e-01
6.506596803665161133e-01
6.506568789482116699e-01
6.506541967391967773e-01
6.506512165069580078e-01
6.506481766700744629e-01
6.506449580192565918e-01
6.506416201591491699e-01
6.506382822990417480e-01
6.506348848342895508e-01
6.506313681602478027e-01
6.506278514862060547e-01
6.506243944168090820e-01
6.506210565567016602e-01
6.506176590919494629e-01
6.506143808364868164e-01
6.506109833717346191e-01
6.506076455116271973e-01
6.506043076515197754e-01
6.506009697914123535e-01
6.505976319313049316e-01
6.505943536758422852e-01
6.505910754203796387e-01
6.505877971649169922e-01
6.505846381187438965e-01
6.505814194679260254e-01
6.505783200263977051e-01
6.505752205848693848e-01
6.505721211433410645e-01
6.505690217018127441e-01
6.505658030509948730e-01
6.505626440048217773e-01
6.505594253540039062e-01
6.505562067031860352e-01
6.505529284477233887e-01
6.505497097969055176e-01
6.505464911460876465e-01
6.505433320999145508e-01
6.505402922630310059e-01
6.505371928215026855e-01
6.505341529846191406e-01
6.505311727523803711e-01
6.505281329154968262e-01
6.505252122879028320e-01
6.505220532417297363e-01
6.505189538002014160e-01
6.505157947540283203e-01
6.505127549171447754e-01
6.505095958709716797e-01
6.505065560340881348e-01
6.505034565925598145e-01
6.505004763603210449e-01
6.504974961280822754e-01
6.504946351051330566e-01
6.504917144775390625e-01
6.504888534545898438e-01
6.504858732223510742e-01
6.504830121994018555e-01
6.504800319671630859e-01
6.504769921302795410e-01
6.504740118980407715e-01
6.504710912704467773e-01
6.504679918289184570e-01
6.504650712013244629e-01
6.504620909690856934e-01
6.504592299461364746e-01
6.504564285278320312e-01
6.504536271095275879e-01
6.504508256912231445e-01
6.504481434822082520e-01
6.504452824592590332e-01
6.504424810409545898e-01
6.504396796226501465e-01
6.504368185997009277e-01
6.504341959953308105e-01
6.504320502281188965e-01
6.504300832748413086e-01
6.504283547401428223e-01
6.504266858100891113e-01
6.504251956939697266e-01
6.504236459732055664e-01
6.504220962524414062e-01
6.504203677177429199e-01
6.504185199737548828e-01
6.504164338111877441e-01
6.504142880439758301e-01
6.504118442535400391e-01
6.504093408584594727e-01
6.504064798355102539e-01
6.504036784172058105e-01
6.504005789756774902e-01
6.503976583480834961e-01
6.503946781158447266e-01
6.503916978836059570e-01
6.503887176513671875e-01
6.503858566284179688e-01
6.503829956054687500e-01
6.503802537918090820e-01
6.503775119781494141e-01
6.503748297691345215e-01
6.503721475601196289e-01
6.503694653511047363e-01
6.503668427467346191e-01
6.503642201423645020e-01
6.503615379333496094e-01
6.503590941429138184e-01
6.503564715385437012e-01
6.503540873527526855e-01
6.503515243530273438e-01
6.503491401672363281e-01
6.503467559814453125e-01
6.503444314002990723e-01
6.503419280052185059e-01
6.503395438194274902e-01
6.503371000289916992e-01
6.503345966339111328e-01
6.503320932388305664e-01
6.503295898437500000e-01
6.503270268440246582e-01
6.503245234489440918e-01
6.503219604492187500e-01
6.503195762634277344e-01
6.503170728683471680e-01
6.503147482872009277e-01
6.503123641014099121e-01
6.503100991249084473e-01
6.503077149391174316e-01
6.503055095672607422e-01
6.503031253814697266e-01
6.503007411956787109e-01
6.502983570098876953e-01
6.502960324287414551e-01
6.502935290336608887e-01
6.502912044525146484e-01
6.502887606620788574e-01
6.502864360809326172e-01
6.502840518951416016e-01
6.502819061279296875e-01
6.502795815467834473e-01
6.502775549888610840e-01
6.502752900123596191e-01
6.502731442451477051e-01
6.502709388732910156e-01
6.502686738967895508e-01
6.502664685249328613e-01
6.502642035484313965e-01
6.502618789672851562e-01
6.502596735954284668e-01
6.502572894096374512e-01
6.502551436424255371e-01
6.502528190612792969e-01
6.502507328987121582e-01
6.502485871315002441e-01
6.502465009689331055e-01
6.502444148063659668e-01
6.502424478530883789e-01
6.502403020858764648e-01
6.502382755279541016e-01
6.502361893653869629e-01
6.502340435981750488e-01
6.502317786216735840e-01
6.502296924591064453e-01
6.502274274826049805e-01
6.502254009246826172e-01
6.502229571342468262e-01
6.501801013946533203e-01
6.501081585884094238e-01
6.500128507614135742e-01
6.499067544937133789e-01
6.498219370841979980e-01
6.498821377754211426e-01
6.498831510543823242e-01
6.498530507087707520e-01
6.498183608055114746e-01
6.498322486877441406e-01
6.498091816902160645e-01
6.498077511787414551e-01
6.497937440872192383e-01
6.497792601585388184e-01
6.497762203216552734e-01
6.497797966003417969e-01
6.497519016265869141e-01
6.497973203659057617e-01
6.497972011566162109e-01
6.497640013694763184e-01
6.497690677642822266e-01
6.497688293457031250e-01
6.497250795364379883e-01
6.497272849082946777e-01
6.497540473937988281e-01
6.497377753257751465e-01
6.496964097023010254e-01
6.497957706451416016e-01
6.497794985771179199e-01
6.497304439544677734e-01
6.497238278388977051e-01
6.497613787651062012e-01
6.497290730476379395e-01
6.496781110763549805e-01
6.497530937194824219e-01
6.497674584388732910e-01
6.497015357017517090e-01
6.496741771697998047e-01
6.497026085853576660e-01
6.496838927268981934e-01
6.496430635452270508e-01
6.496354341506958008e-01
6.496661305427551270e-01
6.496150493621826172e-01
6.496838927268981934e-01
6.497020125389099121e-01
6.496652960777282715e-01
6.495938897132873535e-01
6.495911478996276855e-01
6.496390104293823242e-01
6.495876908302307129e-01
6.496406793594360352e-01
6.496658325195312500e-01
6.496257185935974121e-01
6.495561003684997559e-01
6.495636701583862305e-01
6.496161818504333496e-01
6.496149301528930664e-01
6.495660543441772461e-01
6.495867967605590820e-01
6.496004462242126465e-01
6.495406627655029297e-01
6.495473980903625488e-01
6.495473980903625488e-01
6.495481729507446289e-01
6.495189070701599121e-01
6.495453119277954102e-01
6.495203971862792969e-01
6.494987010955810547e-01
6.494824290275573730e-01
6.495147347450256348e-01
6.494866609573364258e-01
6.494566798210144043e-01
6.494969129562377930e-01
6.494866609573364258e-01
6.495297551155090332e-01
6.495422720909118652e-01
6.494999527931213379e-01
6.494231820106506348e-01
6.496201753616333008e-01
6.496031880378723145e-01
6.495206952095031738e-01
6.494650244712829590e-01
6.495337486267089844e-01
6.495123505592346191e-01
6.494516134262084961e-01
6.494693160057067871e-01
6.494442224502563477e-01
6.493818163871765137e-01
6.493836641311645508e-01
6.493613719940185547e-01
6.493740081787109375e-01
6.493421792984008789e-01
