3.485872268676757812e+00
3.419884443283081055e+00
3.359172821044921875e+00
3.302925586700439453e+00
3.250945091247558594e+00
3.197165012359619141e+00
3.144910335540771484e+00
3.096774816513061523e+00
3.054301261901855469e+00
3.017309665679931641e+00
2.983658790588378906e+00
2.953253746032714844e+00
2.931334733963012695e+00
2.914643526077270508e+00
2.901650190353393555e+00
2.891177415847778320e+00
2.883070468902587891e+00
2.876729488372802734e+00
2.871805429458618164e+00
2.868018388748168945e+00
2.865132093429565430e+00
2.862936973571777344e+00
2.861246585845947266e+00
2.859899282455444336e+00
2.858762979507446289e+00
2.857738256454467773e+00
2.856761217117309570e+00
2.855799674987792969e+00
2.854847192764282227e+00
2.853913545608520508e+00
2.853017091751098633e+00
2.852178335189819336e+00
2.851409673690795898e+00
2.850714445114135742e+00
2.850120544433593750e+00
2.849416017532348633e+00
2.850053310394287109e+00
2.849154233932495117e+00
2.848588466644287109e+00
2.847596645355224609e+00
2.846539735794067383e+00
2.845416545867919922e+00
2.844227790832519531e+00
2.842825889587402344e+00
2.842210054397583008e+00
2.840550899505615234e+00
2.838661193847656250e+00
2.835742473602294922e+00
2.835536003112792969e+00
2.833018779754638672e+00
2.829041242599487305e+00
2.826976537704467773e+00
2.825901031494140625e+00
2.822881937026977539e+00
2.823769569396972656e+00
2.821261882781982422e+00
2.817300081253051758e+00
2.813229322433471680e+00
2.809552192687988281e+00
2.806242227554321289e+00
2.803451776504516602e+00
2.800999164581298828e+00
2.798904895782470703e+00
2.797015666961669922e+00
2.795190811157226562e+00
2.793508291244506836e+00
2.792115688323974609e+00
2.790854692459106445e+00
2.789430856704711914e+00
2.787939786911010742e+00
2.786395311355590820e+00
2.784976482391357422e+00
2.783610582351684570e+00
2.782381772994995117e+00
2.781988143920898438e+00
2.779570102691650391e+00
2.775600194931030273e+00
2.770919322967529297e+00
2.773676872253417969e+00
2.744423151016235352e+00
2.712636232376098633e+00
2.674627780914306641e+00
2.644704341888427734e+00
2.624720096588134766e+00
2.612106084823608398e+00
2.605744838714599609e+00
2.603534936904907227e+00
2.603660821914672852e+00
2.605894804000854492e+00
2.608049869537353516e+00
2.610096216201782227e+00
2.612736940383911133e+00
2.615822076797485352e+00
2.618676662445068359e+00
2.620778322219848633e+00
2.621698856353759766e+00
2.621083498001098633e+00
2.618906736373901367e+00
2.615648746490478516e+00
2.611481189727783203e+00
2.605052709579467773e+00
2.598358392715454102e+00
2.592555046081542969e+00
2.587721586227416992e+00
2.584116220474243164e+00
2.582321643829345703e+00
2.578561544418334961e+00
2.578620433807373047e+00
2.601139545440673828e+00
2.696938276290893555e+00
2.590701818466186523e+00
2.571091175079345703e+00
2.573167800903320312e+00
2.572418689727783203e+00
2.573950767517089844e+00
2.582575321197509766e+00
2.598112106323242188e+00
2.595841407775878906e+00
2.594274282455444336e+00
2.594303846359252930e+00
2.594519853591918945e+00
2.593884944915771484e+00
2.593357563018798828e+00
2.593455553054809570e+00
2.593391180038452148e+00
2.592859983444213867e+00
2.591849803924560547e+00
2.590690374374389648e+00
2.589736700057983398e+00
2.589352130889892578e+00
2.588583946228027344e+00
2.587890625000000000e+00
2.587554931640625000e+00
2.587382555007934570e+00
2.587275028228759766e+00
2.587207317352294922e+00
2.587183475494384766e+00
2.587213516235351562e+00
2.587280988693237305e+00
2.587438344955444336e+00
2.587241888046264648e+00
2.587192296981811523e+00
2.587157011032104492e+00
2.587116479873657227e+00
2.586893558502197266e+00
2.586549997329711914e+00
2.586404800415039062e+00
2.586144924163818359e+00
2.585729837417602539e+00
2.585160255432128906e+00
2.584457874298095703e+00
2.583660125732421875e+00
2.583000183105468750e+00
2.582524776458740234e+00
2.582073450088500977e+00
2.581976652145385742e+00
2.581698417663574219e+00
2.581193685531616211e+00
2.580957889556884766e+00
2.580768585205078125e+00
2.580543518066406250e+00
2.580280780792236328e+00
2.580048084259033203e+00
2.579880475997924805e+00
2.579718589782714844e+00
2.579551458358764648e+00
2.579625844955444336e+00
2.579225063323974609e+00
2.579013347625732422e+00
2.578745365142822266e+00
2.579959869384765625e+00
2.578715324401855469e+00
2.577809810638427734e+00
2.577496767044067383e+00
2.577172279357910156e+00
2.576879024505615234e+00
2.576611757278442383e+00
2.576326131820678711e+00
2.576009273529052734e+00
2.575656890869140625e+00
2.574406862258911133e+00
2.569911241531372070e+00
2.594922304153442383e+00
2.577244997024536133e+00
2.581503152847290039e+00
2.581923723220825195e+00
2.582519292831420898e+00
2.582951545715332031e+00
2.583338260650634766e+00
2.583771944046020508e+00
2.584331512451171875e+00
2.584889888763427734e+00
2.585368394851684570e+00
2.585462331771850586e+00
2.585177898406982422e+00
2.584478378295898438e+00
2.583420515060424805e+00
2.582268953323364258e+00
2.580721855163574219e+00
2.579142093658447266e+00
2.577756881713867188e+00
2.576568841934204102e+00
2.575627803802490234e+00
2.574935913085937500e+00
2.574508428573608398e+00
2.574278593063354492e+00
2.574179887771606445e+00
2.574219465255737305e+00
2.574361085891723633e+00
2.574543476104736328e+00
2.574763536453247070e+00
2.574992656707763672e+00
2.575203418731689453e+00
2.575347661972045898e+00
2.575435876846313477e+00
2.575477123260498047e+00
2.575436115264892578e+00
2.575394868850708008e+00
2.575236320495605469e+00
2.575219154357910156e+00
2.574912548065185547e+00
2.574731588363647461e+00
2.574629783630371094e+00
2.576021909713745117e+00
2.574556350708007812e+00
2.574681997299194336e+00
2.574947595596313477e+00
2.575251102447509766e+00
2.575289487838745117e+00
2.575093030929565430e+00
2.574758052825927734e+00
2.574395179748535156e+00
2.574104309082031250e+00
2.573961257934570312e+00
2.573833227157592773e+00
2.573864936828613281e+00
2.573972940444946289e+00
2.574110031127929688e+00
2.574236392974853516e+00
2.574525356292724609e+00
2.574540138244628906e+00
2.574513673782348633e+00
2.574484348297119141e+00
2.574372291564941406e+00
2.574368715286254883e+00
2.574157953262329102e+00
2.574015855789184570e+00
2.574100494384765625e+00
2.573666572570800781e+00
2.573476314544677734e+00
2.573288917541503906e+00
2.573298692703247070e+00
2.572998285293579102e+00
2.572902679443359375e+00
2.572823286056518555e+00
2.572785377502441406e+00
2.572778463363647461e+00
2.572767019271850586e+00
2.572803497314453125e+00
2.572813749313354492e+00
2.572781801223754883e+00
2.572733402252197266e+00
2.572684764862060547e+00
2.572628259658813477e+00
2.572568893432617188e+00
2.572526693344116211e+00
2.572508096694946289e+00
2.572508335113525391e+00
2.572526216506958008e+00
2.572564840316772461e+00
2.572631359100341797e+00
2.572730064392089844e+00
2.572694540023803711e+00
2.572591543197631836e+00
2.572528362274169922e+00
2.572671413421630859e+00
2.572360515594482422e+00
2.572313547134399414e+00
2.572263956069946289e+00
2.572194337844848633e+00
2.572176218032836914e+00
2.572209835052490234e+00
2.572176933288574219e+00
2.572181224822998047e+00
2.572185754776000977e+00
2.572171211242675781e+00
2.572144269943237305e+00
2.572115659713745117e+00
2.572083473205566406e+00
2.572048902511596680e+00
2.572017908096313477e+00
2.571988582611083984e+00
2.571957588195800781e+00
2.571927547454833984e+00
2.571916818618774414e+00
2.571860551834106445e+00
2.571824550628662109e+00
2.571781873703002930e+00
2.571745634078979492e+00
2.571715831756591797e+00
2.571684837341308594e+00
2.571656465530395508e+00
2.571628808975219727e+00
2.571596384048461914e+00
2.571572780609130859e+00
2.571511030197143555e+00
2.571465015411376953e+00
2.571422100067138672e+00
2.571419954299926758e+00
2.571470022201538086e+00
2.571318626403808594e+00
2.571286201477050781e+00
2.571236371994018555e+00
2.571076869964599609e+00
2.570997238159179688e+00
2.570973634719848633e+00
2.570972681045532227e+00
2.570965528488159180e+00
2.570965051651000977e+00
2.570904970169067383e+00
2.570813417434692383e+00
2.570711851119995117e+00
2.570591449737548828e+00
2.570484399795532227e+00
2.570383787155151367e+00
2.570302009582519531e+00
2.570240736007690430e+00
2.570194482803344727e+00
2.570163488388061523e+00
2.570136308670043945e+00
2.570113658905029297e+00
2.570091724395751953e+00
2.570068359375000000e+00
2.570065498352050781e+00
2.570007801055908203e+00
2.569969654083251953e+00
2.569945096969604492e+00
2.570072650909423828e+00
2.570169925689697266e+00
2.569897174835205078e+00
2.569973468780517578e+00
2.570060491561889648e+00
2.569897651672363281e+00
2.569767951965332031e+00
2.569808006286621094e+00
2.569794654846191406e+00
2.569771289825439453e+00
2.569868564605712891e+00
2.562224388122558594e+00
2.538393259048461914e+00
2.518374681472778320e+00
2.506469488143920898e+00
2.489228725433349609e+00
2.481229066848754883e+00
2.478273630142211914e+00
2.477514982223510742e+00
2.476699113845825195e+00
2.468355655670166016e+00
2.386433601379394531e+00
2.246231555938720703e+00
2.041326761245727539e+00
1.862568736076354980e+00
1.680986762046813965e+00
1.527764678001403809e+00
1.407621860504150391e+00
1.315873265266418457e+00
1.255508303642272949e+00
1.219489336013793945e+00
1.201124906539916992e+00
1.195035338401794434e+00
1.196753621101379395e+00
1.202954411506652832e+00
1.211146712303161621e+00
1.220219969749450684e+00
1.228608131408691406e+00
1.234870433807373047e+00
1.238982915878295898e+00
1.241535544395446777e+00
1.242926836013793945e+00
1.243313312530517578e+00
1.242643237113952637e+00
1.241010069847106934e+00
1.238843798637390137e+00
1.236110448837280273e+00
1.232944846153259277e+00
1.229909777641296387e+00
1.227322578430175781e+00
1.225224137306213379e+00
1.223686575889587402e+00
1.222706675529479980e+00
1.222126603126525879e+00
1.221864938735961914e+00
1.221923708915710449e+00
1.222224235534667969e+00
1.222637534141540527e+00
1.223058581352233887e+00
1.223405957221984863e+00
1.223616957664489746e+00
1.223664999008178711e+00
1.223586201667785645e+00
1.223433136940002441e+00
1.223243713378906250e+00
1.223043203353881836e+00
1.222841858863830566e+00
1.222642898559570312e+00
1.222463369369506836e+00
1.222323894500732422e+00
1.222229719161987305e+00
1.222167968750000000e+00
1.222116827964782715e+00
1.222055554389953613e+00
1.221978306770324707e+00
1.221890330314636230e+00
1.221796393394470215e+00
1.221982598304748535e+00
1.221401095390319824e+00
1.221343636512756348e+00
1.221339344978332520e+00
1.221362709999084473e+00
1.221465826034545898e+00
1.221678376197814941e+00
1.221969366073608398e+00
1.222252488136291504e+00
1.222462654113769531e+00
1.222575783729553223e+00
1.222567439079284668e+00
1.222423791885375977e+00
1.222154855728149414e+00
1.221781015396118164e+00
1.221343398094177246e+00
1.220892429351806641e+00
1.220473527908325195e+00
1.220119714736938477e+00
1.219851255416870117e+00
1.219679951667785645e+00
1.219614028930664062e+00
1.219646453857421875e+00
1.219754815101623535e+00
1.219908714294433594e+00
1.220082402229309082e+00
1.220256686210632324e+00
1.220414996147155762e+00
1.220541000366210938e+00
1.220621466636657715e+00
1.220652461051940918e+00
1.220641970634460449e+00
1.220596313476562500e+00
1.220521569252014160e+00
1.220468997955322266e+00
1.220188021659851074e+00
1.220234274864196777e+00
1.220297217369079590e+00
1.220389842987060547e+00
1.220551490783691406e+00
1.220809698104858398e+00
1.221101760864257812e+00
1.221371293067932129e+00
1.221594691276550293e+00
1.221713304519653320e+00
1.221665501594543457e+00
1.221442699432373047e+00
1.221085309982299805e+00
1.220646858215332031e+00
1.220180273056030273e+00
1.219730019569396973e+00
1.219333171844482422e+00
1.219041705131530762e+00
1.218881487846374512e+00
1.218847751617431641e+00
1.218915462493896484e+00
1.219061374664306641e+00
1.219265341758728027e+00
1.219498991966247559e+00
1.219727158546447754e+00
1.219923615455627441e+00
1.220076322555541992e+00
1.220178484916687012e+00
1.220225930213928223e+00
1.220221519470214844e+00
1.220177888870239258e+00
1.220109820365905762e+00
1.220029115676879883e+00
1.219943523406982422e+00
1.219862341880798340e+00
1.219793200492858887e+00
1.219736099243164062e+00
1.219681739807128906e+00
1.219625830650329590e+00
1.219605088233947754e+00
1.219620466232299805e+00
1.219656705856323242e+00
1.219686746597290039e+00
1.219720602035522461e+00
1.219758152961730957e+00
1.219786882400512695e+00
1.219788312911987305e+00
1.219761967658996582e+00
1.219732999801635742e+00
1.219714641571044922e+00
1.219704985618591309e+00
1.219692468643188477e+00
1.219680905342102051e+00
1.219672799110412598e+00
1.219671845436096191e+00
1.219686985015869141e+00
1.219715833663940430e+00
1.219744205474853516e+00
1.219754457473754883e+00
1.219761967658996582e+00
1.219782114028930664e+00
1.219808578491210938e+00
1.219822049140930176e+00
1.219818472862243652e+00
1.219804883003234863e+00
1.219789624214172363e+00
1.219782590866088867e+00
1.219782590866088867e+00
1.219781279563903809e+00
1.219766378402709961e+00
1.219753742218017578e+00
1.219759702682495117e+00
1.219779133796691895e+00
1.219794034957885742e+00
1.219796538352966309e+00
1.219790458679199219e+00
1.219784617424011230e+00
1.219787716865539551e+00
1.219797134399414062e+00
1.219802856445312500e+00
1.219792604446411133e+00
1.219782948493957520e+00
1.219787716865539551e+00
1.219800591468811035e+00
1.219804644584655762e+00
1.219780921936035156e+00
1.219760894775390625e+00
1.219761848449707031e+00
1.219776868820190430e+00
1.219782829284667969e+00
1.219825148582458496e+00
1.219867587089538574e+00
1.219865202903747559e+00
1.219806790351867676e+00
1.219961285591125488e+00
1.217630863189697266e+00
1.216315865516662598e+00
1.215279102325439453e+00
1.214252352714538574e+00
1.213402152061462402e+00
1.212670445442199707e+00
1.216503262519836426e+00
1.207623243331909180e+00
1.206719160079956055e+00
1.207089066505432129e+00
1.206755876541137695e+00
1.206858277320861816e+00
1.204478025436401367e+00
1.199764490127563477e+00
1.195361137390136719e+00
1.191596150398254395e+00
1.188022017478942871e+00
1.184472680091857910e+00
1.180825591087341309e+00
1.176979184150695801e+00
1.173308730125427246e+00
1.170188307762145996e+00
1.167542695999145508e+00
1.165404558181762695e+00
1.163693428039550781e+00
1.162238836288452148e+00
1.161067724227905273e+00
1.160258889198303223e+00
1.159794569015502930e+00
1.159625887870788574e+00
1.159657359123229980e+00
1.159748315811157227e+00
1.159889817237854004e+00
1.160139322280883789e+00
1.160503506660461426e+00
1.160946011543273926e+00
1.161399364471435547e+00
1.161768198013305664e+00
1.162062287330627441e+00
1.162348151206970215e+00
1.162637710571289062e+00
1.162902593612670898e+00
1.163101315498352051e+00
1.163210988044738770e+00
1.163250803947448730e+00
1.163248181343078613e+00
1.163213610649108887e+00
1.163145303726196289e+00
1.163037657737731934e+00
1.162900805473327637e+00
1.162686824798583984e+00
1.162382125854492188e+00
1.162048697471618652e+00
1.161730408668518066e+00
1.161450505256652832e+00
1.161223530769348145e+00
1.161071062088012695e+00
1.161016941070556641e+00
1.161080360412597656e+00
1.161269903182983398e+00
1.161478400230407715e+00
1.161673426628112793e+00
1.161845207214355469e+00
1.162065863609313965e+00
1.162310242652893066e+00
1.162526488304138184e+00
1.162660241127014160e+00
1.162767887115478516e+00
1.162850022315979004e+00
1.162906408309936523e+00
1.162886977195739746e+00
1.162857413291931152e+00
1.162799954414367676e+00
1.162752032279968262e+00
1.162738800048828125e+00
1.162673115730285645e+00
1.162595510482788086e+00
1.162563562393188477e+00
1.162450671195983887e+00
1.162377953529357910e+00
1.162320494651794434e+00
1.162293195724487305e+00
1.162286996841430664e+00
1.162232279777526855e+00
1.162184000015258789e+00
1.162146687507629395e+00
1.162139773368835449e+00
1.162107229232788086e+00
1.162024140357971191e+00
1.161985278129577637e+00
1.161989092826843262e+00
1.162024497985839844e+00
1.162066817283630371e+00
1.162068724632263184e+00
1.162057995796203613e+00
1.162036299705505371e+00
1.162014603614807129e+00
1.161984682083129883e+00
1.161937355995178223e+00
1.161907672882080078e+00
1.161904573440551758e+00
1.161914229393005371e+00
1.161924958229064941e+00
1.161920905113220215e+00
1.161907672882080078e+00
1.161902546882629395e+00
1.161884307861328125e+00
1.161841034889221191e+00
1.161796569824218750e+00
1.161775946617126465e+00
1.161772727966308594e+00
1.161789655685424805e+00
1.161763906478881836e+00
1.161711692810058594e+00
1.161683559417724609e+00
1.161682605743408203e+00
1.161705136299133301e+00
1.161720752716064453e+00
1.161707758903503418e+00
1.161688446998596191e+00
1.161669492721557617e+00
1.161643147468566895e+00
1.161621093750000000e+00
1.161609649658203125e+00
1.161606788635253906e+00
1.161608338356018066e+00
1.161605954170227051e+00
1.161599516868591309e+00
1.161603331565856934e+00
1.161582827568054199e+00
1.161549091339111328e+00
1.161526083946228027e+00
1.161514639854431152e+00
1.161522984504699707e+00
1.161534428596496582e+00
1.161525726318359375e+00
1.161516785621643066e+00
1.161517143249511719e+00
1.161518216133117676e+00
1.161527276039123535e+00
1.161502480506896973e+00
1.161450624465942383e+00
1.161424398422241211e+00
1.161413073539733887e+00
1.161423683166503906e+00
1.161431670188903809e+00
1.161414504051208496e+00
1.161404967308044434e+00
1.161409735679626465e+00
1.161417126655578613e+00
1.161421895027160645e+00
1.161426305770874023e+00
1.161383509635925293e+00
1.161345243453979492e+00
1.161331415176391602e+00
1.161317348480224609e+00
1.161322832107543945e+00
1.161326527595520020e+00
1.161312341690063477e+00
1.161310434341430664e+00
1.161319017410278320e+00
1.161325812339782715e+00
1.161329150199890137e+00
1.161323666572570801e+00
1.161318302154541016e+00
1.161296367645263672e+00
1.161260008811950684e+00
1.161237120628356934e+00
1.161222338676452637e+00
1.161225676536560059e+00
1.161232352256774902e+00
1.161224126815795898e+00
1.161221981048583984e+00
1.161228418350219727e+00
1.161237359046936035e+00
1.161245346069335938e+00
1.161242604255676270e+00
1.161236047744750977e+00
1.161232829093933105e+00
1.161228179931640625e+00
1.161231994628906250e+00
1.161196231842041016e+00
1.161149382591247559e+00
1.161130428314208984e+00
1.161115646362304688e+00
1.161124110221862793e+00
1.161128401756286621e+00
1.161117553710937500e+00
1.161120176315307617e+00
1.161128401756286621e+00
1.161141991615295410e+00
1.161149859428405762e+00
1.161142110824584961e+00
1.161137342453002930e+00
1.161136269569396973e+00
1.161132454872131348e+00
1.161125779151916504e+00
1.161112308502197266e+00
1.161109447479248047e+00
1.161079287528991699e+00
1.161041021347045898e+00
1.161023497581481934e+00
1.161010742187500000e+00
1.161019206047058105e+00
1.161022901535034180e+00
1.161018490791320801e+00
1.161024570465087891e+00
1.161031126976013184e+00
1.161045551300048828e+00
1.161053776741027832e+00
1.161049962043762207e+00
1.161049127578735352e+00
1.161046147346496582e+00
1.161044478416442871e+00
1.161038756370544434e+00
1.161026597023010254e+00
1.161018371582031250e+00
1.161011338233947754e+00
1.161017894744873047e+00
1.160985589027404785e+00
1.160945177078247070e+00
1.160928010940551758e+00
1.160919070243835449e+00
1.160931825637817383e+00
1.160926222801208496e+00
1.160920023918151855e+00
1.160924911499023438e+00
1.160933971405029297e+00
1.160950064659118652e+00
1.160942792892456055e+00
1.160816192626953125e+00
1.185496687889099121e+00
1.185786724090576172e+00
1.982255339622497559e+00
1.817633628845214844e+00
1.613849043846130371e+00
1.592790126800537109e+00
1.585919857025146484e+00
1.578568696975708008e+00
1.575374722480773926e+00
1.575878739356994629e+00
1.579288363456726074e+00
1.584563612937927246e+00
1.590583562850952148e+00
1.596341371536254883e+00
1.601080536842346191e+00
1.604341506958007812e+00
1.605936527252197266e+00
1.605893015861511230e+00
1.604384183883666992e+00
1.601661443710327148e+00
1.598098516464233398e+00
1.594052791595458984e+00
1.589770078659057617e+00
1.585465908050537109e+00
1.581316828727722168e+00
1.577458024024963379e+00
1.573986053466796875e+00
1.570957303047180176e+00
1.568389296531677246e+00
1.566176652908325195e+00
1.562012910842895508e+00
1.552478432655334473e+00
1.537480711936950684e+00
1.518930315971374512e+00
1.499586582183837891e+00
1.480577588081359863e+00
1.463402509689331055e+00
1.449063301086425781e+00
1.437423110008239746e+00
1.428334116935729980e+00
1.421486616134643555e+00
1.416498899459838867e+00
1.412962436676025391e+00
1.410467267036437988e+00
1.408639669418334961e+00
1.406301259994506836e+00
1.403795838356018066e+00
1.401613831520080566e+00
1.398186087608337402e+00
1.394464373588562012e+00
1.392640948295593262e+00
1.390788555145263672e+00
1.390854835510253906e+00
1.389568209648132324e+00
1.389673471450805664e+00
1.389550924301147461e+00
1.389702558517456055e+00
1.390058755874633789e+00
1.390110850334167480e+00
1.388787150382995605e+00
1.393296480178833008e+00
1.388938784599304199e+00
1.389665007591247559e+00
1.389506459236145020e+00
1.388507723808288574e+00
1.387385487556457520e+00
1.386675715446472168e+00
1.386354088783264160e+00
1.386103868484497070e+00
1.385681033134460449e+00
1.385033965110778809e+00
1.384255170822143555e+00
1.383495450019836426e+00
1.382882475852966309e+00
1.382467508316040039e+00
1.382219195365905762e+00
1.382068395614624023e+00
1.381957888603210449e+00
1.381864190101623535e+00
1.381785273551940918e+00
1.381717443466186523e+00
1.381649017333984375e+00
1.381568074226379395e+00
1.381473064422607422e+00
1.381375312805175781e+00
1.381294727325439453e+00
1.381251215934753418e+00
1.381255507469177246e+00
1.381307840347290039e+00
1.381399512290954590e+00
1.381516695022583008e+00
1.381644368171691895e+00
1.381768226623535156e+00
1.381876945495605469e+00
1.381962299346923828e+00
1.382021069526672363e+00
1.382054090499877930e+00
1.382066845893859863e+00
1.382066845893859863e+00
1.382062196731567383e+00
1.382059454917907715e+00
1.382063269615173340e+00
1.382075548171997070e+00
1.382096052169799805e+00
1.382122516632080078e+00
1.382152080535888672e+00
1.382181644439697266e+00
1.382209062576293945e+00
1.382232308387756348e+00
1.382251143455505371e+00
1.382265925407409668e+00
1.382278442382812500e+00
1.382290124893188477e+00
1.382302641868591309e+00
1.382317185401916504e+00
1.382334351539611816e+00
1.382354497909545898e+00
1.382377624511718750e+00
1.382403016090393066e+00
1.382430076599121094e+00
1.382458329200744629e+00
1.382487416267395020e+00
1.382516860961914062e+00
1.382547020912170410e+00
1.382577776908874512e+00
1.382609128952026367e+00
1.382641553878784180e+00
1.382674813270568848e+00
1.382709503173828125e+00
1.382745623588562012e+00
1.382783055305480957e+00
1.382822155952453613e+00
1.382863044738769531e+00
1.382905602455139160e+00
1.382949829101562500e+00
1.382995963096618652e+00
1.383043289184570312e+00
1.383092522621154785e+00
1.383142709732055664e+00
1.383194088935852051e+00
1.383245944976806641e+00
1.383297801017761230e+00
1.383349657058715820e+00
1.383400440216064453e+00
1.383449316024780273e+00
1.383496046066284180e+00
1.383539319038391113e+00
1.383578777313232422e+00
1.383613228797912598e+00
1.383641958236694336e+00
1.383664608001708984e+00
1.383680701255798340e+00
1.384076714515686035e+00
1.383766412734985352e+00
1.383847594261169434e+00
1.383912205696105957e+00
1.383983016014099121e+00
1.384070515632629395e+00
1.384740948677062988e+00
1.384140133857727051e+00
1.384132385253906250e+00
1.384107112884521484e+00
1.384068608283996582e+00
1.384037613868713379e+00
1.384036779403686523e+00
1.384591698646545410e+00
1.384035825729370117e+00
1.384008884429931641e+00
1.383966684341430664e+00
1.383912563323974609e+00
1.383853435516357422e+00
1.383688092231750488e+00
1.381413102149963379e+00
1.375876188278198242e+00
1.368409991264343262e+00
1.360285520553588867e+00
1.352425098419189453e+00
1.345336675643920898e+00
1.339210152626037598e+00
1.334046006202697754e+00
1.329746127128601074e+00
1.326165318489074707e+00
1.323155999183654785e+00
1.320613861083984375e+00
1.318495869636535645e+00
1.316792964935302734e+00
1.315490365028381348e+00
1.314551353454589844e+00
1.313931822776794434e+00
1.313594579696655273e+00
1.313503146171569824e+00
1.313610792160034180e+00
1.313857078552246094e+00
1.314180850982666016e+00
1.314535975456237793e+00
1.314897656440734863e+00
1.315256476402282715e+00
1.315608263015747070e+00
1.315948128700256348e+00
1.316272258758544922e+00
1.316577911376953125e+00
1.316865086555480957e+00
1.317130684852600098e+00
1.317367911338806152e+00
1.317567944526672363e+00
1.317724823951721191e+00
1.317838430404663086e+00
1.317913293838500977e+00
1.317955613136291504e+00
1.317972183227539062e+00
1.317967891693115234e+00
1.317948460578918457e+00
1.317919731140136719e+00
1.317886471748352051e+00
1.317852377891540527e+00
1.317820191383361816e+00
1.317792057991027832e+00
1.317770361900329590e+00
1.317757606506347656e+00
1.317754983901977539e+00
1.317764163017272949e+00
1.317785501480102539e+00
1.317821383476257324e+00
1.317875146865844727e+00
1.317951917648315430e+00
