3.928657913208007812e+01
3.827897262573242188e+01
3.732313537597656250e+01
3.634424972534179688e+01
3.534128570556640625e+01
3.429776763916015625e+01
3.323080444335937500e+01
3.214603805541992188e+01
3.104424858093261719e+01
2.999330329895019531e+01
2.889495468139648438e+01
2.780541992187500000e+01
2.672143173217773438e+01
2.554263877868652344e+01
2.446785354614257812e+01
2.346621894836425781e+01
2.248117828369140625e+01
2.153340721130371094e+01
2.059732437133789062e+01
1.922761726379394531e+01
1.803568458557128906e+01
1.737508392333984375e+01
1.677253723144531250e+01
1.627281379699707031e+01
1.588285446166992188e+01
1.555329036712646484e+01
1.535139656066894531e+01
1.518204307556152344e+01
1.503421497344970703e+01
1.496303367614746094e+01
1.491399574279785156e+01
1.489212131500244141e+01
1.488178253173828125e+01
1.487340545654296875e+01
1.487563037872314453e+01
1.489260387420654297e+01
1.492078971862792969e+01
1.495306396484375000e+01
1.498153686523437500e+01
1.500421619415283203e+01
1.502453708648681641e+01
1.504473590850830078e+01
1.506417369842529297e+01
1.508048629760742188e+01
1.509113216400146484e+01
1.509563636779785156e+01
1.509577751159667969e+01
1.509342479705810547e+01
1.508917331695556641e+01
1.508257102966308594e+01
1.507385635375976562e+01
1.506323337554931641e+01
1.505013275146484375e+01
1.503487491607666016e+01
1.501866245269775391e+01
1.500356674194335938e+01
1.499112129211425781e+01
1.498117351531982422e+01
1.497252273559570312e+01
1.496456623077392578e+01
1.495706462860107422e+01
1.494959354400634766e+01
1.494213199615478516e+01
1.493572902679443359e+01
1.493152713775634766e+01
1.492943859100341797e+01
1.492908954620361328e+01
1.492945480346679688e+01
1.492884826660156250e+01
1.492669677734375000e+01
1.492452716827392578e+01
1.492398071289062500e+01
1.492517757415771484e+01
1.492775917053222656e+01
1.493063640594482422e+01
1.493184185028076172e+01
1.493048191070556641e+01
1.492826843261718750e+01
1.492721080780029297e+01
1.492767047882080078e+01
1.492946529388427734e+01
1.493165206909179688e+01
1.493219852447509766e+01
1.493001365661621094e+01
1.492683601379394531e+01
1.492481613159179688e+01
1.492437934875488281e+01
1.492539119720458984e+01
1.492704010009765625e+01
1.492736530303955078e+01
1.492504978179931641e+01
1.492163372039794922e+01
1.491927623748779297e+01
1.491847229003906250e+01
1.491916084289550781e+01
1.492069435119628906e+01
1.492124271392822266e+01
1.491928577423095703e+01
1.491610336303710938e+01
1.491383838653564453e+01
1.491303825378417969e+01
1.491368579864501953e+01
1.491527175903320312e+01
1.491615867614746094e+01
1.491470336914062500e+01
1.491187667846679688e+01
1.490974998474121094e+01
1.490893077850341797e+01
1.490946483612060547e+01
1.491097545623779297e+01
1.491203880310058594e+01
1.491097450256347656e+01
1.490843296051025391e+01
1.490638351440429688e+01
1.490549087524414062e+01
1.490584850311279297e+01
1.490718841552734375e+01
1.490830421447753906e+01
1.488133621215820312e+01
1.488102817535400391e+01
1.488261127471923828e+01
1.491047668457031250e+01
1.491724491119384766e+01
1.492159175872802734e+01
1.492207527160644531e+01
1.492636775970458984e+01
1.492513084411621094e+01
1.492266368865966797e+01
1.492035770416259766e+01
1.491870021820068359e+01
1.491770362854003906e+01
1.491656875610351562e+01
1.491418075561523438e+01
1.491076660156250000e+01
1.490705966949462891e+01
1.490362739562988281e+01
1.490107536315917969e+01
1.489949798583984375e+01
1.489831161499023438e+01
1.489689254760742188e+01
1.489519214630126953e+01
1.489375400543212891e+01
1.489291763305664062e+01
1.489236164093017578e+01
1.489178943634033203e+01
1.489138507843017578e+01
1.489107608795166016e+01
1.489065647125244141e+01
1.489041233062744141e+01
1.489047908782958984e+01
1.489047908782958984e+01
1.489022350311279297e+01
1.488988685607910156e+01
1.488980960845947266e+01
1.489011764526367188e+01
1.489037036895751953e+01
1.489020061492919922e+01
1.488986587524414062e+01
1.488947200775146484e+01
1.488914585113525391e+01
1.488893318176269531e+01
1.488866996765136719e+01
1.488851165771484375e+01
1.488668537139892578e+01
1.488937568664550781e+01
1.488985729217529297e+01
1.488985538482666016e+01
1.488927459716796875e+01
1.488818073272705078e+01
1.488734722137451172e+01
1.488743019104003906e+01
1.488824558258056641e+01
1.488942527770996094e+01
1.489071750640869141e+01
1.489145851135253906e+01
1.489105510711669922e+01
1.488993263244628906e+01
1.488889598846435547e+01
1.488824653625488281e+01
1.488794517517089844e+01
1.488792324066162109e+01
1.488795280456542969e+01
1.488790035247802734e+01
1.488774871826171875e+01
1.488738632202148438e+01
1.488684082031250000e+01
1.488624477386474609e+01
1.488578224182128906e+01
1.488552379608154297e+01
1.488527393341064453e+01
1.488486576080322266e+01
1.488432407379150391e+01
1.488383102416992188e+01
1.488348388671875000e+01
1.488318729400634766e+01
1.488286781311035156e+01
1.488248252868652344e+01
1.488212966918945312e+01
1.488188362121582031e+01
1.488157558441162109e+01
1.488112545013427734e+01
1.488060283660888672e+01
1.488017368316650391e+01
1.487991523742675781e+01
1.487968826293945312e+01
1.487937259674072266e+01
1.487895774841308594e+01
1.487857913970947266e+01
1.487832927703857422e+01
1.487806415557861328e+01
1.487769412994384766e+01
1.487724876403808594e+01
1.487687015533447266e+01
1.487663936614990234e+01
1.487640953063964844e+01
1.487606716156005859e+01
1.487563133239746094e+01
1.487525558471679688e+01
1.487503147125244141e+01
1.487480831146240234e+01
1.487447643280029297e+01
1.487405300140380859e+01
1.487368488311767578e+01
1.487346553802490234e+01
1.487324428558349609e+01
1.487290668487548828e+01
1.487248134613037109e+01
1.487211799621582031e+01
1.487191295623779297e+01
1.487170886993408203e+01
1.487138366699218750e+01
1.487096214294433594e+01
1.487060070037841797e+01
1.487039947509765625e+01
1.487019729614257812e+01
1.486987400054931641e+01
1.486945247650146484e+01
1.486909770965576172e+01
1.486890602111816406e+01
1.486871147155761719e+01
1.486839008331298828e+01
1.486796951293945312e+01
1.486761569976806641e+01
1.486742877960205078e+01
1.486724090576171875e+01
1.486692333221435547e+01
1.486660099029541016e+01
1.486630821228027344e+01
1.486609554290771484e+01
1.486595821380615234e+01
1.486576652526855469e+01
1.486557579040527344e+01
1.486543941497802734e+01
1.486521530151367188e+01
1.486487674713134766e+01
1.486461639404296875e+01
1.486443138122558594e+01
1.486433696746826172e+01
1.486426162719726562e+01
1.486412811279296875e+01
1.486389160156250000e+01
1.486348628997802734e+01
1.486310291290283203e+01
1.486284446716308594e+01
1.486262702941894531e+01
1.486237716674804688e+01
1.486216449737548828e+01
1.486193752288818359e+01
1.486172103881835938e+01
1.486147117614746094e+01
1.486116600036621094e+01
1.486082267761230469e+01
1.486038494110107422e+01
1.485999965667724609e+01
1.485974788665771484e+01
1.485951137542724609e+01
1.485920524597167969e+01
1.485894012451171875e+01
1.485876750946044922e+01
1.485871028900146484e+01
1.485875415802001953e+01
1.485884761810302734e+01
1.485893440246582031e+01
1.485893726348876953e+01
1.485878276824951172e+01
1.485858345031738281e+01
1.485839653015136719e+01
1.485816574096679688e+01
1.485782909393310547e+01
1.485747909545898438e+01
1.485715675354003906e+01
1.486275577545166016e+01
1.485744285583496094e+01
1.485776233673095703e+01
1.485775852203369141e+01
1.485722446441650391e+01
1.485621833801269531e+01
1.485568332672119141e+01
1.485606575012207031e+01
1.485680007934570312e+01
1.485722923278808594e+01
1.485788154602050781e+01
1.485784053802490234e+01
1.485653305053710938e+01
1.485586929321289062e+01
1.485613822937011719e+01
1.485038566589355469e+01
1.485092258453369141e+01
1.485539627075195312e+01
1.485346603393554688e+01
1.485155582427978516e+01
1.485015678405761719e+01
1.484897518157958984e+01
1.484800243377685547e+01
1.484667873382568359e+01
1.484481716156005859e+01
1.484278488159179688e+01
1.484082794189453125e+01
1.483911228179931641e+01
1.483759307861328125e+01
1.483611011505126953e+01
1.483421611785888672e+01
1.483181476593017578e+01
1.482956695556640625e+01
1.482765388488769531e+01
1.482570362091064453e+01
1.482313060760498047e+01
1.482055091857910156e+01
1.481835269927978516e+01
1.481623840332031250e+01
1.481387710571289062e+01
1.481166267395019531e+01
1.480978870391845703e+01
1.480785560607910156e+01
1.480562305450439453e+01
1.480363750457763672e+01
1.480213260650634766e+01
1.480062580108642578e+01
1.479877090454101562e+01
1.479714679718017578e+01
1.479604530334472656e+01
1.479501342773437500e+01
1.479371070861816406e+01
1.479266452789306641e+01
1.479211330413818359e+01
1.479154777526855469e+01
1.479063320159912109e+01
1.478996944427490234e+01
1.478979873657226562e+01
1.478955459594726562e+01
1.478886318206787109e+01
1.478836345672607422e+01
1.478833007812500000e+01
1.478820037841796875e+01
1.478758525848388672e+01
1.478713035583496094e+01
1.478711605072021484e+01
1.478696155548095703e+01
1.478628730773925781e+01
1.478577136993408203e+01
1.478570461273193359e+01
1.478548049926757812e+01
1.478470420837402344e+01
1.478408432006835938e+01
1.478394126892089844e+01
1.478364753723144531e+01
1.478278732299804688e+01
1.478208827972412109e+01
1.478189086914062500e+01
1.478154563903808594e+01
1.478061962127685547e+01
1.477986907958984375e+01
1.477965736389160156e+01
1.477930068969726562e+01
1.477832603454589844e+01
1.477755165100097656e+01
1.477738666534423828e+01
1.477707290649414062e+01
1.477606964111328125e+01
1.477531623840332031e+01
1.477531147003173828e+01
1.477511310577392578e+01
1.477402114868164062e+01
1.477330970764160156e+01
1.477372360229492188e+01
1.477365493774414062e+01
1.477201080322265625e+01
1.477150821685791016e+01
1.477333831787109375e+01
1.477209091186523438e+01
1.476791858673095703e+01
1.476834678649902344e+01
1.476317119598388672e+01
1.474781227111816406e+01
1.473700714111328125e+01
1.472580909729003906e+01
1.471197700500488281e+01
1.469992446899414062e+01
1.468948459625244141e+01
1.467986011505126953e+01
1.467047405242919922e+01
1.467008209228515625e+01
1.464768409729003906e+01
1.522045421600341797e+01
1.615440559387207031e+01
1.611840820312500000e+01
1.607386970520019531e+01
1.659698867797851562e+01
1.650941467285156250e+01
1.641070175170898438e+01
1.630543708801269531e+01
1.619795417785644531e+01
1.609171295166015625e+01
1.598753547668457031e+01
1.588625335693359375e+01
1.579011249542236328e+01
1.570072746276855469e+01
1.561917877197265625e+01
1.554609584808349609e+01
1.548174095153808594e+01
1.542608165740966797e+01
1.537885284423828125e+01
1.533961486816406250e+01
1.530780792236328125e+01
1.528277587890625000e+01
1.526381874084472656e+01
1.525021076202392578e+01
1.524122428894042969e+01
1.523614978790283203e+01
1.523431396484375000e+01
1.523508453369140625e+01
1.523788738250732422e+01
1.524220085144042969e+01
1.524757575988769531e+01
1.525361728668212891e+01
1.525999832153320312e+01
1.526644325256347656e+01
1.527273941040039062e+01
1.527872562408447266e+01
1.528427696228027344e+01
1.528931522369384766e+01
1.529379367828369141e+01
1.529769134521484375e+01
1.530101394653320312e+01
1.530377960205078125e+01
1.530602455139160156e+01
1.530779170989990234e+01
1.530912876129150391e+01
1.531008815765380859e+01
1.531072139739990234e+01
1.531108093261718750e+01
1.531121444702148438e+01
1.531116867065429688e+01
1.531098175048828125e+01
1.531069278717041016e+01
1.531033229827880859e+01
1.530992603302001953e+01
1.530949687957763672e+01
1.530906295776367188e+01
1.530864048004150391e+01
1.530823612213134766e+01
1.530785846710205078e+01
1.530751800537109375e+01
1.530720901489257812e+01
1.530693817138671875e+01
1.530670452117919922e+01
1.530650520324707031e+01
1.530633926391601562e+01
1.530620384216308594e+01
1.530609607696533203e+01
1.530601215362548828e+01
1.530595016479492188e+01
1.530590534210205078e+01
1.530587768554687500e+01
1.530586147308349609e+01
1.530585479736328125e+01
1.530585765838623047e+01
1.530586719512939453e+01
1.530588054656982422e+01
1.530589675903320312e+01
1.530591583251953125e+01
1.530593490600585938e+01
1.530595397949218750e+01
1.530597496032714844e+01
1.530599403381347656e+01
1.530601215362548828e+01
1.530602836608886719e+01
1.530604362487792969e+01
1.530605888366699219e+01
1.530607128143310547e+01
1.530608272552490234e+01
1.530609130859375000e+01
1.530609989166259766e+01
1.530610752105712891e+01
1.530611228942871094e+01
1.530611610412597656e+01
1.530611896514892578e+01
1.530612182617187500e+01
1.530612277984619141e+01
1.530612277984619141e+01
1.530612182617187500e+01
1.530612182617187500e+01
1.530611801147460938e+01
1.530611515045166016e+01
1.530611133575439453e+01
1.530610942840576172e+01
1.530610656738281250e+01
1.530610179901123047e+01
1.530609798431396484e+01
1.530609416961669922e+01
1.530609130859375000e+01
1.530608749389648438e+01
1.530608081817626953e+01
1.530607795715332031e+01
1.530607414245605469e+01
1.530607032775878906e+01
1.530606555938720703e+01
1.530606269836425781e+01
1.530605983734130859e+01
1.530605506896972656e+01
1.530605316162109375e+01
1.530604934692382812e+01
1.530604457855224609e+01
1.530604267120361328e+01
1.530604076385498047e+01
1.530603694915771484e+01
1.530603504180908203e+01
1.530603313446044922e+01
1.530603027343750000e+01
1.530602741241455078e+01
1.530602550506591797e+01
1.530602455139160156e+01
1.530602264404296875e+01
1.530602073669433594e+01
1.530601882934570312e+01
1.530601692199707031e+01
1.530601406097412109e+01
1.530601215362548828e+01
1.530601024627685547e+01
1.530600833892822266e+01
1.530600643157958984e+01
1.530600452423095703e+01
1.530600261688232422e+01
1.530600166320800781e+01
1.530599880218505859e+01
1.530599594116210938e+01
1.530599403381347656e+01
1.530599212646484375e+01
1.530599021911621094e+01
1.530599021911621094e+01
1.530598640441894531e+01
1.530598449707031250e+01
1.530598449707031250e+01
1.530598163604736328e+01
1.530597782135009766e+01
1.530597686767578125e+01
1.530597591400146484e+01
1.530597400665283203e+01
1.530597209930419922e+01
1.530597019195556641e+01
1.530596828460693359e+01
1.530596637725830078e+01
1.530596351623535156e+01
1.530596351623535156e+01
1.530595874786376953e+01
1.530595874786376953e+01
1.530595684051513672e+01
1.530595493316650391e+01
1.530595207214355469e+01
1.530595111846923828e+01
1.530594921112060547e+01
1.530594825744628906e+01
1.530594444274902344e+01
1.530594444274902344e+01
1.530594158172607422e+01
1.530594158172607422e+01
1.530593967437744141e+01
1.530593776702880859e+01
1.530593585968017578e+01
1.530593490600585938e+01
1.530593299865722656e+01
1.530593109130859375e+01
1.530593013763427734e+01
1.530592918395996094e+01
1.530592536926269531e+01
1.530592441558837891e+01
1.530592250823974609e+01
1.530592155456542969e+01
1.530591964721679688e+01
1.530591678619384766e+01
1.530591583251953125e+01
1.530591487884521484e+01
1.530591297149658203e+01
1.530591106414794922e+01
1.530590915679931641e+01
1.530590820312500000e+01
1.530590534210205078e+01
1.530590534210205078e+01
1.530590343475341797e+01
1.530590152740478516e+01
1.530590152740478516e+01
1.530589962005615234e+01
1.530589962005615234e+01
1.530589771270751953e+01
1.530589580535888672e+01
1.530589580535888672e+01
1.530589199066162109e+01
1.530589103698730469e+01
1.530588912963867188e+01
1.530588722229003906e+01
1.530588722229003906e+01
1.530588531494140625e+01
1.530588436126708984e+01
1.530588340759277344e+01
1.530588150024414062e+01
1.530588150024414062e+01
1.530587959289550781e+01
1.530587768554687500e+01
1.530587482452392578e+01
1.530587387084960938e+01
1.530587291717529297e+01
1.530587100982666016e+01
1.530586910247802734e+01
1.530586814880371094e+01
1.530586719512939453e+01
1.530586528778076172e+01
1.530586528778076172e+01
1.530586338043212891e+01
1.530586338043212891e+01
1.530586147308349609e+01
1.530586147308349609e+01
1.530585956573486328e+01
1.530585956573486328e+01
1.530585765838623047e+01
1.530585479736328125e+01
1.530585479736328125e+01
1.530585289001464844e+01
1.530585289001464844e+01
1.530585193634033203e+01
1.530585098266601562e+01
1.530584907531738281e+01
1.530584812164306641e+01
1.530584716796875000e+01
1.530584526062011719e+01
1.530584430694580078e+01
1.530584335327148438e+01
1.530584239959716797e+01
1.530584144592285156e+01
1.530583858489990234e+01
1.530583858489990234e+01
1.530583667755126953e+01
1.530583572387695312e+01
1.530583572387695312e+01
1.530583477020263672e+01
1.530583286285400391e+01
1.530583190917968750e+01
1.530583095550537109e+01
1.530582904815673828e+01
1.530582809448242188e+01
1.530582809448242188e+01
1.530582714080810547e+01
1.530582714080810547e+01
1.530582523345947266e+01
1.530582427978515625e+01
1.530582237243652344e+01
1.530582237243652344e+01
1.530582046508789062e+01
1.530581951141357422e+01
1.530581855773925781e+01
1.530581665039062500e+01
1.530581665039062500e+01
1.530581569671630859e+01
1.530581474304199219e+01
1.530581474304199219e+01
1.530581283569335938e+01
1.530581188201904297e+01
1.530581092834472656e+01
1.530580997467041016e+01
1.530580902099609375e+01
1.530580806732177734e+01
1.530580711364746094e+01
1.530580520629882812e+01
1.530580425262451172e+01
1.530580425262451172e+01
1.530580234527587891e+01
1.530580234527587891e+01
1.530580043792724609e+01
1.530579948425292969e+01
1.530579948425292969e+01
1.530579853057861328e+01
1.530579853057861328e+01
1.530579662322998047e+01
1.530579566955566406e+01
1.530579471588134766e+01
1.530579376220703125e+01
1.530579280853271484e+01
1.530579280853271484e+01
1.530579185485839844e+01
1.530579090118408203e+01
1.530579090118408203e+01
1.530578994750976562e+01
1.530578899383544922e+01
1.530578708648681641e+01
1.530578613281250000e+01
1.530578613281250000e+01
1.530578422546386719e+01
1.530578422546386719e+01
1.530578231811523438e+01
1.530578136444091797e+01
1.530578041076660156e+01
1.530578041076660156e+01
1.530578041076660156e+01
1.530577850341796875e+01
1.530577850341796875e+01
1.530577754974365234e+01
1.530577659606933594e+01
1.530577659606933594e+01
1.530577564239501953e+01
1.530577468872070312e+01
1.530577468872070312e+01
1.530577278137207031e+01
1.530577182769775391e+01
1.530576992034912109e+01
1.530576992034912109e+01
1.530576992034912109e+01
1.530576992034912109e+01
1.530576705932617188e+01
1.530576801300048828e+01
1.530576610565185547e+01
1.530576610565185547e+01
1.530576610565185547e+01
1.530576419830322266e+01
1.530576419830322266e+01
1.530576324462890625e+01
1.530576229095458984e+01
1.530576133728027344e+01
1.530576038360595703e+01
1.530576038360595703e+01
1.530576038360595703e+01
1.530575847625732422e+01
1.530575847625732422e+01
1.530575752258300781e+01
1.530575656890869141e+01
1.530575656890869141e+01
1.530575561523437500e+01
1.530575466156005859e+01
1.530575466156005859e+01
1.530575180053710938e+01
1.530575180053710938e+01
1.530575180053710938e+01
1.530575084686279297e+01
1.530574989318847656e+01
1.530574989318847656e+01
1.530574893951416016e+01
1.530574893951416016e+01
1.530574798583984375e+01
1.530574798583984375e+01
1.530574607849121094e+01
1.530574607849121094e+01
1.530574512481689453e+01
1.530574417114257812e+01
1.530574417114257812e+01
1.530574417114257812e+01
1.530574226379394531e+01
1.530574226379394531e+01
1.530574226379394531e+01
1.530574131011962891e+01
1.530574131011962891e+01
1.530574035644531250e+01
1.530574035644531250e+01
1.530573940277099609e+01
1.530573844909667969e+01
1.530573749542236328e+01
1.530573558807373047e+01
1.530573558807373047e+01
1.530573368072509766e+01
1.530573368072509766e+01
1.530573272705078125e+01
1.530573177337646484e+01
1.530573272705078125e+01
1.530573177337646484e+01
1.530572986602783203e+01
1.530573081970214844e+01
1.530572986602783203e+01
1.530572986602783203e+01
1.530572986602783203e+01
1.530572795867919922e+01
1.530572795867919922e+01
1.530572795867919922e+01
1.530572795867919922e+01
1.530572795867919922e+01
1.530572605133056641e+01
1.530572605133056641e+01
1.530572414398193359e+01
1.530572509765625000e+01
1.530572414398193359e+01
1.530572414398193359e+01
1.530572414398193359e+01
1.530572414398193359e+01
1.530572223663330078e+01
1.530572223663330078e+01
1.530572032928466797e+01
1.530572032928466797e+01
1.530572032928466797e+01
1.530572032928466797e+01
1.530571937561035156e+01
1.530571746826171875e+01
1.530571746826171875e+01
1.530571651458740234e+01
1.530571556091308594e+01
1.530571556091308594e+01
1.530571460723876953e+01
1.530571556091308594e+01
1.530571365356445312e+01
1.530571365356445312e+01
1.530571269989013672e+01
1.530571269989013672e+01
1.530571174621582031e+01
1.530570983886718750e+01
1.530570983886718750e+01
1.530570983886718750e+01
1.530570983886718750e+01
1.530570888519287109e+01
1.530570888519287109e+01
1.530570888519287109e+01
1.530570793151855469e+01
1.530570793151855469e+01
1.530570602416992188e+01
1.530570697784423828e+01
1.530570602416992188e+01
1.530570602416992188e+01
1.530570602416992188e+01
1.530570507049560547e+01
1.530570507049560547e+01
1.530570316314697266e+01
1.530570316314697266e+01
1.530570316314697266e+01
1.530570316314697266e+01
1.530570316314697266e+01
1.530570220947265625e+01
1.530570030212402344e+01
1.530569934844970703e+01
1.530569934844970703e+01
1.530569839477539062e+01
1.530569839477539062e+01
1.530569839477539062e+01
1.530569839477539062e+01
1.530569744110107422e+01
1.530569648742675781e+01
1.530569648742675781e+01
1.530569553375244141e+01
1.530569553375244141e+01
1.530569553375244141e+01
1.530569553375244141e+01
1.530569458007812500e+01
1.530569362640380859e+01
1.530569362640380859e+01
1.530569362640380859e+01
1.530569267272949219e+01
1.530569171905517578e+01
1.530569171905517578e+01
1.530569171905517578e+01
1.530569171905517578e+01
1.530569171905517578e+01
1.530569076538085938e+01
1.530568981170654297e+01
1.530568981170654297e+01
1.530568885803222656e+01
1.530568885803222656e+01
1.530568885803222656e+01
1.530568885803222656e+01
1.530568790435791016e+01
1.530568790435791016e+01
1.530568790435791016e+01
1.530568790435791016e+01
1.530568695068359375e+01
1.530568599700927734e+01
1.530568599700927734e+01
1.530568504333496094e+01
1.530568504333496094e+01
1.530568504333496094e+01
1.530568313598632812e+01
1.530568504333496094e+01
1.530568218231201172e+01
1.530568218231201172e+01
1.530568218231201172e+01
1.530568122863769531e+01
1.530568218231201172e+01
1.530568027496337891e+01
1.530568027496337891e+01
1.530568027496337891e+01
1.530568027496337891e+01
1.530567932128906250e+01
1.530568027496337891e+01
1.530567932128906250e+01
1.530567836761474609e+01
1.530567836761474609e+01
1.530567741394042969e+01
1.530567741394042969e+01
1.530567741394042969e+01
1.530567741394042969e+01
1.530567741394042969e+01
1.530567741394042969e+01
1.530567550659179688e+01
1.530567550659179688e+01
1.530567550659179688e+01
1.530567455291748047e+01
1.530567455291748047e+01
1.530567359924316406e+01
1.530567359924316406e+01
1.530567359924316406e+01
1.530567359924316406e+01
1.530567264556884766e+01
1.530567264556884766e+01
1.530567169189453125e+01
1.530567169189453125e+01
1.530567169189453125e+01
1.530567169189453125e+01
1.530567073822021484e+01
1.530567073822021484e+01
1.530567073822021484e+01
1.530567073822021484e+01
1.530567073822021484e+01
1.530566978454589844e+01
1.530566978454589844e+01
1.530566978454589844e+01
1.530566978454589844e+01
1.530566787719726562e+01
1.530566787719726562e+01
1.530566787719726562e+01
1.530566787719726562e+01
1.530566501617431641e+01
1.530566501617431641e+01
1.530566501617431641e+01
1.530566501617431641e+01
1.530566501617431641e+01
1.530566501617431641e+01
1.530566501617431641e+01
1.530566310882568359e+01
1.530566406250000000e+01
1.530566310882568359e+01
1.530566310882568359e+01
1.530566310882568359e+01
1.530566310882568359e+01
1.530566310882568359e+01
1.530566120147705078e+01
1.530566120147705078e+01
1.530566120147705078e+01
1.530566120147705078e+01
1.530566120147705078e+01
1.530566024780273438e+01
1.530566024780273438e+01
1.530565929412841797e+01
1.530565929412841797e+01
1.530565929412841797e+01
1.530565929412841797e+01
1.530565929412841797e+01
1.530565929412841797e+01
1.530565929412841797e+01
1.530565929412841797e+01
1.530565738677978516e+01
1.530565738677978516e+01
1.530565738677978516e+01
1.530565738677978516e+01
1.530565643310546875e+01
1.530565547943115234e+01
1.530565547943115234e+01
1.530565547943115234e+01
1.530565547943115234e+01
1.530565547943115234e+01
1.530565547943115234e+01
1.530565547943115234e+01
1.530565547943115234e+01
1.530565547943115234e+01
1.530565357208251953e+01
1.530565357208251953e+01
1.530565357208251953e+01
1.530565357208251953e+01
1.530565357208251953e+01
1.530565357208251953e+01
1.530565166473388672e+01
1.530565166473388672e+01
1.530565166473388672e+01
1.530565166473388672e+01
1.530565166473388672e+01
1.530564975738525391e+01
1.530565166473388672e+01
1.530565166473388672e+01
1.530564975738525391e+01
1.530564975738525391e+01
1.530564975738525391e+01
1.530564975738525391e+01
1.530564975738525391e+01
1.530564975738525391e+01
1.530564975738525391e+01
1.530564689636230469e+01
1.530564689636230469e+01
1.530564785003662109e+01
1.530564689636230469e+01
1.530564689636230469e+01
