4.130167770385742188e+01
4.051033020019531250e+01
3.971964645385742188e+01
3.893204116821289062e+01
3.814583206176757812e+01
3.735647583007812500e+01
3.655864334106445312e+01
3.574844741821289062e+01
3.492390060424804688e+01
3.408452987670898438e+01
3.323114013671875000e+01
3.236569976806640625e+01
3.149119186401367188e+01
3.061134147644042969e+01
2.973044013977050781e+01
2.885315513610839844e+01
2.798440361022949219e+01
2.712930679321289062e+01
2.629309463500976562e+01
2.548101043701171875e+01
2.469814300537109375e+01
2.394928359985351562e+01
2.323871421813964844e+01
2.257007789611816406e+01
2.194622993469238281e+01
2.136918258666992188e+01
2.084006118774414062e+01
2.035912704467773438e+01
1.992584419250488281e+01
1.953894996643066406e+01
1.919659233093261719e+01
1.889644241333007812e+01
1.863581085205078125e+01
1.841177558898925781e+01
1.822127914428710938e+01
1.806121635437011719e+01
1.792850685119628906e+01
1.782014846801757812e+01
1.773325347900390625e+01
1.766509628295898438e+01
1.761311531066894531e+01
1.757494163513183594e+01
1.754840278625488281e+01
1.753151512145996094e+01
1.752251243591308594e+01
1.751981163024902344e+01
1.752202415466308594e+01
1.752794647216796875e+01
1.753654098510742188e+01
1.754693603515625000e+01
1.755840301513671875e+01
1.757035255432128906e+01
1.758230781555175781e+01
1.759390449523925781e+01
1.760486602783203125e+01
1.761499595642089844e+01
1.762416839599609375e+01
1.763231277465820312e+01
1.763939857482910156e+01
1.764543724060058594e+01
1.765046501159667969e+01
1.765454292297363281e+01
1.765774154663085938e+01
1.766014480590820312e+01
1.766183662414550781e+01
1.766291046142578125e+01
1.766345214843750000e+01
1.766354560852050781e+01
1.766327285766601562e+01
1.766270446777343750e+01
1.766190910339355469e+01
1.766094589233398438e+01
1.765986633300781250e+01
1.765871620178222656e+01
1.765753364562988281e+01
1.765635108947753906e+01
1.765519523620605469e+01
1.765408134460449219e+01
1.765303039550781250e+01
1.765204811096191406e+01
1.765114974975585938e+01
1.765033149719238281e+01
1.764959716796875000e+01
1.764894866943359375e+01
1.764838027954101562e+01
1.764789009094238281e+01
1.764747238159179688e+01
1.764712142944335938e+01
1.764683341979980469e+01
1.764659881591796875e+01
1.764641380310058594e+01
1.764627075195312500e+01
1.764616775512695312e+01
1.764609336853027344e+01
1.764604759216308594e+01
1.764602088928222656e+01
1.764601325988769531e+01
1.764602088928222656e+01
1.764603805541992188e+01
1.764606285095214844e+01
1.764609336853027344e+01
1.764612770080566406e+01
1.764616394042968750e+01
1.764619827270507812e+01
1.764623069763183594e+01
1.764626502990722656e+01
1.764629364013671875e+01
1.764632034301757812e+01
1.764634513854980469e+01
1.764636421203613281e+01
1.764638137817382812e+01
1.764639472961425781e+01
1.764641571044921875e+01
1.764673423767089844e+01
1.765151214599609375e+01
1.767939758300781250e+01
1.770276641845703125e+01
1.771218490600585938e+01
1.770809555053710938e+01
1.769737052917480469e+01
1.767800521850585938e+01
1.767979431152343750e+01
1.769651412963867188e+01
1.771080398559570312e+01
1.782416725158691406e+01
1.873413276672363281e+01
1.750116539001464844e+01
1.680155563354492188e+01
1.623870086669921875e+01
1.572200489044189453e+01
1.526420879364013672e+01
1.484628200531005859e+01
1.456399250030517578e+01
1.425841236114501953e+01
1.398864555358886719e+01
1.378979015350341797e+01
1.366050815582275391e+01
1.359218692779541016e+01
1.351356983184814453e+01
1.341566276550292969e+01
1.328276443481445312e+01
1.311342811584472656e+01
1.291285228729248047e+01
1.270809745788574219e+01
1.259627246856689453e+01
1.262597370147705078e+01
1.267562580108642578e+01
1.260338401794433594e+01
1.239871978759765625e+01
1.213929653167724609e+01
1.190546894073486328e+01
1.171685504913330078e+01
1.157263946533203125e+01
1.146397209167480469e+01
1.143795967102050781e+01
1.150451755523681641e+01
1.152845191955566406e+01
1.140734958648681641e+01
1.135507392883300781e+01
1.095982360839843750e+01
1.083315944671630859e+01
1.077752208709716797e+01
1.078136730194091797e+01
1.083654212951660156e+01
1.091714286804199219e+01
1.094038486480712891e+01
1.085844326019287109e+01
1.070637416839599609e+01
1.054774951934814453e+01
1.041862583160400391e+01
1.037882328033447266e+01
1.038451862335205078e+01
1.035248470306396484e+01
1.027210330963134766e+01
1.016787338256835938e+01
1.006942939758300781e+01
9.996941566467285156e+00
9.956106185913085938e+00
9.940151214599609375e+00
9.983063697814941406e+00
9.966477394104003906e+00
9.938867568969726562e+00
9.923263549804687500e+00
9.914871215820312500e+00
9.901023864746093750e+00
9.857910156250000000e+00
9.785114288330078125e+00
9.721015930175781250e+00
9.677928924560546875e+00
9.645340919494628906e+00
9.604464530944824219e+00
9.555667877197265625e+00
9.514960289001464844e+00
9.488996505737304688e+00
9.471089363098144531e+00
9.446986198425292969e+00
9.414250373840332031e+00
9.383254051208496094e+00
9.359118461608886719e+00
9.342001914978027344e+00
9.327943801879882812e+00
9.312317848205566406e+00
9.297248840332031250e+00
9.280820846557617188e+00
9.264672279357910156e+00
9.260402679443359375e+00
9.253155708312988281e+00
9.236620903015136719e+00
9.219883918762207031e+00
9.214518547058105469e+00
9.214982032775878906e+00
9.209505081176757812e+00
9.200294494628906250e+00
9.193119049072265625e+00
9.185820579528808594e+00
9.178048133850097656e+00
9.174121856689453125e+00
9.171187400817871094e+00
9.164930343627929688e+00
9.159193038940429688e+00
9.157062530517578125e+00
9.154827117919921875e+00
9.150688171386718750e+00
9.147605895996093750e+00
9.146236419677734375e+00
9.144110679626464844e+00
9.140955924987792969e+00
9.138497352600097656e+00
9.136480331420898438e+00
9.133790016174316406e+00
9.131057739257812500e+00
9.129366874694824219e+00
9.127985000610351562e+00
9.126006126403808594e+00
9.123948097229003906e+00
9.122227668762207031e+00
9.120468139648437500e+00
9.118527412414550781e+00
9.116740226745605469e+00
9.115151405334472656e+00
9.113447189331054688e+00
9.111678123474121094e+00
9.110150337219238281e+00
9.108777999877929688e+00
9.107351303100585938e+00
9.105937957763671875e+00
9.104627609252929688e+00
9.103313446044921875e+00
9.101955413818359375e+00
9.100687026977539062e+00
9.099571228027343750e+00
9.098494529724121094e+00
9.097397804260253906e+00
9.096364974975585938e+00
9.095416069030761719e+00
9.094495773315429688e+00
9.093609809875488281e+00
9.092794418334960938e+00
9.092032432556152344e+00
9.091268539428710938e+00
9.090503692626953125e+00
9.089786529541015625e+00
9.089115142822265625e+00
9.088457107543945312e+00
9.087818145751953125e+00
9.087207794189453125e+00
9.086602210998535156e+00
9.086003303527832031e+00
9.085421562194824219e+00
9.084856986999511719e+00
9.084296226501464844e+00
9.083730697631835938e+00
9.083168983459472656e+00
9.082617759704589844e+00
9.082074165344238281e+00
9.081547737121582031e+00
9.081028938293457031e+00
9.080494880676269531e+00
9.079953193664550781e+00
9.079412460327148438e+00
9.078878402709960938e+00
9.078348159790039062e+00
9.077821731567382812e+00
9.077291488647460938e+00
9.076749801635742188e+00
9.076203346252441406e+00
9.075659751892089844e+00
9.075122833251953125e+00
9.074582099914550781e+00
9.074034690856933594e+00
9.073480606079101562e+00
9.072918891906738281e+00
9.072356224060058594e+00
9.071793556213378906e+00
9.071227073669433594e+00
9.070652961730957031e+00
9.070074081420898438e+00
9.069487571716308594e+00
9.068897247314453125e+00
9.068307876586914062e+00
9.067714691162109375e+00
9.067115783691406250e+00
9.066512107849121094e+00
9.065902709960937500e+00
9.065290451049804688e+00
9.064673423767089844e+00
9.064052581787109375e+00
9.063426971435546875e+00
9.062796592712402344e+00
9.062160491943359375e+00
9.061519622802734375e+00
9.060873985290527344e+00
9.060224533081054688e+00
9.059568405151367188e+00
9.058908462524414062e+00
9.058243751525878906e+00
9.057596206665039062e+00
9.056944847106933594e+00
9.056246757507324219e+00
9.055511474609375000e+00
9.054761886596679688e+00
9.054009437561035156e+00
9.053267478942871094e+00
9.052542686462402344e+00
9.051813125610351562e+00
9.051062583923339844e+00
9.050303459167480469e+00
9.049546241760253906e+00
9.048794746398925781e+00
9.048041343688964844e+00
9.047283172607421875e+00
9.046513557434082031e+00
9.045730590820312500e+00
9.044940948486328125e+00
9.044148445129394531e+00
9.043357849121093750e+00
9.042560577392578125e+00
9.041758537292480469e+00
9.040948867797851562e+00
9.040137290954589844e+00
9.039319992065429688e+00
9.038501739501953125e+00
9.037680625915527344e+00
9.036853790283203125e+00
9.036021232604980469e+00
9.035183906555175781e+00
9.034343719482421875e+00
9.033498764038085938e+00
9.032649993896484375e+00
9.031796455383300781e+00
9.030938148498535156e+00
9.030075073242187500e+00
9.029209136962890625e+00
9.028338432312011719e+00
9.027467727661132812e+00
9.026596069335937500e+00
9.025730133056640625e+00
9.024897575378417969e+00
9.024152755737304688e+00
9.023406028747558594e+00
9.022429466247558594e+00
9.021193504333496094e+00
9.019918441772460938e+00
9.018819808959960938e+00
9.017925262451171875e+00
9.017092704772949219e+00
9.016145706176757812e+00
9.015040397644042969e+00
9.013894081115722656e+00
9.012845993041992188e+00
9.011931419372558594e+00
9.011072158813476562e+00
9.010178565979003906e+00
9.009211540222167969e+00
9.008201599121093750e+00
9.007202148437500000e+00
9.006235122680664062e+00
9.005281448364257812e+00
9.004314422607421875e+00
9.003336906433105469e+00
9.002370834350585938e+00
9.001434326171875000e+00
9.000526428222656250e+00
8.999623298645019531e+00
8.998708724975585938e+00
8.997783660888671875e+00
8.996868133544921875e+00
8.995971679687500000e+00
8.995093345642089844e+00
8.994216918945312500e+00
8.993333816528320312e+00
8.992444992065429688e+00
8.991571426391601562e+00
8.990775108337402344e+00
8.990058898925781250e+00
8.989050865173339844e+00
8.987970352172851562e+00
8.986983299255371094e+00
8.986195564270019531e+00
8.985558509826660156e+00
8.984923362731933594e+00
8.984165191650390625e+00
8.983271598815917969e+00
8.982330322265625000e+00
8.981434822082519531e+00
8.980682373046875000e+00
8.980034828186035156e+00
8.979407310485839844e+00
8.978743553161621094e+00
8.978000640869140625e+00
8.977194786071777344e+00
8.976372718811035156e+00
8.975575447082519531e+00
8.974828720092773438e+00
8.974123001098632812e+00
8.973421096801757812e+00
8.972693443298339844e+00
8.971936225891113281e+00
8.971164703369140625e+00
8.970406532287597656e+00
8.969676971435546875e+00
8.968974113464355469e+00
8.968282699584960938e+00
8.967588424682617188e+00
8.966890335083007812e+00
8.966194152832031250e+00
8.965513229370117188e+00
8.964849472045898438e+00
8.964200019836425781e+00
8.963556289672851562e+00
8.962912559509277344e+00
8.962271690368652344e+00
8.961638450622558594e+00
8.961021423339843750e+00
8.960418701171875000e+00
8.959828376770019531e+00
8.959244728088378906e+00
8.958665847778320312e+00
8.958091735839843750e+00
8.957525253295898438e+00
8.956970214843750000e+00
8.956426620483398438e+00
8.955892562866210938e+00
8.955363273620605469e+00
8.954834938049316406e+00
8.954312324523925781e+00
8.953804969787597656e+00
8.953313827514648438e+00
8.952838897705078125e+00
8.952372550964355469e+00
8.951910018920898438e+00
8.951449394226074219e+00
8.950993537902832031e+00
8.950543403625488281e+00
8.950103759765625000e+00
8.949671745300292969e+00
8.949246406555175781e+00
8.948823928833007812e+00
8.948405265808105469e+00
8.947989463806152344e+00
8.947580337524414062e+00
8.947177886962890625e+00
8.946784973144531250e+00
8.946398735046386719e+00
8.946019172668457031e+00
8.945647239685058594e+00
8.945292472839355469e+00
8.944974899291992188e+00
8.944922447204589844e+00
8.953639984130859375e+00
8.957181930541992188e+00
8.959861755371093750e+00
8.961678504943847656e+00
8.958530426025390625e+00
8.954297065734863281e+00
8.953530311584472656e+00
8.952652931213378906e+00
8.953548431396484375e+00
8.954335212707519531e+00
8.955334663391113281e+00
8.960076332092285156e+00
8.960848808288574219e+00
8.961050987243652344e+00
8.961293220520019531e+00
8.959788322448730469e+00
8.961243629455566406e+00
8.962644577026367188e+00
8.963669776916503906e+00
8.964608192443847656e+00
8.962574005126953125e+00
8.961409568786621094e+00
8.960880279541015625e+00
8.959891319274902344e+00
8.959351539611816406e+00
8.958907127380371094e+00
8.958491325378417969e+00
8.958284378051757812e+00
8.957854270935058594e+00
8.956535339355468750e+00
8.955055236816406250e+00
8.954342842102050781e+00
8.953761100769042969e+00
8.954526901245117188e+00
8.953571319580078125e+00
8.957568168640136719e+00
8.953091621398925781e+00
8.951004028320312500e+00
8.954171180725097656e+00
8.951622009277343750e+00
8.959757804870605469e+00
8.951857566833496094e+00
8.955218315124511719e+00
8.960974693298339844e+00
8.971145629882812500e+00
8.971414566040039062e+00
8.964928627014160156e+00
8.955226898193359375e+00
8.949870109558105469e+00
8.948954582214355469e+00
8.950585365295410156e+00
8.950444221496582031e+00
8.948733329772949219e+00
8.948315620422363281e+00
8.949169158935546875e+00
8.949261665344238281e+00
8.947510719299316406e+00
8.945199966430664062e+00
8.943791389465332031e+00
8.943805694580078125e+00
8.944929122924804688e+00
8.945809364318847656e+00
8.945086479187011719e+00
8.943115234375000000e+00
8.941344261169433594e+00
8.940501213073730469e+00
8.940496444702148438e+00
8.940669059753417969e+00
8.940426826477050781e+00
8.939467430114746094e+00
8.937871932983398438e+00
8.936029434204101562e+00
8.934136390686035156e+00
8.932593345642089844e+00
8.931572914123535156e+00
8.930803298950195312e+00
8.930132865905761719e+00
8.929136276245117188e+00
8.927987098693847656e+00
8.926854133605957031e+00
8.926249504089355469e+00
8.925660133361816406e+00
8.925565719604492188e+00
8.924956321716308594e+00
8.924031257629394531e+00
8.923310279846191406e+00
8.922294616699218750e+00
8.921991348266601562e+00
8.921436309814453125e+00
8.921700477600097656e+00
8.921230316162109375e+00
8.920493125915527344e+00
8.919739723205566406e+00
8.918090820312500000e+00
8.917659759521484375e+00
8.916981697082519531e+00
8.917410850524902344e+00
8.917726516723632812e+00
8.916043281555175781e+00
8.916187286376953125e+00
8.915834426879882812e+00
8.913813591003417969e+00
8.919457435607910156e+00
8.918228149414062500e+00
8.916242599487304688e+00
8.916205406188964844e+00
8.914722442626953125e+00
8.913656234741210938e+00
8.914140701293945312e+00
8.914323806762695312e+00
8.914337158203125000e+00
8.914195060729980469e+00
8.913949966430664062e+00
8.912919044494628906e+00
8.911699295043945312e+00
8.911078453063964844e+00
8.911630630493164062e+00
8.912299156188964844e+00
8.911992073059082031e+00
8.910304069519042969e+00
8.907847404479980469e+00
8.905943870544433594e+00
8.904931068420410156e+00
8.903587341308593750e+00
8.903995513916015625e+00
8.902970314025878906e+00
8.900505065917968750e+00
8.900496482849121094e+00
8.899933815002441406e+00
8.898663520812988281e+00
8.900402069091796875e+00
8.902102470397949219e+00
8.899979591369628906e+00
8.907586097717285156e+00
8.901338577270507812e+00
8.913795471191406250e+00
8.896505355834960938e+00
8.905434608459472656e+00
8.918770790100097656e+00
8.960840225219726562e+00
8.962600708007812500e+00
8.928358078002929688e+00
8.909577369689941406e+00
8.906287193298339844e+00
8.903989791870117188e+00
8.908278465270996094e+00
8.909804344177246094e+00
8.905863761901855469e+00
8.903582572937011719e+00
8.902538299560546875e+00
8.902623176574707031e+00
8.904193878173828125e+00
8.904770851135253906e+00
8.901332855224609375e+00
8.895920753479003906e+00
8.893427848815917969e+00
8.892130851745605469e+00
8.891513824462890625e+00
8.893078804016113281e+00
8.892418861389160156e+00
8.888448715209960938e+00
8.882078170776367188e+00
8.879322052001953125e+00
8.878716468811035156e+00
8.879215240478515625e+00
8.880778312683105469e+00
8.880357742309570312e+00
8.879723548889160156e+00
8.879522323608398438e+00
8.879340171813964844e+00
8.878396034240722656e+00
8.877449035644531250e+00
8.876631736755371094e+00
8.877251625061035156e+00
8.880087852478027344e+00
8.879968643188476562e+00
8.877943038940429688e+00
8.874413490295410156e+00
8.874315261840820312e+00
8.874258995056152344e+00
8.874747276306152344e+00
8.877055168151855469e+00
8.877725601196289062e+00
8.875755310058593750e+00
8.873560905456542969e+00
8.877405166625976562e+00
8.881844520568847656e+00
8.890050888061523438e+00
8.892237663269042969e+00
8.885393142700195312e+00
8.880863189697265625e+00
8.878829956054687500e+00
8.878397941589355469e+00
8.880419731140136719e+00
8.882093429565429688e+00
8.883656501770019531e+00
8.883653640747070312e+00
8.881498336791992188e+00
8.877326965332031250e+00
8.873881340026855469e+00
8.872239112854003906e+00
8.871407508850097656e+00
8.871443748474121094e+00
8.872864723205566406e+00
8.875095367431640625e+00
8.876194000244140625e+00
8.875664710998535156e+00
8.873924255371093750e+00
8.872580528259277344e+00
8.871709823608398438e+00
8.873087882995605469e+00
8.875454902648925781e+00
8.874283790588378906e+00
8.873768806457519531e+00
8.874551773071289062e+00
8.873109817504882812e+00
8.871844291687011719e+00
8.872796058654785156e+00
8.877251625061035156e+00
8.873652458190917969e+00
8.872229576110839844e+00
8.872320175170898438e+00
8.877346038818359375e+00
8.875259399414062500e+00
8.874769210815429688e+00
8.874337196350097656e+00
8.877264976501464844e+00
8.878028869628906250e+00
8.878746986389160156e+00
8.877840995788574219e+00
8.875084877014160156e+00
8.874185562133789062e+00
8.874332427978515625e+00
8.876379966735839844e+00
8.877951622009277344e+00
8.876923561096191406e+00
8.876184463500976562e+00
8.876862525939941406e+00
8.875934600830078125e+00
8.877515792846679688e+00
8.882876396179199219e+00
8.874911308288574219e+00
8.870621681213378906e+00
8.872459411621093750e+00
8.871129989624023438e+00
8.873313903808593750e+00
8.881690979003906250e+00
8.876004219055175781e+00
8.874091148376464844e+00
8.876299858093261719e+00
8.875968933105468750e+00
8.877563476562500000e+00
8.879991531372070312e+00
8.879411697387695312e+00
8.877820014953613281e+00
8.877109527587890625e+00
8.878740310668945312e+00
8.882309913635253906e+00
8.886551856994628906e+00
8.885306358337402344e+00
8.878505706787109375e+00
8.873429298400878906e+00
8.872024536132812500e+00
8.872867584228515625e+00
8.873482704162597656e+00
8.871809959411621094e+00
8.869731903076171875e+00
8.868732452392578125e+00
8.868777275085449219e+00
8.869204521179199219e+00
8.869287490844726562e+00
8.869255065917968750e+00
8.869314193725585938e+00
8.869583129882812500e+00
8.870102882385253906e+00
8.870958328247070312e+00
8.872035026550292969e+00
8.873010635375976562e+00
8.873613357543945312e+00
8.873977661132812500e+00
8.874477386474609375e+00
8.875155448913574219e+00
8.875738143920898438e+00
8.875979423522949219e+00
8.875997543334960938e+00
8.876029968261718750e+00
8.876075744628906250e+00
8.875897407531738281e+00
8.875306129455566406e+00
8.874610900878906250e+00
8.874514579772949219e+00
8.874829292297363281e+00
8.874784469604492188e+00
8.874544143676757812e+00
8.874270439147949219e+00
8.873779296875000000e+00
8.873182296752929688e+00
8.871938705444335938e+00
8.870154380798339844e+00
8.869005203247070312e+00
8.868116378784179688e+00
8.867259979248046875e+00
8.866764068603515625e+00
8.866259574890136719e+00
8.866101264953613281e+00
8.866041183471679688e+00
8.865769386291503906e+00
8.865838050842285156e+00
8.866029739379882812e+00
8.866321563720703125e+00
8.866754531860351562e+00
8.867117881774902344e+00
8.867648124694824219e+00
8.868134498596191406e+00
8.868417739868164062e+00
8.868720054626464844e+00
8.868940353393554688e+00
8.869140625000000000e+00
8.869277954101562500e+00
8.869330406188964844e+00
8.869438171386718750e+00
8.869455337524414062e+00
8.869416236877441406e+00
8.869376182556152344e+00
8.869318962097167969e+00
8.869297027587890625e+00
8.869253158569335938e+00
8.869240760803222656e+00
8.869262695312500000e+00
8.869265556335449219e+00
8.869283676147460938e+00
8.869303703308105469e+00
8.869335174560546875e+00
8.869369506835937500e+00
8.869402885437011719e+00
8.869462966918945312e+00
8.869516372680664062e+00
8.869572639465332031e+00
8.869629859924316406e+00
8.869684219360351562e+00
8.869730949401855469e+00
8.869759559631347656e+00
8.869794845581054688e+00
8.869827270507812500e+00
8.869859695434570312e+00
8.869898796081542969e+00
8.869934082031250000e+00
8.869966506958007812e+00
8.869992256164550781e+00
8.870020866394042969e+00
8.870046615600585938e+00
8.870074272155761719e+00
8.870106697082519531e+00
8.870140075683593750e+00
8.870175361633300781e+00
8.870210647583007812e+00
8.870247840881347656e+00
8.870285034179687500e+00
8.870322227478027344e+00
8.870361328125000000e+00
8.870402336120605469e+00
8.870442390441894531e+00
8.870486259460449219e+00
8.870528221130371094e+00
8.870570182800292969e+00
8.870611190795898438e+00
8.870652198791503906e+00
8.870693206787109375e+00
8.870735168457031250e+00
8.870777130126953125e+00
8.870819091796875000e+00
8.870862960815429688e+00
8.870906829833984375e+00
8.870950698852539062e+00
8.870995521545410156e+00
8.871041297912597656e+00
8.871088027954101562e+00
8.871135711669921875e+00
8.871185302734375000e+00
8.871234893798828125e+00
8.871285438537597656e+00
8.871335983276367188e+00
8.871389389038085938e+00
8.871441841125488281e+00
8.871494293212890625e+00
8.871548652648925781e+00
8.871603012084960938e+00
8.871657371520996094e+00
8.871712684631347656e+00
8.871768951416015625e+00
8.871823310852050781e+00
8.871880531311035156e+00
8.871935844421386719e+00
8.871994018554687500e+00
8.872049331665039062e+00
8.872109413146972656e+00
8.872163772583007812e+00
8.872227668762207031e+00
8.872279167175292969e+00
8.872347831726074219e+00
8.872394561767578125e+00
8.872472763061523438e+00
8.872509002685546875e+00
8.872608184814453125e+00
8.872619628906250000e+00
8.872769355773925781e+00
8.872729301452636719e+00
8.873022079467773438e+00
8.872879981994628906e+00
8.873701095581054688e+00
8.873870849609375000e+00
8.872897148132324219e+00
8.873545646667480469e+00
8.873672485351562500e+00
8.874517440795898438e+00
8.875005722045898438e+00
8.873800277709960938e+00
8.879089355468750000e+00
8.885657310485839844e+00
8.884902954101562500e+00
8.880030632019042969e+00
8.886774063110351562e+00
8.889935493469238281e+00
8.882190704345703125e+00
8.883719444274902344e+00
8.885383605957031250e+00
8.888664245605468750e+00
8.891797065734863281e+00
8.895981788635253906e+00
8.902157783508300781e+00
8.904735565185546875e+00
8.898221969604492188e+00
8.889070510864257812e+00
8.884652137756347656e+00
8.883118629455566406e+00
8.881407737731933594e+00
8.879612922668457031e+00
8.877581596374511719e+00
8.874072074890136719e+00
8.871766090393066406e+00
8.872537612915039062e+00
8.873777389526367188e+00
8.873506546020507812e+00
8.873147010803222656e+00
8.875580787658691406e+00
8.878080368041992188e+00
8.877452850341796875e+00
8.880080223083496094e+00
8.887262344360351562e+00
8.885175704956054688e+00
8.880050659179687500e+00
8.883376121520996094e+00
8.886527061462402344e+00
8.881110191345214844e+00
8.884492874145507812e+00
8.883717536926269531e+00
8.894449234008789062e+00
8.913084030151367188e+00
8.952921867370605469e+00
8.993955612182617188e+00
8.934580802917480469e+00
8.914610862731933594e+00
8.981323242187500000e+00
9.051976203918457031e+00
8.898200035095214844e+00
8.844367980957031250e+00
8.933097839355468750e+00
8.911787033081054688e+00
8.839877128601074219e+00
8.808379173278808594e+00
8.883214950561523438e+00
8.832733154296875000e+00
8.741646766662597656e+00
8.719232559204101562e+00
8.704815864562988281e+00
8.695111274719238281e+00
8.658351898193359375e+00
8.625597000122070312e+00
8.596925735473632812e+00
8.572988510131835938e+00
8.546346664428710938e+00
8.527292251586914062e+00
8.506896018981933594e+00
8.481356620788574219e+00
8.460251808166503906e+00
8.439105033874511719e+00
8.418758392333984375e+00
8.402956008911132812e+00
8.388227462768554688e+00
8.375197410583496094e+00
8.361046791076660156e+00
8.348252296447753906e+00
8.336467742919921875e+00
8.329374313354492188e+00
8.321873664855957031e+00
8.313334465026855469e+00
8.305326461791992188e+00
8.303066253662109375e+00
8.293079376220703125e+00
8.290371894836425781e+00
8.311312675476074219e+00
8.297777175903320312e+00
8.286384582519531250e+00
8.274477005004882812e+00
8.272762298583984375e+00
8.281908988952636719e+00
8.276951789855957031e+00
8.272825241088867188e+00
8.270606994628906250e+00
8.269056320190429688e+00
8.268795967102050781e+00
8.258256912231445312e+00
8.256089210510253906e+00
8.252100944519042969e+00
8.247898101806640625e+00
8.246922492980957031e+00
8.243756294250488281e+00
8.242867469787597656e+00
8.240956306457519531e+00
8.240648269653320312e+00
8.239393234252929688e+00
8.237035751342773438e+00
8.235705375671386719e+00
8.234446525573730469e+00
8.233734130859375000e+00
8.231884956359863281e+00
8.230197906494140625e+00
8.228898048400878906e+00
8.227892875671386719e+00
8.226768493652343750e+00
8.225207328796386719e+00
