3.110565567016601562e+01
3.010771942138671875e+01
2.905013084411621094e+01
2.792612648010253906e+01
2.672961425781250000e+01
2.552027320861816406e+01
2.427330017089843750e+01
2.290086364746093750e+01
2.155574035644531250e+01
2.027496147155761719e+01
1.912295722961425781e+01
1.810923385620117188e+01
1.718517303466796875e+01
1.639034271240234375e+01
1.575356292724609375e+01
1.524475574493408203e+01
1.484585380554199219e+01
1.454358482360839844e+01
1.432442760467529297e+01
1.417534351348876953e+01
1.408456325531005859e+01
1.404179191589355469e+01
1.403797435760498047e+01
1.406430816650390625e+01
1.411286258697509766e+01
1.487476158142089844e+01
1.433342170715332031e+01
1.419708538055419922e+01
1.407903671264648438e+01
1.400369453430175781e+01
1.393901824951171875e+01
1.391356372833251953e+01
1.392834758758544922e+01
1.357972049713134766e+01
1.343324279785156250e+01
1.337786197662353516e+01
1.339568042755126953e+01
1.323617076873779297e+01
1.307495689392089844e+01
1.300696659088134766e+01
1.299758243560791016e+01
1.298442840576171875e+01
1.292580699920654297e+01
1.286649799346923828e+01
1.283336067199707031e+01
1.282484436035156250e+01
1.283033752441406250e+01
1.282815170288085938e+01
1.280560874938964844e+01
1.277798080444335938e+01
1.276217937469482422e+01
1.276652526855468750e+01
1.277840518951416016e+01
1.277368927001953125e+01
1.275430583953857422e+01
1.272796630859375000e+01
1.271126556396484375e+01
1.270721435546875000e+01
1.271072959899902344e+01
1.270643806457519531e+01
1.268315315246582031e+01
1.265362548828125000e+01
1.263535976409912109e+01
1.263126754760742188e+01
1.262807846069335938e+01
1.261066246032714844e+01
1.258579921722412109e+01
1.256925296783447266e+01
1.256479740142822266e+01
1.256155681610107422e+01
1.254709720611572266e+01
1.252648162841796875e+01
1.250882530212402344e+01
1.250074100494384766e+01
1.250159263610839844e+01
1.249831485748291016e+01
1.248203945159912109e+01
1.246381664276123047e+01
1.245168304443359375e+01
1.244574832916259766e+01
1.244499492645263672e+01
1.244200706481933594e+01
1.243038940429687500e+01
1.241690826416015625e+01
1.240901374816894531e+01
1.240593528747558594e+01
1.240326213836669922e+01
1.239834594726562500e+01
1.239059734344482422e+01
1.238247966766357422e+01
1.237756919860839844e+01
1.237389659881591797e+01
1.236768150329589844e+01
1.236018562316894531e+01
1.235343265533447266e+01
1.234820175170898438e+01
1.234424304962158203e+01
1.234227466583251953e+01
1.234088134765625000e+01
1.233650684356689453e+01
1.224398708343505859e+01
1.175909423828125000e+01
1.124009037017822266e+01
1.074864006042480469e+01
1.031930828094482422e+01
9.973527908325195312e+00
9.714297294616699219e+00
9.532991409301757812e+00
9.416296005249023438e+00
9.348039627075195312e+00
9.312481880187988281e+00
9.296501159667968750e+00
9.291536331176757812e+00
9.291040420532226562e+00
9.288517951965332031e+00
9.283245086669921875e+00
9.277692794799804688e+00
9.273457527160644531e+00
9.271176338195800781e+00
9.271229743957519531e+00
9.273185729980468750e+00
9.276129722595214844e+00
9.280189514160156250e+00
9.284909248352050781e+00
9.288548469543457031e+00
9.291282653808593750e+00
9.292351722717285156e+00
9.289853096008300781e+00
9.285974502563476562e+00
9.282153129577636719e+00
9.277879714965820312e+00
9.273223876953125000e+00
9.269001960754394531e+00
9.264781951904296875e+00
9.260400772094726562e+00
9.256889343261718750e+00
9.253808975219726562e+00
9.251024246215820312e+00
9.248740196228027344e+00
9.246632575988769531e+00
9.244623184204101562e+00
9.242959022521972656e+00
9.241490364074707031e+00
9.240209579467773438e+00
9.239251136779785156e+00
9.238493919372558594e+00
9.240633010864257812e+00
9.244607925415039062e+00
9.241889953613281250e+00
9.241963386535644531e+00
9.246576309204101562e+00
9.244756698608398438e+00
9.243547439575195312e+00
9.244282722473144531e+00
9.243848800659179688e+00
9.241935729980468750e+00
9.240499496459960938e+00
9.240106582641601562e+00
9.238598823547363281e+00
9.237263679504394531e+00
9.236688613891601562e+00
9.235549926757812500e+00
9.234578132629394531e+00
9.234295845031738281e+00
9.233561515808105469e+00
9.233453750610351562e+00
9.233009338378906250e+00
9.232525825500488281e+00
9.232316970825195312e+00
9.232017517089843750e+00
9.231923103332519531e+00
9.231637954711914062e+00
9.231262207031250000e+00
9.230977058410644531e+00
9.230700492858886719e+00
9.230493545532226562e+00
9.230201721191406250e+00
9.229883193969726562e+00
9.229638099670410156e+00
9.229442596435546875e+00
9.229270935058593750e+00
9.229036331176757812e+00
9.228811264038085938e+00
9.228629112243652344e+00
9.228479385375976562e+00
9.228303909301757812e+00
9.228094100952148438e+00
9.227909088134765625e+00
9.227754592895507812e+00
9.227604866027832031e+00
9.227425575256347656e+00
9.227246284484863281e+00
9.227090835571289062e+00
9.226953506469726562e+00
9.226804733276367188e+00
9.226646423339843750e+00
9.226500511169433594e+00
9.226368904113769531e+00
9.226235389709472656e+00
9.226091384887695312e+00
9.225954055786132812e+00
9.225827217102050781e+00
9.225699424743652344e+00
9.225564956665039062e+00
9.225433349609375000e+00
9.225307464599609375e+00
9.225184440612792969e+00
9.225056648254394531e+00
9.224928855895996094e+00
9.224806785583496094e+00
9.224684715270996094e+00
9.224560737609863281e+00
9.224437713623046875e+00
9.224316596984863281e+00
9.224197387695312500e+00
9.224077224731445312e+00
9.223956108093261719e+00
9.223836898803710938e+00
9.223718643188476562e+00
9.223599433898925781e+00
9.223480224609375000e+00
9.223362922668457031e+00
9.223244667053222656e+00
9.223126411437988281e+00
9.223009109497070312e+00
9.222892761230468750e+00
9.222775459289550781e+00
9.222659111022949219e+00
9.222543716430664062e+00
9.222429275512695312e+00
9.222313880920410156e+00
9.222200393676757812e+00
9.222085952758789062e+00
9.221974372863769531e+00
9.221861839294433594e+00
9.221750259399414062e+00
9.221639633178710938e+00
9.221529960632324219e+00
9.221420288085937500e+00
9.221312522888183594e+00
9.221203804016113281e+00
9.221096992492675781e+00
9.220989227294921875e+00
9.220883369445800781e+00
9.220776557922363281e+00
9.220671653747558594e+00
9.220565795898437500e+00
9.220460891723632812e+00
9.220356941223144531e+00
9.220252037048339844e+00
9.220148086547851562e+00
9.220044136047363281e+00
9.219940185546875000e+00
9.219836235046386719e+00
9.219732284545898438e+00
9.219629287719726562e+00
9.219525337219238281e+00
9.219421386718750000e+00
9.219317436218261719e+00
9.219215393066406250e+00
9.219110488891601562e+00
9.219007492065429688e+00
9.218904495239257812e+00
9.218800544738769531e+00
9.218696594238281250e+00
9.218591690063476562e+00
9.218487739562988281e+00
9.218383789062500000e+00
9.218278884887695312e+00
9.218173027038574219e+00
9.218068122863769531e+00
9.217961311340332031e+00
9.217855453491210938e+00
9.217748641967773438e+00
9.217641830444335938e+00
9.217534065246582031e+00
9.217425346374511719e+00
9.217317581176757812e+00
9.217207908630371094e+00
9.217096328735351562e+00
9.216986656188964844e+00
9.216875076293945312e+00
9.216761589050292969e+00
9.216648101806640625e+00
9.216532707214355469e+00
9.216417312622070312e+00
9.216299057006835938e+00
9.216179847717285156e+00
9.216058731079101562e+00
9.215934753417968750e+00
9.215807914733886719e+00
9.215676307678222656e+00
9.215539932250976562e+00
9.215393066406250000e+00
9.302279472351074219e+00
9.416576385498046875e+00
9.373274803161621094e+00
9.300172805786132812e+00
1.089618968963623047e+01
1.029365158081054688e+01
9.325472831726074219e+00
9.328948020935058594e+00
9.329482078552246094e+00
9.296977996826171875e+00
9.338143348693847656e+00
9.726814270019531250e+00
9.300561904907226562e+00
9.339004516601562500e+00
9.342141151428222656e+00
9.343266487121582031e+00
9.330324172973632812e+00
9.314507484436035156e+00
9.428662300109863281e+00
9.424425125122070312e+00
9.274443626403808594e+00
9.281094551086425781e+00
9.292831420898437500e+00
9.299885749816894531e+00
9.298574447631835938e+00
9.291134834289550781e+00
9.281735420227050781e+00
9.274053573608398438e+00
9.267592430114746094e+00
9.261842727661132812e+00
9.256506919860839844e+00
9.253993034362792969e+00
9.234926223754882812e+00
9.219888687133789062e+00
9.217755317687988281e+00
9.215221405029296875e+00
9.207043647766113281e+00
9.206770896911621094e+00
9.201409339904785156e+00
9.200203895568847656e+00
9.199911117553710938e+00
9.197664260864257812e+00
9.196530342102050781e+00
9.195978164672851562e+00
9.194554328918457031e+00
9.193940162658691406e+00
9.193019866943359375e+00
9.191142082214355469e+00
9.189989089965820312e+00
9.189314842224121094e+00
9.188753128051757812e+00
9.188531875610351562e+00
9.187554359436035156e+00
9.186852455139160156e+00
9.186077117919921875e+00
9.185531616210937500e+00
9.184817314147949219e+00
9.183975219726562500e+00
9.183347702026367188e+00
9.182786941528320312e+00
9.182336807250976562e+00
9.182193756103515625e+00
9.183040618896484375e+00
9.182148933410644531e+00
9.181644439697265625e+00
9.181587219238281250e+00
9.181279182434082031e+00
9.181148529052734375e+00
9.181038856506347656e+00
9.180786132812500000e+00
9.180294990539550781e+00
9.180153846740722656e+00
9.179956436157226562e+00
9.179733276367187500e+00
9.179623603820800781e+00
9.179568290710449219e+00
9.179368972778320312e+00
9.179164886474609375e+00
9.179031372070312500e+00
9.178893089294433594e+00
9.178750991821289062e+00
9.178612709045410156e+00
9.178466796875000000e+00
9.178285598754882812e+00
9.178103446960449219e+00
9.177931785583496094e+00
9.177770614624023438e+00
9.177620887756347656e+00
9.177475929260253906e+00
9.177326202392578125e+00
9.177167892456054688e+00
9.177006721496582031e+00
9.176843643188476562e+00
9.176681518554687500e+00
9.176517486572265625e+00
9.176350593566894531e+00
9.176177024841308594e+00
9.175993919372558594e+00
9.175802230834960938e+00
9.175605773925781250e+00
9.175405502319335938e+00
9.175203323364257812e+00
9.175000190734863281e+00
9.174797058105468750e+00
9.174591064453125000e+00
9.174386024475097656e+00
9.174180984497070312e+00
9.173979759216308594e+00
9.173782348632812500e+00
9.173593521118164062e+00
9.173415184020996094e+00
9.173247337341308594e+00
9.173089981079101562e+00
9.172946929931640625e+00
9.172814369201660156e+00
9.172693252563476562e+00
9.172583580017089844e+00
9.172482490539550781e+00
9.172389984130859375e+00
9.172304153442382812e+00
9.172223091125488281e+00
9.172146797180175781e+00
9.172073364257812500e+00
9.172002792358398438e+00
9.171936035156250000e+00
9.171870231628417969e+00
9.171807289123535156e+00
9.171745300292968750e+00
9.171684265136718750e+00
9.171625137329101562e+00
9.171566009521484375e+00
9.171507835388183594e+00
9.171449661254882812e+00
9.171390533447265625e+00
9.171331405639648438e+00
9.171272277832031250e+00
9.171211242675781250e+00
9.171150207519531250e+00
9.171089172363281250e+00
9.171025276184082031e+00
9.170958518981933594e+00
9.170890808105468750e+00
9.170815467834472656e+00
9.170734405517578125e+00
9.170638084411621094e+00
9.170514106750488281e+00
9.170338630676269531e+00
9.170059204101562500e+00
9.169647216796875000e+00
9.169256210327148438e+00
9.169034004211425781e+00
9.168917655944824219e+00
9.168844223022460938e+00
9.168786048889160156e+00
9.168734550476074219e+00
9.168686866760253906e+00
9.168640136718750000e+00
9.168595314025878906e+00
9.168552398681640625e+00
9.168510437011718750e+00
9.168470382690429688e+00
9.168431282043457031e+00
9.168392181396484375e+00
9.168354988098144531e+00
9.168316841125488281e+00
9.168276786804199219e+00
9.168236732482910156e+00
9.168194770812988281e+00
9.168150901794433594e+00
9.168107032775878906e+00
9.168062210083007812e+00
9.168017387390136719e+00
9.167973518371582031e+00
9.167929649353027344e+00
9.167886734008789062e+00
9.167845726013183594e+00
9.167805671691894531e+00
9.167764663696289062e+00
9.167726516723632812e+00
9.167686462402343750e+00
9.167647361755371094e+00
9.167608261108398438e+00
9.167569160461425781e+00
9.167531013488769531e+00
9.167492866516113281e+00
9.167454719543457031e+00
9.167416572570800781e+00
9.167378425598144531e+00
9.167340278625488281e+00
9.167304992675781250e+00
9.167266845703125000e+00
9.167229652404785156e+00
9.167193412780761719e+00
9.167157173156738281e+00
9.167119979858398438e+00
9.167083740234375000e+00
9.167039871215820312e+00
9.166981697082519531e+00
9.166915893554687500e+00
9.166845321655273438e+00
9.166773796081542969e+00
9.166705131530761719e+00
9.166641235351562500e+00
9.166582107543945312e+00
9.166527748107910156e+00
9.166477203369140625e+00
9.166430473327636719e+00
9.166384696960449219e+00
9.166340827941894531e+00
9.166296005249023438e+00
9.166250228881835938e+00
9.166204452514648438e+00
9.166157722473144531e+00
9.166110992431640625e+00
9.166063308715820312e+00
9.166015625000000000e+00
9.165966987609863281e+00
9.165918350219726562e+00
9.165870666503906250e+00
9.165824890136718750e+00
9.165779113769531250e+00
9.165734291076660156e+00
9.165689468383789062e+00
9.165648460388183594e+00
9.165606498718261719e+00
9.165566444396972656e+00
9.165526390075683594e+00
9.165486335754394531e+00
9.165447235107421875e+00
9.165407180786132812e+00
9.165368080139160156e+00
9.165328025817871094e+00
9.165287971496582031e+00
9.165248870849609375e+00
9.165208816528320312e+00
9.165168762207031250e+00
9.165128707885742188e+00
9.165089607238769531e+00
9.165048599243164062e+00
9.165008544921875000e+00
9.164968490600585938e+00
9.164928436279296875e+00
9.164888381958007812e+00
9.164848327636718750e+00
9.164806365966796875e+00
9.164764404296875000e+00
9.164723396301269531e+00
9.164681434631347656e+00
9.164639472961425781e+00
9.164596557617187500e+00
9.164552688598632812e+00
9.164508819580078125e+00
9.164464950561523438e+00
9.164420127868652344e+00
9.164374351501464844e+00
9.164327621459960938e+00
9.164280891418457031e+00
9.164234161376953125e+00
9.164186477661132812e+00
9.164136886596679688e+00
9.164087295532226562e+00
9.164036750793457031e+00
9.163986206054687500e+00
9.163933753967285156e+00
9.163880348205566406e+00
9.163826942443847656e+00
9.163771629333496094e+00
9.163715362548828125e+00
9.163658142089843750e+00
9.163599967956542969e+00
9.163539886474609375e+00
9.163478851318359375e+00
9.163417816162109375e+00
9.163353919982910156e+00
9.163290023803710938e+00
9.163223266601562500e+00
9.163156509399414062e+00
9.163087844848632812e+00
9.163017272949218750e+00
9.162944793701171875e+00
9.162872314453125000e+00
9.162796020507812500e+00
9.162720680236816406e+00
9.162642478942871094e+00
9.162562370300292969e+00
9.162481307983398438e+00
9.162399291992187500e+00
9.162314414978027344e+00
9.162228584289550781e+00
9.162140846252441406e+00
9.162053108215332031e+00
9.161961555480957031e+00
9.161870956420898438e+00
9.161778450012207031e+00
9.161684036254882812e+00
9.161587715148925781e+00
9.161492347717285156e+00
9.161395072937011719e+00
9.161296844482421875e+00
9.161198616027832031e+00
9.161099433898925781e+00
9.160998344421386719e+00
9.160900115966796875e+00
9.160799026489257812e+00
9.160700798034667969e+00
9.160601615905761719e+00
9.160506248474121094e+00
9.160408973693847656e+00
9.160318374633789062e+00
9.160228729248046875e+00
9.160146713256835938e+00
9.160069465637207031e+00
9.160002708435058594e+00
9.159957885742187500e+00
9.159908294677734375e+00
9.159935951232910156e+00
9.159915924072265625e+00
9.160124778747558594e+00
9.160377502441406250e+00
9.161849021911621094e+00
9.163116455078125000e+00
9.172310829162597656e+00
9.159486770629882812e+00
9.168077468872070312e+00
9.197013854980468750e+00
9.188287734985351562e+00
9.165043830871582031e+00
9.196104049682617188e+00
9.226027488708496094e+00
9.265691757202148438e+00
9.229681015014648438e+00
9.196630477905273438e+00
9.213312149047851562e+00
9.215563774108886719e+00
9.195863723754882812e+00
9.193391799926757812e+00
9.199930191040039062e+00
9.194918632507324219e+00
9.181005477905273438e+00
9.203620910644531250e+00
9.182489395141601562e+00
9.192490577697753906e+00
9.181844711303710938e+00
9.175143241882324219e+00
9.178291320800781250e+00
9.175732612609863281e+00
9.178807258605957031e+00
9.162563323974609375e+00
9.211074829101562500e+00
9.267186164855957031e+00
9.358871459960937500e+00
9.322168350219726562e+00
9.265319824218750000e+00
9.232470512390136719e+00
9.234966278076171875e+00
9.233082771301269531e+00
9.206512451171875000e+00
9.194627761840820312e+00
9.198028564453125000e+00
9.191240310668945312e+00
9.187026977539062500e+00
9.191411018371582031e+00
9.172503471374511719e+00
9.171983718872070312e+00
9.173192977905273438e+00
9.164153099060058594e+00
9.163660049438476562e+00
9.163477897644042969e+00
9.160374641418457031e+00
9.159270286560058594e+00
9.159001350402832031e+00
9.157136917114257812e+00
9.156186103820800781e+00
9.155591011047363281e+00
9.155531883239746094e+00
9.154820442199707031e+00
9.155603408813476562e+00
9.159707069396972656e+00
9.155699729919433594e+00
9.153554916381835938e+00
9.159193038940429688e+00
9.152379035949707031e+00
9.160043716430664062e+00
9.173698425292968750e+00
9.148040771484375000e+00
9.319038391113281250e+00
9.552124977111816406e+00
9.468182563781738281e+00
9.420491218566894531e+00
9.441952705383300781e+00
9.491783142089843750e+00
1.015570545196533203e+01
9.441807746887207031e+00
9.415493965148925781e+00
9.446035385131835938e+00
9.344998359680175781e+00
9.418026924133300781e+00
9.844476699829101562e+00
1.031260585784912109e+01
1.053713989257812500e+01
1.025033569335937500e+01
9.731983184814453125e+00
9.334322929382324219e+00
9.219149589538574219e+00
9.324108123779296875e+00
9.426194190979003906e+00
9.401630401611328125e+00
9.293413162231445312e+00
9.209362983703613281e+00
9.195527076721191406e+00
9.228685379028320312e+00
9.261270523071289062e+00
9.258401870727539062e+00
9.229190826416015625e+00
9.205048561096191406e+00
9.198296546936035156e+00
9.196795463562011719e+00
9.184727668762207031e+00
9.186274528503417969e+00
9.204409599304199219e+00
9.179824829101562500e+00
9.188364982604980469e+00
9.178927421569824219e+00
9.169374465942382812e+00
9.179687500000000000e+00
9.171088218688964844e+00
9.166733741760253906e+00
9.169082641601562500e+00
9.163216590881347656e+00
9.161879539489746094e+00
9.163692474365234375e+00
9.158836364746093750e+00
9.161291122436523438e+00
9.159450531005859375e+00
9.159358978271484375e+00
9.157752990722656250e+00
9.155792236328125000e+00
9.155461311340332031e+00
9.154393196105957031e+00
9.154531478881835938e+00
9.152735710144042969e+00
9.152021408081054688e+00
9.151091575622558594e+00
9.151111602783203125e+00
9.150579452514648438e+00
9.150395393371582031e+00
9.149827957153320312e+00
9.149522781372070312e+00
9.148955345153808594e+00
9.148621559143066406e+00
9.148213386535644531e+00
9.147902488708496094e+00
9.147363662719726562e+00
9.146932601928710938e+00
9.146527290344238281e+00
9.146247863769531250e+00
9.145908355712890625e+00
9.145637512207031250e+00
9.145361900329589844e+00
9.145099639892578125e+00
9.144808769226074219e+00
9.144560813903808594e+00
9.144337654113769531e+00
9.144104003906250000e+00
9.143864631652832031e+00
9.143646240234375000e+00
9.143456459045410156e+00
9.143267631530761719e+00
9.143103599548339844e+00
9.142965316772460938e+00
9.142839431762695312e+00
9.142705917358398438e+00
9.142585754394531250e+00
9.142480850219726562e+00
9.142374038696289062e+00
9.142267227172851562e+00
9.142170906066894531e+00
9.142077445983886719e+00
9.141980171203613281e+00
9.141890525817871094e+00
9.141809463500976562e+00
9.141732215881347656e+00
9.141655921936035156e+00
9.141585350036621094e+00
9.141518592834472656e+00
9.141450881958007812e+00
9.141384124755859375e+00
9.141321182250976562e+00
9.141259193420410156e+00
9.141197204589843750e+00
9.141136169433593750e+00
9.141077041625976562e+00
9.141020774841308594e+00
9.140963554382324219e+00
9.140912055969238281e+00
9.140861511230468750e+00
9.140810966491699219e+00
9.140764236450195312e+00
9.140718460083007812e+00
9.140674591064453125e+00
9.140630722045898438e+00
9.140590667724609375e+00
9.140550613403320312e+00
9.140511512756347656e+00
9.140474319458007812e+00
9.140439033508300781e+00
9.140405654907226562e+00
9.140373229980468750e+00
9.140341758728027344e+00
9.140312194824218750e+00
9.140281677246093750e+00
9.140254020690917969e+00
9.140228271484375000e+00
9.140202522277832031e+00
9.140176773071289062e+00
9.140153884887695312e+00
9.140130043029785156e+00
9.140108108520507812e+00
9.140087127685546875e+00
9.140066146850585938e+00
9.140047073364257812e+00
9.140027046203613281e+00
9.140008926391601562e+00
9.139991760253906250e+00
9.139975547790527344e+00
9.139958381652832031e+00
9.139943122863769531e+00
9.139928817749023438e+00
9.139915466308593750e+00
9.139901161193847656e+00
9.139886856079101562e+00
9.139874458312988281e+00
9.139863967895507812e+00
9.139851570129394531e+00
9.139841079711914062e+00
9.139830589294433594e+00
9.139821052551269531e+00
9.139810562133789062e+00
9.139801025390625000e+00
9.139793395996093750e+00
9.139784812927246094e+00
9.139777183532714844e+00
9.139769554138183594e+00
9.139762878417968750e+00
9.139755249023437500e+00
9.139749526977539062e+00
9.139743804931640625e+00
9.139737129211425781e+00
9.139732360839843750e+00
9.139727592468261719e+00
9.139722824096679688e+00
9.139719009399414062e+00
9.139714241027832031e+00
9.139711380004882812e+00
9.139707565307617188e+00
9.139703750610351562e+00
9.139700889587402344e+00
9.139698982238769531e+00
9.139696121215820312e+00
9.139693260192871094e+00
9.139691352844238281e+00
9.139690399169921875e+00
9.139688491821289062e+00
9.139686584472656250e+00
9.139685630798339844e+00
9.139679908752441406e+00
9.139692306518554688e+00
9.139724731445312500e+00
9.139744758605957031e+00
9.139774322509765625e+00
9.139818191528320312e+00
9.139843940734863281e+00
9.139866828918457031e+00
9.139892578125000000e+00
9.139900207519531250e+00
9.139897346496582031e+00
9.139895439147949219e+00
9.139879226684570312e+00
9.139856338500976562e+00
9.139840126037597656e+00
9.139816284179687500e+00
9.139793395996093750e+00
9.139776229858398438e+00
9.139760017395019531e+00
9.139742851257324219e+00
9.139734268188476562e+00
9.139725685119628906e+00
9.139716148376464844e+00
9.139711380004882812e+00
9.139706611633300781e+00
9.139702796936035156e+00
9.139701843261718750e+00
9.139701843261718750e+00
9.139699935913085938e+00
9.139701843261718750e+00
9.139702796936035156e+00
9.139703750610351562e+00
9.139705657958984375e+00
9.139708518981933594e+00
9.139708518981933594e+00
9.139709472656250000e+00
9.139711380004882812e+00
9.139711380004882812e+00
9.139712333679199219e+00
9.139714241027832031e+00
9.139714241027832031e+00
9.139715194702148438e+00
9.139717102050781250e+00
9.139717102050781250e+00
9.139719009399414062e+00
9.139719963073730469e+00
9.139721870422363281e+00
9.139724731445312500e+00
9.139726638793945312e+00
9.139729499816894531e+00
9.139732360839843750e+00
9.139734268188476562e+00
9.139737129211425781e+00
9.139740943908691406e+00
9.139744758605957031e+00
9.139748573303222656e+00
9.139752388000488281e+00
9.139756202697753906e+00
9.139760017395019531e+00
9.139764785766601562e+00
9.139769554138183594e+00
9.139773368835449219e+00
9.139778137207031250e+00
9.139781951904296875e+00
9.139787673950195312e+00
9.139791488647460938e+00
9.139795303344726562e+00
9.139801025390625000e+00
9.139805793762207031e+00
9.139810562133789062e+00
9.139815330505371094e+00
9.139821052551269531e+00
9.139824867248535156e+00
9.139829635620117188e+00
9.139834403991699219e+00
9.139840126037597656e+00
9.139844894409179688e+00
9.139849662780761719e+00
9.139854431152343750e+00
9.139859199523925781e+00
9.139863967895507812e+00
9.139869689941406250e+00
9.139874458312988281e+00
9.139879226684570312e+00
9.139884948730468750e+00
9.139889717102050781e+00
9.139894485473632812e+00
9.139900207519531250e+00
9.139904975891113281e+00
9.139909744262695312e+00
9.139914512634277344e+00
9.139919281005859375e+00
9.139925003051757812e+00
9.139930725097656250e+00
9.139934539794921875e+00
9.139940261840820312e+00
9.139944076538085938e+00
9.139949798583984375e+00
9.139955520629882812e+00
9.139959335327148438e+00
9.139964103698730469e+00
9.139969825744628906e+00
9.139974594116210938e+00
9.139979362487792969e+00
9.139984130859375000e+00
9.139988899230957031e+00
9.139993667602539062e+00
9.139999389648437500e+00
9.140004158020019531e+00
9.140008926391601562e+00
9.140013694763183594e+00
9.140019416809082031e+00
9.140023231506347656e+00
9.140028953552246094e+00
9.140032768249511719e+00
9.140037536621093750e+00
9.140042304992675781e+00
9.140047073364257812e+00
9.140052795410156250e+00
9.140056610107421875e+00
9.140060424804687500e+00
9.140066146850585938e+00
9.140069961547851562e+00
9.140074729919433594e+00
9.140079498291015625e+00
9.140084266662597656e+00
9.140088081359863281e+00
9.140092849731445312e+00
9.140097618103027344e+00
9.140102386474609375e+00
9.140106201171875000e+00
9.140110969543457031e+00
9.140114784240722656e+00
9.140118598937988281e+00
9.140123367309570312e+00
9.140127182006835938e+00
9.140130996704101562e+00
9.140135765075683594e+00
9.140139579772949219e+00
9.140144348144531250e+00
9.140148162841796875e+00
