3.223854303359985352e+00
3.120235443115234375e+00
3.012096166610717773e+00
2.897735834121704102e+00
2.784100055694580078e+00
2.656309604644775391e+00
2.520587444305419922e+00
2.386235952377319336e+00
2.263749361038208008e+00
2.155860185623168945e+00
2.062038421630859375e+00
1.984161734580993652e+00
1.921640396118164062e+00
1.873635530471801758e+00
1.838138818740844727e+00
1.812980175018310547e+00
1.796444177627563477e+00
1.787477374076843262e+00
1.783328652381896973e+00
1.782677650451660156e+00
1.784077286720275879e+00
1.786539316177368164e+00
1.789149165153503418e+00
1.791632294654846191e+00
1.794547915458679199e+00
1.797124743461608887e+00
1.799181103706359863e+00
1.800994157791137695e+00
1.802232384681701660e+00
1.802400112152099609e+00
1.802526116371154785e+00
1.802044630050659180e+00
1.800071954727172852e+00
1.799166083335876465e+00
1.798411250114440918e+00
1.797658681869506836e+00
1.796769142150878906e+00
1.795658469200134277e+00
1.793196558952331543e+00
1.790679335594177246e+00
1.788154602050781250e+00
1.785642266273498535e+00
1.783186435699462891e+00
1.780762910842895508e+00
1.778290748596191406e+00
1.775802373886108398e+00
1.773335099220275879e+00
1.770986080169677734e+00
1.768765449523925781e+00
1.766643762588500977e+00
1.764503121376037598e+00
1.762228131294250488e+00
1.759842753410339355e+00
1.757471561431884766e+00
1.755226016044616699e+00
1.753022193908691406e+00
1.750769138336181641e+00
1.748521089553833008e+00
1.746320009231567383e+00
1.744192838668823242e+00
1.742172002792358398e+00
1.740266561508178711e+00
1.738430380821228027e+00
1.736588358879089355e+00
1.734771728515625000e+00
1.732987046241760254e+00
1.731261014938354492e+00
1.729604959487915039e+00
1.727906703948974609e+00
1.725980162620544434e+00
1.723766684532165527e+00
1.721401095390319824e+00
1.719078063964843750e+00
1.716610908508300781e+00
1.713774442672729492e+00
1.710885524749755859e+00
1.708360671997070312e+00
1.706219673156738281e+00
1.704242706298828125e+00
1.702270865440368652e+00
1.700184583663940430e+00
1.697988986968994141e+00
1.695480585098266602e+00
1.693951129913330078e+00
1.691597461700439453e+00
1.667355537414550781e+00
1.660723924636840820e+00
1.656246900558471680e+00
1.657980680465698242e+00
1.658808946609497070e+00
1.664276123046875000e+00
1.670222997665405273e+00
1.669714570045471191e+00
1.665675044059753418e+00
1.660123586654663086e+00
1.656025409698486328e+00
1.652470111846923828e+00
1.652349948883056641e+00
1.584681510925292969e+00
1.568021655082702637e+00
1.568515777587890625e+00
1.568043947219848633e+00
1.568731904029846191e+00
1.570210814476013184e+00
1.569723248481750488e+00
1.569553136825561523e+00
1.568961262702941895e+00
1.565499305725097656e+00
1.549148559570312500e+00
1.516370415687561035e+00
1.513360619544982910e+00
1.512650847434997559e+00
1.513172864913940430e+00
1.512492179870605469e+00
1.511762261390686035e+00
1.511480569839477539e+00
1.511204838752746582e+00
1.510945677757263184e+00
1.510831832885742188e+00
1.510635495185852051e+00
1.510259866714477539e+00
1.509826302528381348e+00
1.509716391563415527e+00
1.509445786476135254e+00
1.509305596351623535e+00
1.509051203727722168e+00
1.508642792701721191e+00
1.508565783500671387e+00
1.508759260177612305e+00
1.508520483970642090e+00
1.509499073028564453e+00
1.509536862373352051e+00
1.512819409370422363e+00
1.512732505798339844e+00
1.513021469116210938e+00
1.513054132461547852e+00
1.512954235076904297e+00
1.512524843215942383e+00
1.512765288352966309e+00
1.512312054634094238e+00
1.511245608329772949e+00
1.510390996932983398e+00
1.510435581207275391e+00
1.510461091995239258e+00
1.510483741760253906e+00
1.511065721511840820e+00
1.510613322257995605e+00
1.510704040527343750e+00
1.510375142097473145e+00
1.510361075401306152e+00
1.510268449783325195e+00
1.510772347450256348e+00
1.510493278503417969e+00
1.509998559951782227e+00
1.510215520858764648e+00
1.509050607681274414e+00
1.508491754531860352e+00
1.508317232131958008e+00
1.508105635643005371e+00
1.508649826049804688e+00
1.508250713348388672e+00
1.508414626121520996e+00
1.507760286331176758e+00
1.507645487785339355e+00
1.507240056991577148e+00
1.507058739662170410e+00
1.507032275199890137e+00
1.506833672523498535e+00
1.506795525550842285e+00
1.506579041481018066e+00
1.506464362144470215e+00
1.506334185600280762e+00
1.506157636642456055e+00
1.506076097488403320e+00
1.506294250488281250e+00
1.506062865257263184e+00
1.506107568740844727e+00
1.505759239196777344e+00
1.505682468414306641e+00
1.505587339401245117e+00
1.505506515502929688e+00
1.505421757698059082e+00
1.505468130111694336e+00
1.505353212356567383e+00
1.505185008049011230e+00
1.505104660987854004e+00
1.505009770393371582e+00
1.504907131195068359e+00
1.504931807518005371e+00
1.504776120185852051e+00
1.504650115966796875e+00
1.504685759544372559e+00
1.505024313926696777e+00
1.504887819290161133e+00
1.504289865493774414e+00
1.504351019859313965e+00
1.504214882850646973e+00
1.504076600074768066e+00
1.504050254821777344e+00
1.507750272750854492e+00
1.506712436676025391e+00
1.507442593574523926e+00
1.504822492599487305e+00
1.503862619400024414e+00
1.505496382713317871e+00
1.503382563591003418e+00
1.503968834877014160e+00
1.503842592239379883e+00
1.502972364425659180e+00
1.502947449684143066e+00
1.502713799476623535e+00
1.502580881118774414e+00
1.502516508102416992e+00
1.502305626869201660e+00
1.502272605895996094e+00
1.502403616905212402e+00
1.502422571182250977e+00
1.502091050148010254e+00
1.502099871635437012e+00
1.502040028572082520e+00
1.501971602439880371e+00
1.501906514167785645e+00
1.501891970634460449e+00
1.501783013343811035e+00
1.501767516136169434e+00
1.501729488372802734e+00
1.501635551452636719e+00
1.501564741134643555e+00
1.501509070396423340e+00
1.501485109329223633e+00
1.501417517662048340e+00
1.501398921012878418e+00
1.501693844795227051e+00
1.501552462577819824e+00
1.501263141632080078e+00
1.501633644104003906e+00
1.501342773437500000e+00
1.502392411231994629e+00
1.503073096275329590e+00
1.501609683036804199e+00
1.501548647880554199e+00
1.501254796981811523e+00
1.501952290534973145e+00
1.503342628479003906e+00
1.507380723953247070e+00
1.503117561340332031e+00
1.502200484275817871e+00
1.504163265228271484e+00
1.501922726631164551e+00
1.502106904983520508e+00
1.502851605415344238e+00
1.501227617263793945e+00
1.502044796943664551e+00
1.500825762748718262e+00
1.500906348228454590e+00
1.500902295112609863e+00
1.500497698783874512e+00
1.500669836997985840e+00
1.500698924064636230e+00
1.500332713127136230e+00
1.500893473625183105e+00
1.500118374824523926e+00
1.500271677970886230e+00
1.499918103218078613e+00
1.499807238578796387e+00
1.499779820442199707e+00
1.499238252639770508e+00
1.498263120651245117e+00
1.499440670013427734e+00
1.498710751533508301e+00
1.502513408660888672e+00
1.501444578170776367e+00
1.500391125679016113e+00
1.500978589057922363e+00
1.500568389892578125e+00
1.502365231513977051e+00
1.501025915145874023e+00
1.499948620796203613e+00
1.501549363136291504e+00
1.499818325042724609e+00
1.502158761024475098e+00
1.502531051635742188e+00
1.501940965652465820e+00
1.501527786254882812e+00
1.501581072807312012e+00
1.501478791236877441e+00
1.501358270645141602e+00
1.501264810562133789e+00
1.501137971878051758e+00
1.501076459884643555e+00
1.501015543937683105e+00
1.500922441482543945e+00
1.500713109970092773e+00
1.500139355659484863e+00
1.499768733978271484e+00
1.499497771263122559e+00
1.498324871063232422e+00
1.498448371887207031e+00
1.498211145401000977e+00
1.498103380203247070e+00
1.498071789741516113e+00
1.497946858406066895e+00
1.497837424278259277e+00
1.497778058052062988e+00
1.497873067855834961e+00
1.497753977775573730e+00
1.497884154319763184e+00
1.497652053833007812e+00
1.497635483741760254e+00
1.497591733932495117e+00
1.497725129127502441e+00
1.497408628463745117e+00
1.496908545494079590e+00
1.498048663139343262e+00
1.500125288963317871e+00
1.502532720565795898e+00
1.502286672592163086e+00
1.502339243888854980e+00
1.501036763191223145e+00
1.502905130386352539e+00
1.501189589500427246e+00
1.500590205192565918e+00
1.504006385803222656e+00
1.502029418945312500e+00
1.503923296928405762e+00
1.500755190849304199e+00
1.498384237289428711e+00
1.501882195472717285e+00
1.498113751411437988e+00
1.499225497245788574e+00
1.501831412315368652e+00
1.499017238616943359e+00
1.498611569404602051e+00
1.499541997909545898e+00
1.498219609260559082e+00
1.497543454170227051e+00
1.500015377998352051e+00
1.497410893440246582e+00
1.496954679489135742e+00
1.496224045753479004e+00
1.495363950729370117e+00
1.497350931167602539e+00
1.500376820564270020e+00
1.503546953201293945e+00
1.502657651901245117e+00
1.502346396446228027e+00
1.500941038131713867e+00
1.497189164161682129e+00
1.502461671829223633e+00
1.500400424003601074e+00
1.497324705123901367e+00
1.499139904975891113e+00
1.500227093696594238e+00
1.498227596282958984e+00
1.497055292129516602e+00
1.496983528137207031e+00
1.499130129814147949e+00
1.500824093818664551e+00
1.498004794120788574e+00
1.500458717346191406e+00
1.505862593650817871e+00
1.505201220512390137e+00
1.500305652618408203e+00
1.501588702201843262e+00
1.507003903388977051e+00
1.498689293861389160e+00
1.504667401313781738e+00
1.504226446151733398e+00
1.498365998268127441e+00
1.500221371650695801e+00
1.501283049583435059e+00
1.498004794120788574e+00
1.499050021171569824e+00
1.499209403991699219e+00
1.497439980506896973e+00
1.497657418251037598e+00
1.497175812721252441e+00
1.497199773788452148e+00
1.497370958328247070e+00
1.496875166893005371e+00
1.497296929359436035e+00
1.496896505355834961e+00
1.497018814086914062e+00
1.496851801872253418e+00
1.497067332267761230e+00
1.496843576431274414e+00
1.496942281723022461e+00
1.496723532676696777e+00
1.496787190437316895e+00
1.496619224548339844e+00
1.496698498725891113e+00
1.496620774269104004e+00
1.496672511100769043e+00
1.496526956558227539e+00
1.496384501457214355e+00
1.496242284774780273e+00
1.495407700538635254e+00
1.499438047409057617e+00
1.498901367187500000e+00
1.497991085052490234e+00
1.501539111137390137e+00
1.501987338066101074e+00
1.500259518623352051e+00
1.508364677429199219e+00
1.503313302993774414e+00
1.501281380653381348e+00
1.505943298339843750e+00
1.502810955047607422e+00
1.506423115730285645e+00
1.507510185241699219e+00
1.501575589179992676e+00
1.505695819854736328e+00
1.501980185508728027e+00
1.502578020095825195e+00
1.504336953163146973e+00
1.502957582473754883e+00
1.504769563674926758e+00
1.499359488487243652e+00
1.499780654907226562e+00
1.500459551811218262e+00
1.500031948089599609e+00
1.499470829963684082e+00
1.500813364982604980e+00
1.500044941902160645e+00
1.500436186790466309e+00
1.499716639518737793e+00
1.497761130332946777e+00
1.497539162635803223e+00
1.497965216636657715e+00
1.497387766838073730e+00
1.496878504753112793e+00
1.497085332870483398e+00
1.496648073196411133e+00
1.496109724044799805e+00
1.496305346488952637e+00
1.495219230651855469e+00
1.498600602149963379e+00
1.496064662933349609e+00
1.514868736267089844e+00
1.503907799720764160e+00
1.501960515975952148e+00
1.502593755722045898e+00
1.513713002204895020e+00
1.503669142723083496e+00
1.501293301582336426e+00
1.501742720603942871e+00
1.501291036605834961e+00
1.500061392784118652e+00
1.499185204505920410e+00
1.499266743659973145e+00
1.498688697814941406e+00
1.497724890708923340e+00
1.499338984489440918e+00
1.496945738792419434e+00
1.497186422348022461e+00
1.495851397514343262e+00
1.495457053184509277e+00
1.495453596115112305e+00
1.495302319526672363e+00
1.495941519737243652e+00
1.494868755340576172e+00
1.494786262512207031e+00
1.495097756385803223e+00
1.496232628822326660e+00
1.496499538421630859e+00
1.496196508407592773e+00
1.495737791061401367e+00
1.495157003402709961e+00
1.494699835777282715e+00
1.494740247726440430e+00
1.494772315025329590e+00
1.494939804077148438e+00
1.493919968605041504e+00
1.496689677238464355e+00
1.496049642562866211e+00
1.495782256126403809e+00
1.494416952133178711e+00
1.494532227516174316e+00
1.494291424751281738e+00
1.494570374488830566e+00
1.493511557579040527e+00
1.494089126586914062e+00
1.493314027786254883e+00
1.493655562400817871e+00
1.493198990821838379e+00
1.492944478988647461e+00
1.493719100952148438e+00
1.492613554000854492e+00
1.492379069328308105e+00
1.491870522499084473e+00
1.492033362388610840e+00
1.491971373558044434e+00
1.494105339050292969e+00
1.492174744606018066e+00
1.496743679046630859e+00
1.491964697837829590e+00
1.492341756820678711e+00
1.494107127189636230e+00
1.492122888565063477e+00
1.492477774620056152e+00
1.491929411888122559e+00
1.491541981697082520e+00
1.491431355476379395e+00
1.491158843040466309e+00
1.490629911422729492e+00
1.491304636001586914e+00
1.491374254226684570e+00
1.493098378181457520e+00
1.490659356117248535e+00
1.495400667190551758e+00
1.491148233413696289e+00
1.490998864173889160e+00
1.493091225624084473e+00
1.490576982498168945e+00
1.491884231567382812e+00
1.490507960319519043e+00
1.490545272827148438e+00
1.490189909934997559e+00
1.489989161491394043e+00
1.490059375762939453e+00
1.489521026611328125e+00
1.489808678627014160e+00
1.489336490631103516e+00
1.489304542541503906e+00
1.489101171493530273e+00
1.488672494888305664e+00
1.488304853439331055e+00
1.489964127540588379e+00
1.492161393165588379e+00
1.489973902702331543e+00
1.489403009414672852e+00
1.488230824470520020e+00
1.490494489669799805e+00
1.490132808685302734e+00
1.488630175590515137e+00
1.488686800003051758e+00
1.488297343254089355e+00
1.488153815269470215e+00
1.488153815269470215e+00
1.487675666809082031e+00
1.488382816314697266e+00
1.490035176277160645e+00
1.490246415138244629e+00
1.490642189979553223e+00
1.491202116012573242e+00
1.489238977432250977e+00
1.488400220870971680e+00
1.488028168678283691e+00
1.487593293190002441e+00
1.487293481826782227e+00
1.487196922302246094e+00
1.486772298812866211e+00
1.487187743186950684e+00
1.488587260246276855e+00
1.488287091255187988e+00
1.487287878990173340e+00
1.486808776855468750e+00
1.489664316177368164e+00
1.487125158309936523e+00
1.488335967063903809e+00
1.486806035041809082e+00
1.486659646034240723e+00
1.487135887145996094e+00
1.488682866096496582e+00
1.488890051841735840e+00
1.486560225486755371e+00
1.488987922668457031e+00
1.487424850463867188e+00
1.490170717239379883e+00
1.486521363258361816e+00
1.487844467163085938e+00
1.488591313362121582e+00
1.487712502479553223e+00
1.487543702125549316e+00
1.486708164215087891e+00
1.486339926719665527e+00
1.486268877983093262e+00
1.486795783042907715e+00
1.486483573913574219e+00
1.486451983451843262e+00
1.486263394355773926e+00
1.486260175704956055e+00
1.485872983932495117e+00
1.485778927803039551e+00
1.485593199729919434e+00
1.485661149024963379e+00
1.485452890396118164e+00
1.485346794128417969e+00
1.485781311988830566e+00
1.487416505813598633e+00
1.485235929489135742e+00
1.486900091171264648e+00
1.486735463142395020e+00
1.486358642578125000e+00
1.487353920936584473e+00
1.486388921737670898e+00
1.485679864883422852e+00
1.486327052116394043e+00
1.486304283142089844e+00
1.487766265869140625e+00
1.486998319625854492e+00
1.486112236976623535e+00
1.486501455307006836e+00
1.488708972930908203e+00
1.485118150711059570e+00
1.487982392311096191e+00
1.488266229629516602e+00
1.488159060478210449e+00
1.486929178237915039e+00
1.490835547447204590e+00
1.490423083305358887e+00
1.489101290702819824e+00
1.484791874885559082e+00
1.488249421119689941e+00
1.491360306739807129e+00
1.489283323287963867e+00
1.486420750617980957e+00
1.486968278884887695e+00
1.487889766693115234e+00
1.486930251121520996e+00
1.488347053527832031e+00
1.487656950950622559e+00
1.486429572105407715e+00
1.486933112144470215e+00
1.486594676971435547e+00
1.486228823661804199e+00
1.485759377479553223e+00
1.485776662826538086e+00
1.485515236854553223e+00
1.485737204551696777e+00
1.485702276229858398e+00
1.485734343528747559e+00
1.485649943351745605e+00
1.485666632652282715e+00
1.485452294349670410e+00
1.485491633415222168e+00
1.485466241836547852e+00
1.485618114471435547e+00
1.485234975814819336e+00
1.485180616378784180e+00
1.485501885414123535e+00
1.485318303108215332e+00
1.485203385353088379e+00
1.485113978385925293e+00
1.485062479972839355e+00
1.485271096229553223e+00
1.485157728195190430e+00
1.484937548637390137e+00
1.484962582588195801e+00
1.484991550445556641e+00
1.484776258468627930e+00
1.484858632087707520e+00
1.484666705131530762e+00
1.484681248664855957e+00
1.484880924224853516e+00
1.485319733619689941e+00
1.486418128013610840e+00
1.486404418945312500e+00
1.484669804573059082e+00
1.485123157501220703e+00
1.485725760459899902e+00
1.484541773796081543e+00
1.484492778778076172e+00
1.484983444213867188e+00
1.484186530113220215e+00
1.484100818634033203e+00
1.484395265579223633e+00
1.484301090240478516e+00
1.484457850456237793e+00
1.484817624092102051e+00
1.484879493713378906e+00
1.484479427337646484e+00
1.484522700309753418e+00
1.484405517578125000e+00
1.484165549278259277e+00
1.484370708465576172e+00
1.484213709831237793e+00
1.483966588973999023e+00
1.484793186187744141e+00
1.485173344612121582e+00
1.484759688377380371e+00
1.484533667564392090e+00
1.484947919845581055e+00
1.484091281890869141e+00
1.484973430633544922e+00
1.485077857971191406e+00
1.484897613525390625e+00
1.484668374061584473e+00
1.484521865844726562e+00
1.484285831451416016e+00
1.484249830245971680e+00
1.484215974807739258e+00
1.484004139900207520e+00
1.484306693077087402e+00
1.484003305435180664e+00
1.483830213546752930e+00
1.484379529953002930e+00
1.484422683715820312e+00
1.483803510665893555e+00
1.484165310859680176e+00
1.484297037124633789e+00
1.483789682388305664e+00
1.485057234764099121e+00
1.484207391738891602e+00
1.484161376953125000e+00
1.484201788902282715e+00
1.484459519386291504e+00
1.483908891677856445e+00
1.483833432197570801e+00
1.484475016593933105e+00
1.483671069145202637e+00
1.484464406967163086e+00
1.483663439750671387e+00
1.483749032020568848e+00
1.484021186828613281e+00
1.483896017074584961e+00
1.483717679977416992e+00
1.483807086944580078e+00
1.483727931976318359e+00
1.484612345695495605e+00
1.484402656555175781e+00
1.483631849288940430e+00
1.484629273414611816e+00
1.484495162963867188e+00
1.483990192413330078e+00
1.484360814094543457e+00
1.483657956123352051e+00
1.483839273452758789e+00
1.483322381973266602e+00
1.484430909156799316e+00
1.484434485435485840e+00
1.483871936798095703e+00
1.483970642089843750e+00
1.484375357627868652e+00
1.484109282493591309e+00
1.484088182449340820e+00
1.483624935150146484e+00
1.483570456504821777e+00
1.484015703201293945e+00
1.483806967735290527e+00
1.483521342277526855e+00
1.483869075775146484e+00
1.483736276626586914e+00
1.483801364898681641e+00
1.483519077301025391e+00
1.483418822288513184e+00
1.483352899551391602e+00
1.483646750450134277e+00
1.483710646629333496e+00
1.483757257461547852e+00
1.483468413352966309e+00
1.483370304107666016e+00
1.483510255813598633e+00
1.483864784240722656e+00
1.483286023139953613e+00
1.483965873718261719e+00
1.484107971191406250e+00
1.483345031738281250e+00
1.483757257461547852e+00
1.483733296394348145e+00
1.483421206474304199e+00
1.484420537948608398e+00
1.483982920646667480e+00
1.483577132225036621e+00
1.484573125839233398e+00
1.483617424964904785e+00
1.483777523040771484e+00
1.483628392219543457e+00
1.485133767127990723e+00
1.483703255653381348e+00
1.483564019203186035e+00
1.483648538589477539e+00
1.483468651771545410e+00
1.484237074851989746e+00
1.483182191848754883e+00
1.484244704246520996e+00
1.484145402908325195e+00
1.483504891395568848e+00
1.483630537986755371e+00
1.483498930931091309e+00
1.483280897140502930e+00
1.483283758163452148e+00
1.483434796333312988e+00
1.483183741569519043e+00
1.483646869659423828e+00
1.484241604804992676e+00
1.483343243598937988e+00
1.484157919883728027e+00
1.483790874481201172e+00
1.483361005783081055e+00
1.484085679054260254e+00
1.483904123306274414e+00
1.483405590057373047e+00
1.484048366546630859e+00
1.483865141868591309e+00
1.483660817146301270e+00
1.483904480934143066e+00
1.485539078712463379e+00
1.483397960662841797e+00
1.483137726783752441e+00
1.484575033187866211e+00
1.484141230583190918e+00
1.483745336532592773e+00
1.483323097229003906e+00
1.483301997184753418e+00
1.483153939247131348e+00
1.483072996139526367e+00
1.483103871345520020e+00
1.483014941215515137e+00
1.483307719230651855e+00
1.483247995376586914e+00
1.483141899108886719e+00
1.483235716819763184e+00
1.483156323432922363e+00
1.483091711997985840e+00
1.483304023742675781e+00
1.483187198638916016e+00
1.483108639717102051e+00
1.483050465583801270e+00
1.483149766921997070e+00
1.483470201492309570e+00
1.483722329139709473e+00
1.483980894088745117e+00
1.483309388160705566e+00
1.483571529388427734e+00
1.483690023422241211e+00
1.483291864395141602e+00
1.483591556549072266e+00
1.483650684356689453e+00
1.484555006027221680e+00
1.483463287353515625e+00
1.484127044677734375e+00
1.483999490737915039e+00
1.483245611190795898e+00
1.485043525695800781e+00
1.483373761177062988e+00
1.483806848526000977e+00
1.483569741249084473e+00
1.483795404434204102e+00
1.483322501182556152e+00
1.483162522315979004e+00
1.483710050582885742e+00
1.483315944671630859e+00
1.483020067214965820e+00
1.483255743980407715e+00
1.483106851577758789e+00
1.483521699905395508e+00
1.484038949012756348e+00
1.485930085182189941e+00
1.484244585037231445e+00
1.483128666877746582e+00
1.484366297721862793e+00
1.483406186103820801e+00
1.483586668968200684e+00
1.483288645744323730e+00
1.483717679977416992e+00
1.484136819839477539e+00
1.483907222747802734e+00
1.483249068260192871e+00
1.483195900917053223e+00
1.483127117156982422e+00
1.483505010604858398e+00
1.483186721801757812e+00
1.484084486961364746e+00
1.483317613601684570e+00
1.483280897140502930e+00
1.482966542243957520e+00
1.483007788658142090e+00
1.482953429222106934e+00
1.482859969139099121e+00
1.482986927032470703e+00
1.482998967170715332e+00
1.483416914939880371e+00
1.483647704124450684e+00
1.483288168907165527e+00
1.483055114746093750e+00
1.483424782752990723e+00
1.483286380767822266e+00
1.482888817787170410e+00
1.482894539833068848e+00
1.483138084411621094e+00
1.483121633529663086e+00
1.483997702598571777e+00
1.484768033027648926e+00
1.485271811485290527e+00
1.483213782310485840e+00
1.483091115951538086e+00
1.483368635177612305e+00
1.483180761337280273e+00
1.484755635261535645e+00
1.483255743980407715e+00
1.484480261802673340e+00
1.482907056808471680e+00
1.482950568199157715e+00
1.483346581459045410e+00
1.483866810798645020e+00
1.483860254287719727e+00
1.483254075050354004e+00
1.482986927032470703e+00
1.482973337173461914e+00
1.482810258865356445e+00
1.483304023742675781e+00
1.483713626861572266e+00
1.484105825424194336e+00
1.483258605003356934e+00
1.483022928237915039e+00
1.484652757644653320e+00
1.483705401420593262e+00
1.483483791351318359e+00
1.483539938926696777e+00
1.483926892280578613e+00
1.482987880706787109e+00
1.483281612396240234e+00
1.482861638069152832e+00
1.483795642852783203e+00
1.483462810516357422e+00
1.482980728149414062e+00
1.484682321548461914e+00
1.483153581619262695e+00
1.483175635337829590e+00
1.483576297760009766e+00
1.482847929000854492e+00
1.482975244522094727e+00
1.483057260513305664e+00
1.482841610908508301e+00
1.483304738998413086e+00
1.483915448188781738e+00
1.483541965484619141e+00
1.482911229133605957e+00
1.483260273933410645e+00
1.483092784881591797e+00
1.483017802238464355e+00
1.483320474624633789e+00
1.483010292053222656e+00
1.482836008071899414e+00
1.483743786811828613e+00
1.483745574951171875e+00
1.483205437660217285e+00
1.485171794891357422e+00
1.482898473739624023e+00
1.483729124069213867e+00
1.483473539352416992e+00
1.482988119125366211e+00
1.483259558677673340e+00
1.482697606086730957e+00
1.483549237251281738e+00
1.483452558517456055e+00
1.483191132545471191e+00
1.485285878181457520e+00
1.483254194259643555e+00
1.482980132102966309e+00
1.484438538551330566e+00
1.483005762100219727e+00
1.483373761177062988e+00
1.483597397804260254e+00
1.484078288078308105e+00
1.482965946197509766e+00
1.483156919479370117e+00
1.483298540115356445e+00
1.482984304428100586e+00
1.482701778411865234e+00
1.482631802558898926e+00
1.482803940773010254e+00
1.482728958129882812e+00
1.484124898910522461e+00
1.485580325126647949e+00
1.483218789100646973e+00
1.483969807624816895e+00
1.483969211578369141e+00
1.483413815498352051e+00
1.483998179435729980e+00
1.484273433685302734e+00
1.483006238937377930e+00
1.483288645744323730e+00
1.482889652252197266e+00
1.483193278312683105e+00
1.483638644218444824e+00
1.483411312103271484e+00
1.483075261116027832e+00
1.482942581176757812e+00
1.484221935272216797e+00
1.485442757606506348e+00
1.482813119888305664e+00
1.482804536819458008e+00
1.483012914657592773e+00
1.482728123664855957e+00
1.483133792877197266e+00
1.485873341560363770e+00
1.492619752883911133e+00
1.489721179008483887e+00
1.490206241607666016e+00
1.491016387939453125e+00
1.488508224487304688e+00
1.490130782127380371e+00
1.488122701644897461e+00
1.485932111740112305e+00
1.487094283103942871e+00
1.485379815101623535e+00
1.485988736152648926e+00
1.487093329429626465e+00
