5.723002243041992188e+01
5.587458038330078125e+01
5.438143157958984375e+01
5.280364990234375000e+01
5.088683319091796875e+01
4.889238739013671875e+01
4.668820190429687500e+01
4.437367248535156250e+01
4.173890304565429688e+01
3.814685821533203125e+01
3.490061187744140625e+01
3.201689147949218750e+01
2.926202583312988281e+01
2.658005523681640625e+01
2.393552207946777344e+01
2.105464553833007812e+01
1.815830230712890625e+01
1.604499244689941406e+01
1.427400112152099609e+01
1.284404277801513672e+01
1.182467746734619141e+01
1.116356658935546875e+01
1.074096488952636719e+01
1.050146198272705078e+01
1.040558528900146484e+01
1.041399097442626953e+01
1.046197223663330078e+01
1.052265930175781250e+01
1.068577480316162109e+01
1.090391635894775391e+01
1.112293910980224609e+01
1.134494113922119141e+01
1.156750869750976562e+01
1.179588890075683594e+01
1.191975402832031250e+01
1.196427726745605469e+01
1.194974327087402344e+01
1.201174926757812500e+01
1.188376045227050781e+01
1.163171100616455078e+01
1.140754699707031250e+01
1.131673049926757812e+01
1.125796604156494141e+01
1.123520278930664062e+01
1.126240730285644531e+01
1.118177795410156250e+01
1.110322952270507812e+01
1.101997661590576172e+01
1.094674587249755859e+01
1.090551853179931641e+01
1.089492797851562500e+01
1.090767002105712891e+01
1.092695999145507812e+01
1.093802070617675781e+01
1.093432807922363281e+01
1.092209243774414062e+01
1.091589260101318359e+01
1.092257022857666016e+01
1.094082641601562500e+01
1.096397113800048828e+01
1.098322582244873047e+01
1.099399948120117188e+01
1.099759674072265625e+01
1.099901103973388672e+01
1.100302696228027344e+01
1.101094913482666016e+01
1.102048587799072266e+01
1.102764797210693359e+01
1.102966785430908203e+01
1.102679634094238281e+01
1.102170085906982422e+01
1.101732540130615234e+01
1.101502799987792969e+01
1.101416778564453125e+01
1.101304054260253906e+01
1.101031398773193359e+01
1.100597095489501953e+01
1.100113105773925781e+01
1.099711894989013672e+01
1.099454879760742188e+01
1.099305629730224609e+01
1.099171924591064453e+01
1.098979282379150391e+01
1.098719692230224609e+01
1.098445129394531250e+01
1.098221492767333984e+01
1.098080921173095703e+01
1.098005485534667969e+01
1.097948455810546875e+01
1.097869205474853516e+01
1.097758102416992188e+01
1.097634983062744141e+01
1.097525215148925781e+01
1.097440624237060547e+01
1.097370529174804688e+01
1.097292900085449219e+01
1.097192192077636719e+01
1.097068786621093750e+01
1.096936416625976562e+01
1.096810150146484375e+01
1.096694946289062500e+01
1.096583843231201172e+01
1.096465206146240234e+01
1.096333599090576172e+01
1.096193981170654297e+01
1.096062946319580078e+01
1.097326755523681641e+01
1.100860118865966797e+01
1.105343341827392578e+01
1.104781055450439453e+01
1.096231269836425781e+01
1.092184066772460938e+01
1.091665363311767578e+01
1.088260173797607422e+01
1.083194541931152344e+01
1.078693866729736328e+01
1.075532150268554688e+01
1.073560142517089844e+01
1.072578620910644531e+01
1.072369861602783203e+01
1.072350978851318359e+01
1.071808147430419922e+01
1.070754337310791016e+01
1.069723510742187500e+01
1.069051361083984375e+01
1.068821048736572266e+01
1.069012546539306641e+01
1.069517326354980469e+01
1.070113754272460938e+01
1.070537376403808594e+01
1.070638275146484375e+01
1.070464706420898438e+01
1.070183372497558594e+01
1.069948101043701172e+01
1.069828891754150391e+01
1.069809532165527344e+01
1.069814968109130859e+01
1.069752788543701172e+01
1.069560146331787109e+01
1.069232082366943359e+01
1.068816184997558594e+01
1.068376445770263672e+01
1.067955684661865234e+01
1.067556858062744141e+01
1.067124843597412109e+01
1.066419219970703125e+01
1.064169120788574219e+01
1.060788345336914062e+01
1.058503437042236328e+01
1.057438659667968750e+01
1.056799793243408203e+01
1.056221866607666016e+01
1.055638694763183594e+01
1.055105590820312500e+01
1.054665756225585938e+01
1.054296016693115234e+01
1.053931236267089844e+01
1.053511142730712891e+01
1.053011703491210938e+01
1.052443790435791016e+01
1.051837444305419922e+01
1.051219654083251953e+01
1.050601577758789062e+01
1.049977397918701172e+01
1.049332904815673828e+01
1.048657417297363281e+01
1.047953701019287109e+01
1.047238254547119141e+01
1.046533870697021484e+01
1.045858573913574219e+01
1.045216655731201172e+01
1.044599723815917969e+01
1.043993568420410156e+01
1.043388080596923828e+01
1.042781352996826172e+01
1.042179203033447266e+01
1.041589736938476562e+01
1.041018390655517578e+01
1.040465545654296875e+01
1.039928817749023438e+01
1.039406108856201172e+01
1.038896083831787109e+01
1.038399219512939453e+01
1.037915611267089844e+01
1.037445831298828125e+01
1.036992454528808594e+01
1.036541652679443359e+01
1.036099720001220703e+01
1.035665702819824219e+01
1.035234832763671875e+01
1.034802627563476562e+01
1.034362125396728516e+01
1.033908653259277344e+01
1.033442687988281250e+01
1.032965946197509766e+01
1.032476902008056641e+01
1.031971168518066406e+01
1.031443309783935547e+01
1.030891799926757812e+01
1.030319881439208984e+01
1.029732704162597656e+01
1.029133510589599609e+01
1.028523063659667969e+01
1.027901458740234375e+01
1.027270507812500000e+01
1.026629924774169922e+01
1.025975799560546875e+01
1.025299930572509766e+01
1.024593544006347656e+01
1.023847675323486328e+01
1.023049259185791016e+01
1.022180461883544922e+01
1.021222686767578125e+01
1.020163440704345703e+01
1.018994712829589844e+01
1.017713069915771484e+01
1.016322803497314453e+01
1.014838027954101562e+01
1.013279342651367188e+01
1.011672306060791016e+01
1.010046958923339844e+01
1.008435249328613281e+01
1.006869697570800781e+01
1.005379772186279297e+01
1.003986263275146484e+01
1.002699089050292969e+01
1.001464080810546875e+01
1.000388145446777344e+01
9.994500160217285156e+00
9.985898971557617188e+00
9.977542877197265625e+00
9.969491004943847656e+00
9.962214469909667969e+00
9.955821990966796875e+00
9.950114250183105469e+00
9.944659233093261719e+00
9.939170837402343750e+00
9.933714866638183594e+00
9.928494453430175781e+00
9.923497200012207031e+00
9.918553352355957031e+00
9.913676261901855469e+00
9.909318923950195312e+00
9.905722618103027344e+00
9.901632308959960938e+00
9.896484375000000000e+00
9.891646385192871094e+00
9.888706207275390625e+00
9.889843940734863281e+00
9.898255348205566406e+00
9.914677619934082031e+00
9.931079864501953125e+00
9.929846763610839844e+00
9.898931503295898438e+00
9.849825859069824219e+00
9.803321838378906250e+00
9.767558097839355469e+00
9.714216232299804688e+00
9.647862434387207031e+00
9.626952171325683594e+00
9.648888587951660156e+00
9.648941040039062500e+00
9.610822677612304688e+00
9.573358535766601562e+00
9.553680419921875000e+00
9.542817115783691406e+00
9.526563644409179688e+00
9.517612457275390625e+00
9.527380943298339844e+00
9.545593261718750000e+00
9.551759719848632812e+00
9.540931701660156250e+00
9.530168533325195312e+00
9.533573150634765625e+00
9.550893783569335938e+00
9.572651863098144531e+00
9.588738441467285156e+00
9.567821502685546875e+00
9.514369964599609375e+00
9.470830917358398438e+00
9.444422721862792969e+00
9.430772781372070312e+00
9.428844451904296875e+00
9.434803009033203125e+00
9.437931060791015625e+00
9.425828933715820312e+00
9.396843910217285156e+00
9.355130195617675781e+00
9.242383956909179688e+00
9.152753829956054688e+00
9.133181571960449219e+00
9.108096122741699219e+00
9.069198608398437500e+00
9.074689865112304688e+00
9.029840469360351562e+00
9.040996551513671875e+00
9.022295951843261719e+00
9.000763893127441406e+00
9.008513450622558594e+00
8.990106582641601562e+00
8.975562095642089844e+00
8.966359138488769531e+00
8.966512680053710938e+00
8.965535163879394531e+00
8.947009086608886719e+00
8.967041015625000000e+00
9.006193161010742188e+00
8.978668212890625000e+00
8.976140022277832031e+00
8.989275932312011719e+00
8.977454185485839844e+00
8.965050697326660156e+00
8.982532501220703125e+00
9.010387420654296875e+00
8.970099449157714844e+00
8.952761650085449219e+00
8.976723670959472656e+00
9.253620147705078125e+00
8.931668281555175781e+00
9.309945106506347656e+00
1.037256240844726562e+01
1.121148777008056641e+01
1.079159545898437500e+01
1.008393764495849609e+01
9.634037971496582031e+00
9.502095222473144531e+00
9.340809822082519531e+00
8.915653228759765625e+00
8.862622261047363281e+00
8.960525512695312500e+00
9.311844825744628906e+00
9.555562973022460938e+00
9.286329269409179688e+00
9.176562309265136719e+00
9.112039566040039062e+00
9.152306556701660156e+00
9.264790534973144531e+00
9.164942741394042969e+00
9.107802391052246094e+00
9.113525390625000000e+00
9.043615341186523438e+00
9.078701019287109375e+00
9.022344589233398438e+00
8.947018623352050781e+00
8.919198036193847656e+00
8.909121513366699219e+00
8.908119201660156250e+00
8.915865898132324219e+00
8.934117317199707031e+00
8.938100814819335938e+00
8.917806625366210938e+00
8.903648376464843750e+00
8.898593902587890625e+00
8.900275230407714844e+00
8.910259246826171875e+00
8.931097984313964844e+00
8.948766708374023438e+00
8.942280769348144531e+00
8.934740066528320312e+00
8.941210746765136719e+00
8.956865310668945312e+00
8.965223312377929688e+00
8.962877273559570312e+00
8.958314895629882812e+00
8.958492279052734375e+00
8.964719772338867188e+00
8.971938133239746094e+00
8.971561431884765625e+00
8.965105056762695312e+00
8.961382865905761719e+00
8.963232040405273438e+00
8.965797424316406250e+00
8.963967323303222656e+00
8.959728240966796875e+00
8.958837509155273438e+00
8.963170051574707031e+00
8.966685295104980469e+00
8.963863372802734375e+00
8.958974838256835938e+00
8.958421707153320312e+00
8.961570739746093750e+00
8.966875076293945312e+00
8.970756530761718750e+00
8.968374252319335938e+00
8.966624259948730469e+00
8.966678619384765625e+00
8.968978881835937500e+00
8.972086906433105469e+00
8.971857070922851562e+00
8.970111846923828125e+00
8.976935386657714844e+00
8.989623069763183594e+00
8.982645034790039062e+00
8.970232009887695312e+00
8.963870048522949219e+00
8.969923019409179688e+00
8.992263793945312500e+00
8.996867179870605469e+00
8.978265762329101562e+00
8.965712547302246094e+00
8.960245132446289062e+00
8.966401100158691406e+00
8.994870185852050781e+00
9.011467933654785156e+00
8.983055114746093750e+00
8.968151092529296875e+00
8.963153839111328125e+00
8.963211059570312500e+00
8.967391967773437500e+00
8.974306106567382812e+00
8.975807189941406250e+00
8.966120719909667969e+00
8.954796791076660156e+00
8.947605133056640625e+00
8.945039749145507812e+00
8.946619987487792969e+00
8.950843811035156250e+00
8.954460144042968750e+00
8.954625129699707031e+00
8.952596664428710938e+00
8.951251029968261719e+00
8.952062606811523438e+00
8.955033302307128906e+00
8.959203720092773438e+00
8.962564468383789062e+00
8.963381767272949219e+00
8.962279319763183594e+00
8.961194038391113281e+00
8.961147308349609375e+00
8.961690902709960938e+00
8.962129592895507812e+00
8.962154388427734375e+00
8.961698532104492188e+00
8.960970878601074219e+00
8.960641860961914062e+00
8.960990905761718750e+00
8.961167335510253906e+00
8.960589408874511719e+00
8.960031509399414062e+00
8.959701538085937500e+00
8.959755897521972656e+00
8.960051536560058594e+00
8.960052490234375000e+00
8.959884643554687500e+00
8.960173606872558594e+00
8.960721015930175781e+00
8.960887908935546875e+00
8.961160659790039062e+00
8.961396217346191406e+00
8.961566925048828125e+00
8.961575508117675781e+00
8.961089134216308594e+00
8.960960388183593750e+00
8.961150169372558594e+00
8.961104393005371094e+00
8.960917472839355469e+00
8.961222648620605469e+00
8.961741447448730469e+00
8.961717605590820312e+00
8.961769104003906250e+00
8.961166381835937500e+00
8.960469245910644531e+00
8.960369110107421875e+00
8.960332870483398438e+00
8.961170196533203125e+00
8.962646484375000000e+00
8.963913917541503906e+00
8.964985847473144531e+00
8.966480255126953125e+00
8.967967033386230469e+00
8.967864036560058594e+00
8.967154502868652344e+00
8.966559410095214844e+00
8.965618133544921875e+00
8.965272903442382812e+00
8.965396881103515625e+00
8.965233802795410156e+00
8.964925765991210938e+00
8.965237617492675781e+00
8.965195655822753906e+00
8.964223861694335938e+00
8.963202476501464844e+00
8.963110923767089844e+00
8.963708877563476562e+00
8.964015960693359375e+00
8.964111328125000000e+00
8.964859962463378906e+00
8.965318679809570312e+00
8.964819908142089844e+00
8.964193344116210938e+00
8.964442253112792969e+00
8.965272903442382812e+00
8.965578079223632812e+00
8.965454101562500000e+00
8.965264320373535156e+00
8.965360641479492188e+00
8.965555191040039062e+00
8.965268135070800781e+00
8.964520454406738281e+00
8.963771820068359375e+00
8.964198112487792969e+00
8.965329170227050781e+00
8.965224266052246094e+00
8.964198112487792969e+00
8.963323593139648438e+00
8.963796615600585938e+00
8.965132713317871094e+00
8.965712547302246094e+00
8.965444564819335938e+00
8.964378356933593750e+00
8.963337898254394531e+00
8.963972091674804688e+00
8.965552330017089844e+00
8.966012001037597656e+00
8.965167045593261719e+00
8.963749885559082031e+00
8.962336540222167969e+00
8.962622642517089844e+00
8.964184761047363281e+00
8.964579582214355469e+00
8.963612556457519531e+00
8.963303565979003906e+00
8.963328361511230469e+00
8.962638854980468750e+00
8.962961196899414062e+00
8.963780403137207031e+00
8.963563919067382812e+00
8.962876319885253906e+00
8.962959289550781250e+00
8.963592529296875000e+00
8.963685035705566406e+00
8.963261604309082031e+00
8.963785171508789062e+00
8.964784622192382812e+00
8.964203834533691406e+00
8.963678359985351562e+00
8.963533401489257812e+00
8.962666511535644531e+00
8.961716651916503906e+00
8.962252616882324219e+00
8.963230133056640625e+00
8.962934494018554688e+00
8.961932182312011719e+00
8.961953163146972656e+00
8.962677955627441406e+00
8.962580680847167969e+00
8.961562156677246094e+00
8.961476325988769531e+00
8.962303161621093750e+00
8.962272644042968750e+00
8.961585044860839844e+00
8.961107254028320312e+00
8.961743354797363281e+00
8.962734222412109375e+00
8.962490081787109375e+00
8.961277961730957031e+00
8.960124015808105469e+00
8.960838317871093750e+00
8.962312698364257812e+00
8.962368011474609375e+00
8.961318016052246094e+00
8.960221290588378906e+00
8.960861206054687500e+00
8.962351799011230469e+00
8.962015151977539062e+00
8.960346221923828125e+00
8.958830833435058594e+00
8.959387779235839844e+00
8.961361885070800781e+00
8.961689949035644531e+00
8.960390090942382812e+00
8.959226608276367188e+00
8.960094451904296875e+00
8.962006568908691406e+00
8.962466239929199219e+00
8.961228370666503906e+00
8.959515571594238281e+00
8.958719253540039062e+00
8.960196495056152344e+00
8.962829589843750000e+00
8.962662696838378906e+00
8.960021018981933594e+00
8.957502365112304688e+00
8.957637786865234375e+00
8.959697723388671875e+00
8.960577964782714844e+00
8.959876060485839844e+00
8.957677841186523438e+00
8.955967903137207031e+00
8.955788612365722656e+00
1.058387470245361328e+01
1.687394523620605469e+01
1.897237777709960938e+01
1.851710319519042969e+01
1.767798233032226562e+01
1.666348648071289062e+01
1.559726524353027344e+01
1.453524971008300781e+01
1.352879333496093750e+01
1.263034343719482422e+01
1.185239124298095703e+01
1.122336196899414062e+01
1.075311851501464844e+01
1.036063957214355469e+01
1.009163379669189453e+01
9.950407981872558594e+00
9.913925170898437500e+00
9.819249153137207031e+00
9.830754280090332031e+00
9.936970710754394531e+00
1.003322601318359375e+01
1.004786109924316406e+01
1.008967876434326172e+01
1.017432498931884766e+01
1.027913188934326172e+01
1.035586071014404297e+01
1.038345909118652344e+01
1.040657997131347656e+01
1.044227504730224609e+01
1.048496913909912109e+01
1.052877426147460938e+01
1.056370258331298828e+01
1.057912921905517578e+01
1.059890747070312500e+01
1.061826133728027344e+01
1.063393783569335938e+01
1.064090633392333984e+01
1.063401031494140625e+01
1.061341094970703125e+01
1.058545017242431641e+01
1.056110572814941406e+01
1.054606437683105469e+01
1.053310585021972656e+01
1.051260662078857422e+01
1.048384380340576172e+01
1.045097541809082031e+01
1.041935062408447266e+01
1.039273262023925781e+01
1.037827396392822266e+01
1.037128829956054688e+01
1.036030769348144531e+01
1.034492683410644531e+01
1.032942962646484375e+01
1.031689548492431641e+01
1.031837749481201172e+01
1.032859516143798828e+01
1.032885169982910156e+01
1.031864547729492188e+01
1.030404853820800781e+01
1.029197692871093750e+01
1.028373432159423828e+01
1.029628658294677734e+01
1.031578350067138672e+01
1.032493019104003906e+01
1.032265186309814453e+01
1.031502056121826172e+01
1.030880546569824219e+01
1.030710792541503906e+01
1.030756092071533203e+01
1.032084178924560547e+01
1.033600044250488281e+01
1.034157562255859375e+01
1.034311199188232422e+01
1.034253883361816406e+01
1.031719875335693359e+01
1.030431747436523438e+01
1.036884212493896484e+01
1.040906810760498047e+01
1.041193008422851562e+01
1.038101100921630859e+01
1.034204864501953125e+01
1.030861186981201172e+01
1.023928070068359375e+01
1.019357204437255859e+01
1.026154232025146484e+01
1.030336761474609375e+01
1.024848842620849609e+01
1.020811748504638672e+01
1.027708625793457031e+01
1.034333324432373047e+01
1.034109878540039062e+01
1.023617649078369141e+01
1.018892574310302734e+01
1.025085449218750000e+01
1.031484985351562500e+01
1.026130199432373047e+01
1.019629764556884766e+01
1.021707248687744141e+01
1.023455047607421875e+01
1.013139629364013672e+01
9.918372154235839844e+00
9.847927093505859375e+00
9.984475135803222656e+00
1.007446575164794922e+01
9.969712257385253906e+00
9.896690368652343750e+00
9.932693481445312500e+00
1.002440452575683594e+01
1.006689453125000000e+01
1.005158329010009766e+01
1.006183147430419922e+01
1.010461807250976562e+01
1.010891342163085938e+01
1.006782627105712891e+01
1.008819103240966797e+01
1.014505863189697266e+01
1.012925338745117188e+01
1.008423900604248047e+01
1.009221076965332031e+01
1.014272499084472656e+01
1.013163089752197266e+01
1.006274223327636719e+01
1.003104686737060547e+01
1.006439685821533203e+01
1.004123306274414062e+01
1.000341224670410156e+01
9.978730201721191406e+00
1.004367923736572266e+01
1.006653118133544922e+01
1.002936267852783203e+01
1.000269222259521484e+01
1.007388019561767578e+01
1.013889503479003906e+01
1.009712886810302734e+01
1.005650901794433594e+01
1.008897972106933594e+01
1.017198753356933594e+01
1.013450908660888672e+01
1.003265476226806641e+01
1.000235843658447266e+01
1.007889842987060547e+01
1.015853214263916016e+01
1.013132476806640625e+01
9.936182975769042969e+00
9.822861671447753906e+00
9.975753784179687500e+00
1.011710262298583984e+01
9.805797576904296875e+00
9.816178321838378906e+00
9.993926048278808594e+00
9.965802192687988281e+00
9.960988044738769531e+00
9.963172912597656250e+00
1.000818443298339844e+01
1.001889324188232422e+01
1.008901882171630859e+01
1.014833545684814453e+01
1.006694793701171875e+01
1.007058811187744141e+01
1.010387325286865234e+01
1.013631725311279297e+01
1.012769985198974609e+01
1.012124824523925781e+01
1.015930175781250000e+01
1.021852207183837891e+01
1.021954727172851562e+01
1.014839363098144531e+01
1.011368465423583984e+01
1.012602806091308594e+01
1.019416999816894531e+01
1.018670082092285156e+01
1.011295223236083984e+01
1.007931232452392578e+01
1.008594894409179688e+01
1.013992786407470703e+01
1.017040348052978516e+01
1.011125183105468750e+01
1.007178497314453125e+01
1.007522106170654297e+01
1.012119960784912109e+01
1.015102386474609375e+01
1.010795593261718750e+01
1.007717704772949219e+01
1.007509803771972656e+01
1.009137630462646484e+01
1.012683773040771484e+01
1.012904071807861328e+01
1.010061836242675781e+01
1.008423423767089844e+01
1.009254074096679688e+01
1.013290119171142578e+01
1.014673423767089844e+01
1.010437393188476562e+01
1.007805347442626953e+01
1.008148097991943359e+01
1.011453247070312500e+01
1.013821601867675781e+01
1.010389518737792969e+01
1.007361507415771484e+01
1.006830501556396484e+01
1.007534503936767578e+01
1.008687782287597656e+01
1.010018730163574219e+01
1.011237049102783203e+01
1.010869693756103516e+01
1.008910369873046875e+01
1.006964969635009766e+01
1.005990028381347656e+01
1.007030963897705078e+01
1.011294841766357422e+01
1.009191608428955078e+01
1.000698184967041016e+01
9.961097717285156250e+00
9.952424049377441406e+00
9.995320320129394531e+00
1.004055118560791016e+01
1.001051139831542969e+01
9.985464096069335938e+00
9.987244606018066406e+00
1.001477813720703125e+01
1.006247138977050781e+01
1.010907173156738281e+01
1.007936477661132812e+01
1.004655075073242188e+01
1.004447078704833984e+01
1.006261253356933594e+01
1.010858726501464844e+01
1.013883972167968750e+01
1.009369754791259766e+01
1.005121421813964844e+01
1.003685092926025391e+01
1.004591655731201172e+01
1.008729457855224609e+01
1.011596488952636719e+01
1.007038211822509766e+01
1.002810764312744141e+01
1.001466941833496094e+01
1.002579975128173828e+01
1.006639862060546875e+01
1.009747886657714844e+01
1.005555248260498047e+01
1.001580715179443359e+01
1.000362682342529297e+01
1.001495170593261719e+01
1.005750370025634766e+01
1.008802223205566406e+01
1.004573059082031250e+01
1.000924587249755859e+01
9.996973037719726562e+00
1.000779914855957031e+01
1.005170154571533203e+01
1.008147144317626953e+01
1.004059028625488281e+01
1.000710868835449219e+01
9.993688583374023438e+00
1.000356197357177734e+01
1.004897499084472656e+01
1.007611846923828125e+01
1.003709506988525391e+01
1.000372886657714844e+01
9.991021156311035156e+00
1.000036621093750000e+01
1.004175662994384766e+01
1.007087135314941406e+01
1.003118038177490234e+01
9.994688034057617188e+00
9.991193771362304688e+00
9.996395111083984375e+00
1.003305149078369141e+01
1.006949710845947266e+01
1.002474975585937500e+01
9.988043785095214844e+00
9.987612724304199219e+00
9.999030113220214844e+00
1.002367305755615234e+01
1.003102684020996094e+01
9.992776870727539062e+00
9.906855583190917969e+00
9.812372207641601562e+00
9.819226264953613281e+00
9.838486671447753906e+00
9.961236000061035156e+00
9.902709007263183594e+00
9.917222023010253906e+00
9.922646522521972656e+00
9.945012092590332031e+00
9.957880973815917969e+00
9.980401039123535156e+00
1.002974224090576172e+01
1.007932472229003906e+01
1.008610630035400391e+01
1.006046009063720703e+01
1.006738376617431641e+01
1.009542369842529297e+01
1.010123348236083984e+01
1.007917213439941406e+01
1.006365776062011719e+01
1.007156848907470703e+01
1.010358142852783203e+01
1.010811233520507812e+01
1.006040668487548828e+01
1.002871036529541016e+01
1.001960945129394531e+01
1.003703212738037109e+01
1.004347419738769531e+01
1.002580833435058594e+01
1.000904941558837891e+01
1.001224613189697266e+01
1.004889583587646484e+01
1.006652069091796875e+01
1.002703666687011719e+01
9.995168685913085938e+00
9.998417854309082031e+00
1.001663017272949219e+01
1.002346801757812500e+01
1.001313877105712891e+01
9.996945381164550781e+00
9.994374275207519531e+00
1.000940036773681641e+01
1.002872371673583984e+01
1.001887035369873047e+01
9.999042510986328125e+00
9.999603271484375000e+00
1.001141071319580078e+01
1.000617885589599609e+01
1.000191116333007812e+01
1.001287651062011719e+01
1.001590251922607422e+01
1.000416755676269531e+01
9.998179435729980469e+00
9.999004364013671875e+00
1.000366878509521484e+01
1.001029682159423828e+01
1.000428199768066406e+01
1.000865650177001953e+01
1.001654338836669922e+01
9.999605178833007812e+00
9.987691879272460938e+00
9.999898910522460938e+00
1.003592777252197266e+01
1.003835678100585938e+01
9.994436264038085938e+00
9.984988212585449219e+00
9.990073204040527344e+00
9.986955642700195312e+00
9.980477333068847656e+00
9.994855880737304688e+00
1.001849365234375000e+01
9.994552612304687500e+00
9.970020294189453125e+00
9.978662490844726562e+00
1.000727653503417969e+01
1.000872230529785156e+01
9.987524986267089844e+00
9.988290786743164062e+00
1.001442241668701172e+01
9.997089385986328125e+00
9.980348587036132812e+00
9.981667518615722656e+00
1.002357578277587891e+01
1.000520229339599609e+01
9.984291076660156250e+00
9.977222442626953125e+00
1.000298500061035156e+01
9.980223655700683594e+00
9.969991683959960938e+00
9.971324920654296875e+00
9.986828804016113281e+00
9.908366203308105469e+00
9.707267761230468750e+00
9.666763305664062500e+00
9.703450202941894531e+00
9.759842872619628906e+00
9.785773277282714844e+00
9.789688110351562500e+00
9.823558807373046875e+00
9.821801185607910156e+00
9.816448211669921875e+00
9.841648101806640625e+00
9.887343406677246094e+00
9.884157180786132812e+00
9.866150856018066406e+00
9.880800247192382812e+00
9.922875404357910156e+00
9.888830184936523438e+00
9.855539321899414062e+00
9.844269752502441406e+00
9.835445404052734375e+00
9.821625709533691406e+00
9.828921318054199219e+00
9.850008010864257812e+00
9.811216354370117188e+00
9.781935691833496094e+00
9.780953407287597656e+00
9.799352645874023438e+00
9.801316261291503906e+00
9.788355827331542969e+00
9.794557571411132812e+00
9.816005706787109375e+00
9.802179336547851562e+00
9.804107666015625000e+00
9.813241958618164062e+00
9.792498588562011719e+00
9.796223640441894531e+00
9.819746017456054688e+00
9.809812545776367188e+00
9.792694091796875000e+00
9.803613662719726562e+00
9.831400871276855469e+00
9.804834365844726562e+00
