3.857191467285156250e+01
3.775866699218750000e+01
3.691102981567382812e+01
3.605924987792968750e+01
3.516064834594726562e+01
3.410129165649414062e+01
3.291479110717773438e+01
3.168651008605957031e+01
3.035825920104980469e+01
2.901520729064941406e+01
2.753387451171875000e+01
2.614377212524414062e+01
2.472343826293945312e+01
2.314345169067382812e+01
2.171192741394042969e+01
2.024754524230957031e+01
1.882042694091796875e+01
1.759741783142089844e+01
1.653015899658203125e+01
1.561849212646484375e+01
1.485298252105712891e+01
1.384144592285156250e+01
1.285428428649902344e+01
1.276974964141845703e+01
1.106562709808349609e+01
1.012861061096191406e+01
9.493700027465820312e+00
8.941017150878906250e+00
8.502737998962402344e+00
8.196717262268066406e+00
7.950711727142333984e+00
7.696121692657470703e+00
7.506718635559082031e+00
7.408164978027343750e+00
7.460100173950195312e+00
7.770987987518310547e+00
7.712677001953125000e+00
7.197337627410888672e+00
7.032322883605957031e+00
6.998986721038818359e+00
7.066374301910400391e+00
7.358850479125976562e+00
6.864740371704101562e+00
6.700160026550292969e+00
6.683977127075195312e+00
6.677429676055908203e+00
6.953554153442382812e+00
6.505921840667724609e+00
6.497005462646484375e+00
6.519292831420898438e+00
6.755474090576171875e+00
7.006395339965820312e+00
6.591678142547607422e+00
6.426162242889404297e+00
6.383027076721191406e+00
6.395395755767822266e+00
6.586471080780029297e+00
6.593131542205810547e+00
6.331275463104248047e+00
5.924607753753662109e+00
5.831934928894042969e+00
5.848033905029296875e+00
5.850286960601806641e+00
5.842122077941894531e+00
6.206672191619873047e+00
5.737530231475830078e+00
5.667897701263427734e+00
5.750156879425048828e+00
5.808206558227539062e+00
5.689599514007568359e+00
5.583499431610107422e+00
5.658749103546142578e+00
5.746143817901611328e+00
5.561085224151611328e+00
5.541779518127441406e+00
5.570710659027099609e+00
5.538642406463623047e+00
5.524988174438476562e+00
5.524938106536865234e+00
5.513789176940917969e+00
5.512135505676269531e+00
5.529127597808837891e+00
5.491622924804687500e+00
5.485617637634277344e+00
5.565079212188720703e+00
5.493174076080322266e+00
5.502898216247558594e+00
5.557757377624511719e+00
5.495823860168457031e+00
5.474062442779541016e+00
5.528171539306640625e+00
5.503103733062744141e+00
5.471337795257568359e+00
5.499088287353515625e+00
5.483798980712890625e+00
5.472400665283203125e+00
5.476089477539062500e+00
5.480053424835205078e+00
5.475728034973144531e+00
5.489643573760986328e+00
5.484141349792480469e+00
5.478096961975097656e+00
5.466274738311767578e+00
5.443377971649169922e+00
5.452988624572753906e+00
5.456933498382568359e+00
5.464560508728027344e+00
5.468124389648437500e+00
5.464293956756591797e+00
5.452640056610107422e+00
5.452694416046142578e+00
5.480966091156005859e+00
5.465407371520996094e+00
5.432577133178710938e+00
5.588460445404052734e+00
5.439379692077636719e+00
5.448375225067138672e+00
5.467538356781005859e+00
5.466250419616699219e+00
5.436722278594970703e+00
5.425112724304199219e+00
5.464995861053466797e+00
5.419669151306152344e+00
5.422933101654052734e+00
5.441452980041503906e+00
5.429124355316162109e+00
5.446661949157714844e+00
5.450448513031005859e+00
5.410831451416015625e+00
5.451467037200927734e+00
5.449518680572509766e+00
5.436095714569091797e+00
5.413702011108398438e+00
5.460710525512695312e+00
5.456797122955322266e+00
5.448110103607177734e+00
5.469017028808593750e+00
5.447893142700195312e+00
5.402503013610839844e+00
5.489681243896484375e+00
5.420455455780029297e+00
5.429131984710693359e+00
5.552479743957519531e+00
5.431922435760498047e+00
5.452109813690185547e+00
5.714846134185791016e+00
5.513019084930419922e+00
5.481520175933837891e+00
5.550728321075439453e+00
5.837495803833007812e+00
5.543821811676025391e+00
5.589827060699462891e+00
5.481749534606933594e+00
6.026337623596191406e+00
5.527579784393310547e+00
5.571357727050781250e+00
5.564353942871093750e+00
5.517986297607421875e+00
5.469075202941894531e+00
5.457562446594238281e+00
5.422314167022705078e+00
5.411454677581787109e+00
5.411747932434082031e+00
5.412522792816162109e+00
5.400874137878417969e+00
5.403295993804931641e+00
5.396256446838378906e+00
5.401591300964355469e+00
5.395335674285888672e+00
5.412435531616210938e+00
5.393963813781738281e+00
5.389426231384277344e+00
5.381917476654052734e+00
5.374606609344482422e+00
5.373781204223632812e+00
5.380038738250732422e+00
5.372463226318359375e+00
5.363012313842773438e+00
5.364760398864746094e+00
5.359800815582275391e+00
5.358706474304199219e+00
5.354608535766601562e+00
5.349832534790039062e+00
5.347045421600341797e+00
5.345165729522705078e+00
5.351986885070800781e+00
5.347729206085205078e+00
5.336861133575439453e+00
5.336458206176757812e+00
5.336647510528564453e+00
5.347796440124511719e+00
5.337686538696289062e+00
5.330117225646972656e+00
5.326056480407714844e+00
5.325367927551269531e+00
5.325945854187011719e+00
5.321336746215820312e+00
5.322209835052490234e+00
5.319883346557617188e+00
5.333222866058349609e+00
5.323804855346679688e+00
5.312056064605712891e+00
5.309629440307617188e+00
5.309766769409179688e+00
5.306304454803466797e+00
5.303635120391845703e+00
5.300884246826171875e+00
5.310381412506103516e+00
5.304614067077636719e+00
5.293413639068603516e+00
5.291285037994384766e+00
5.296672344207763672e+00
5.293727874755859375e+00
5.285037517547607422e+00
5.303478240966796875e+00
5.290711879730224609e+00
5.289906024932861328e+00
5.280462741851806641e+00
5.278925895690917969e+00
5.279090404510498047e+00
5.294226646423339844e+00
5.275730133056640625e+00
5.277488708496093750e+00
5.273063182830810547e+00
5.279385566711425781e+00
5.269603252410888672e+00
5.266706943511962891e+00
5.267499923706054688e+00
5.284793853759765625e+00
5.265489101409912109e+00
5.261886596679687500e+00
5.257100582122802734e+00
5.261625766754150391e+00
5.251662731170654297e+00
5.250272274017333984e+00
5.270769119262695312e+00
5.255520820617675781e+00
5.252540111541748047e+00
5.251336574554443359e+00
5.243262290954589844e+00
5.247439861297607422e+00
5.244443893432617188e+00
5.245440006256103516e+00
5.241496562957763672e+00
5.264409542083740234e+00
5.280699253082275391e+00
5.250443935394287109e+00
5.249712944030761719e+00
5.243850231170654297e+00
5.277753353118896484e+00
5.234482765197753906e+00
5.232778072357177734e+00
5.237071037292480469e+00
5.256287574768066406e+00
5.226025581359863281e+00
5.240579605102539062e+00
5.218920230865478516e+00
5.244379997253417969e+00
5.225251674652099609e+00
5.231475830078125000e+00
5.231351852416992188e+00
5.222209930419921875e+00
5.230241775512695312e+00
5.232352733612060547e+00
5.223863601684570312e+00
5.225912094116210938e+00
5.221730709075927734e+00
5.226904392242431641e+00
5.219573974609375000e+00
5.216287136077880859e+00
5.212953567504882812e+00
5.234960556030273438e+00
5.210093975067138672e+00
5.209509849548339844e+00
5.213243961334228516e+00
5.197440624237060547e+00
5.195748329162597656e+00
5.196979999542236328e+00
5.198356151580810547e+00
5.198982238769531250e+00
5.208352088928222656e+00
5.194369792938232422e+00
5.192533969879150391e+00
5.202688217163085938e+00
5.202901840209960938e+00
5.200211048126220703e+00
5.200577735900878906e+00
5.191935062408447266e+00
5.182865619659423828e+00
5.234291076660156250e+00
5.188811302185058594e+00
5.173603534698486328e+00
5.269399166107177734e+00
5.199239730834960938e+00
5.178843975067138672e+00
5.299821853637695312e+00
5.189211845397949219e+00
5.232953071594238281e+00
5.176283359527587891e+00
5.212977886199951172e+00
5.160009384155273438e+00
5.166971683502197266e+00
5.161933898925781250e+00
5.156143188476562500e+00
5.152297019958496094e+00
5.150036811828613281e+00
5.147892951965332031e+00
5.161604404449462891e+00
5.148658752441406250e+00
5.143191814422607422e+00
5.136635303497314453e+00
5.120398998260498047e+00
5.326508522033691406e+00
5.422638893127441406e+00
5.191574096679687500e+00
7.369321823120117188e+00
5.626464843750000000e+00
5.796023845672607422e+00
5.563031196594238281e+00
5.698588848114013672e+00
5.625478744506835938e+00
5.569407939910888672e+00
5.580257415771484375e+00
5.635287761688232422e+00
5.709882736206054688e+00
5.810022354125976562e+00
5.798132419586181641e+00
5.694202899932861328e+00
5.677608966827392578e+00
5.657740592956542969e+00
5.603261947631835938e+00
5.519508361816406250e+00
5.300364971160888672e+00
5.767405033111572266e+00
5.177368164062500000e+00
5.238848686218261719e+00
5.188074588775634766e+00
5.045513153076171875e+00
5.502490520477294922e+00
5.367953300476074219e+00
5.429080486297607422e+00
5.423788547515869141e+00
5.492731571197509766e+00
5.462209701538085938e+00
5.351313591003417969e+00
5.271296977996826172e+00
5.309332847595214844e+00
5.082764625549316406e+00
5.170912742614746094e+00
5.131971359252929688e+00
5.121160984039306641e+00
5.146224975585937500e+00
5.110835075378417969e+00
5.096322536468505859e+00
5.087110042572021484e+00
5.015099048614501953e+00
5.001802921295166016e+00
4.975153923034667969e+00
4.946979522705078125e+00
5.037619113922119141e+00
4.964237213134765625e+00
4.942521095275878906e+00
4.916851043701171875e+00
4.903397083282470703e+00
4.885647773742675781e+00
4.858460903167724609e+00
4.809708118438720703e+00
4.800104141235351562e+00
4.820314407348632812e+00
4.903382778167724609e+00
4.900108814239501953e+00
4.796036243438720703e+00
5.004043579101562500e+00
5.098498344421386719e+00
5.238263130187988281e+00
4.966080188751220703e+00
4.940618991851806641e+00
5.057050228118896484e+00
4.881448745727539062e+00
4.911963462829589844e+00
4.879019737243652344e+00
4.859073638916015625e+00
4.851163387298583984e+00
4.805329799652099609e+00
4.766531944274902344e+00
4.714678287506103516e+00
4.666566371917724609e+00
4.687241554260253906e+00
4.648267269134521484e+00
4.676935195922851562e+00
4.645514965057373047e+00
4.653848171234130859e+00
4.618523120880126953e+00
4.637090206146240234e+00
4.665549278259277344e+00
4.638943672180175781e+00
4.650293350219726562e+00
4.597659587860107422e+00
4.597235202789306641e+00
4.556831359863281250e+00
4.600207328796386719e+00
4.588545799255371094e+00
4.741348266601562500e+00
4.576011180877685547e+00
4.691618442535400391e+00
4.562690734863281250e+00
4.609909534454345703e+00
4.503392219543457031e+00
4.523819923400878906e+00
4.523031234741210938e+00
4.506145000457763672e+00
4.476647377014160156e+00
4.507944583892822266e+00
4.465991973876953125e+00
4.498933792114257812e+00
4.456037998199462891e+00
4.486691474914550781e+00
4.493640422821044922e+00
4.449715137481689453e+00
4.445623874664306641e+00
4.427350521087646484e+00
4.423318862915039062e+00
4.420122623443603516e+00
4.429265499114990234e+00
4.438066005706787109e+00
4.404136657714843750e+00
4.452951431274414062e+00
4.425452232360839844e+00
4.391825675964355469e+00
4.423207283020019531e+00
4.391963958740234375e+00
4.412713050842285156e+00
4.381682395935058594e+00
4.397224903106689453e+00
4.387007713317871094e+00
4.381195068359375000e+00
4.378471374511718750e+00
4.361447811126708984e+00
4.360932826995849609e+00
4.351388454437255859e+00
4.343997478485107422e+00
4.352294445037841797e+00
4.338940620422363281e+00
4.371629714965820312e+00
4.338126182556152344e+00
4.375638008117675781e+00
4.466989517211914062e+00
4.399698734283447266e+00
4.346310615539550781e+00
4.450617313385009766e+00
4.424290657043457031e+00
4.352837085723876953e+00
4.346312046051025391e+00
4.361978530883789062e+00
4.326676368713378906e+00
4.337294101715087891e+00
4.342067718505859375e+00
4.312790393829345703e+00
4.326358795166015625e+00
4.323870182037353516e+00
4.291004657745361328e+00
4.310191631317138672e+00
4.287569046020507812e+00
4.273318767547607422e+00
4.296221256256103516e+00
4.274346828460693359e+00
4.240221500396728516e+00
4.260468482971191406e+00
4.223371982574462891e+00
4.247694492340087891e+00
4.281129360198974609e+00
4.250295162200927734e+00
4.330669403076171875e+00
4.308835506439208984e+00
4.250280380249023438e+00
4.461814880371093750e+00
4.531182289123535156e+00
4.485778808593750000e+00
4.431375503540039062e+00
4.276141643524169922e+00
4.304713249206542969e+00
4.451896667480468750e+00
4.285495758056640625e+00
4.427236557006835938e+00
4.340365886688232422e+00
4.342159748077392578e+00
4.386619567871093750e+00
4.295692443847656250e+00
4.372092247009277344e+00
4.294448375701904297e+00
4.290798187255859375e+00
4.303253173828125000e+00
4.290857791900634766e+00
4.266494274139404297e+00
4.255442619323730469e+00
4.267097949981689453e+00
4.243514060974121094e+00
4.249300003051757812e+00
4.247496604919433594e+00
4.235944747924804688e+00
4.245464801788330078e+00
4.229295253753662109e+00
4.228039741516113281e+00
4.228250980377197266e+00
4.218918323516845703e+00
4.218632221221923828e+00
4.216711044311523438e+00
4.206813335418701172e+00
4.205005645751953125e+00
4.214635372161865234e+00
4.196036338806152344e+00
4.185379028320312500e+00
4.177004337310791016e+00
4.180510044097900391e+00
4.215032577514648438e+00
4.243140697479248047e+00
4.238777160644531250e+00
4.196889877319335938e+00
4.201230049133300781e+00
4.188300132751464844e+00
4.303324222564697266e+00
4.218210220336914062e+00
4.223673343658447266e+00
4.276759624481201172e+00
4.287692546844482422e+00
4.249464035034179688e+00
4.221256256103515625e+00
4.188478946685791016e+00
4.432372570037841797e+00
4.287295818328857422e+00
4.264955520629882812e+00
4.418792724609375000e+00
4.356589794158935547e+00
4.306611061096191406e+00
4.505886077880859375e+00
4.305736064910888672e+00
4.261565685272216797e+00
4.348334789276123047e+00
4.228910923004150391e+00
4.278209686279296875e+00
4.282570838928222656e+00
4.270709514617919922e+00
4.225172042846679688e+00
4.177845954895019531e+00
4.211389064788818359e+00
4.165425777435302734e+00
4.191147327423095703e+00
4.167975425720214844e+00
4.181458950042724609e+00
4.162428855895996094e+00
4.168978691101074219e+00
4.233781814575195312e+00
4.223497390747070312e+00
4.221294403076171875e+00
4.208033084869384766e+00
4.223330974578857422e+00
4.210283279418945312e+00
4.214902400970458984e+00
4.208233356475830078e+00
4.200555801391601562e+00
4.191299438476562500e+00
4.165189266204833984e+00
4.179316520690917969e+00
4.167448520660400391e+00
4.174967288970947266e+00
4.165733814239501953e+00
4.160758495330810547e+00
4.166770458221435547e+00
4.200572967529296875e+00
4.196423053741455078e+00
4.200877189636230469e+00
4.195958137512207031e+00
4.192440986633300781e+00
4.195898532867431641e+00
4.192626476287841797e+00
4.194508552551269531e+00
4.266851902008056641e+00
4.294964790344238281e+00
4.351029396057128906e+00
4.257189750671386719e+00
4.213378429412841797e+00
4.201899051666259766e+00
4.202640056610107422e+00
4.200507640838623047e+00
4.180350780487060547e+00
4.198404788970947266e+00
4.230012416839599609e+00
4.216070175170898438e+00
4.212484359741210938e+00
4.196396827697753906e+00
4.199725627899169922e+00
4.188062191009521484e+00
4.187138080596923828e+00
4.286896228790283203e+00
4.249871253967285156e+00
4.389957427978515625e+00
4.243718147277832031e+00
4.656922817230224609e+00
4.524702072143554688e+00
4.316908836364746094e+00
4.468425273895263672e+00
4.380975723266601562e+00
4.334970474243164062e+00
4.226286411285400391e+00
4.681905269622802734e+00
4.893533706665039062e+00
4.636284351348876953e+00
4.348307132720947266e+00
4.323095321655273438e+00
4.364120006561279297e+00
4.349662780761718750e+00
4.292719841003417969e+00
4.265835285186767578e+00
4.474933147430419922e+00
4.224604606628417969e+00
4.319520473480224609e+00
4.331058979034423828e+00
4.273293495178222656e+00
4.454917907714843750e+00
4.273305416107177734e+00
4.370164394378662109e+00
4.443038463592529297e+00
4.378426551818847656e+00
4.332537651062011719e+00
4.274036884307861328e+00
4.482023239135742188e+00
4.361887454986572266e+00
4.322746276855468750e+00
4.487906455993652344e+00
4.314723491668701172e+00
4.227115631103515625e+00
4.458689689636230469e+00
4.217130661010742188e+00
4.296508789062500000e+00
4.319944858551025391e+00
4.272693634033203125e+00
4.264186382293701172e+00
4.244080543518066406e+00
4.269239425659179688e+00
4.228130340576171875e+00
4.226944923400878906e+00
4.211293697357177734e+00
4.212478637695312500e+00
4.212604522705078125e+00
4.198372364044189453e+00
4.207643508911132812e+00
4.194420337677001953e+00
4.193555355072021484e+00
4.197583675384521484e+00
4.178564548492431641e+00
4.177553653717041016e+00
4.163365840911865234e+00
4.155512332916259766e+00
4.150016307830810547e+00
4.147419929504394531e+00
4.159526824951171875e+00
4.145247936248779297e+00
4.135442733764648438e+00
4.132851123809814453e+00
4.125475883483886719e+00
4.122469902038574219e+00
4.132247447967529297e+00
4.115233898162841797e+00
4.112101078033447266e+00
4.108315944671630859e+00
4.109421730041503906e+00
4.111047744750976562e+00
4.114267826080322266e+00
4.112859249114990234e+00
4.111940383911132812e+00
4.114862918853759766e+00
4.112998485565185547e+00
4.125336170196533203e+00
4.109283447265625000e+00
4.121124744415283203e+00
4.167397022247314453e+00
4.184729576110839844e+00
4.200298786163330078e+00
4.151697635650634766e+00
4.154603958129882812e+00
4.245983123779296875e+00
4.226241588592529297e+00
4.213997364044189453e+00
4.220530986785888672e+00
4.177746772766113281e+00
4.240987777709960938e+00
4.254683494567871094e+00
4.264966487884521484e+00
4.239516735076904297e+00
4.205759525299072266e+00
4.163971900939941406e+00
4.324632167816162109e+00
4.176751613616943359e+00
4.194704532623291016e+00
4.198176860809326172e+00
4.174016475677490234e+00
4.171756744384765625e+00
4.161947727203369141e+00
4.150802135467529297e+00
4.170228481292724609e+00
4.145928382873535156e+00
4.185204505920410156e+00
4.195351600646972656e+00
4.207962512969970703e+00
4.185804843902587891e+00
4.145123958587646484e+00
4.210211753845214844e+00
4.155098915100097656e+00
4.185040950775146484e+00
4.199524402618408203e+00
4.179602146148681641e+00
4.151559829711914062e+00
4.151606559753417969e+00
4.137126445770263672e+00
4.130395412445068359e+00
4.131301879882812500e+00
4.136516571044921875e+00
4.167679309844970703e+00
4.145736217498779297e+00
4.210296154022216797e+00
4.169830322265625000e+00
4.129392623901367188e+00
4.173529148101806641e+00
4.201444149017333984e+00
4.222057342529296875e+00
4.197391033172607422e+00
4.143648624420166016e+00
4.215841770172119141e+00
4.155268669128417969e+00
4.185814380645751953e+00
4.196734905242919922e+00
4.164392471313476562e+00
4.211191654205322266e+00
4.158735275268554688e+00
4.184373378753662109e+00
4.202708721160888672e+00
4.143939495086669922e+00
4.220602989196777344e+00
4.189747810363769531e+00
4.180951118469238281e+00
4.200603961944580078e+00
4.186042308807373047e+00
4.139372825622558594e+00
4.193057060241699219e+00
4.130046367645263672e+00
4.148711204528808594e+00
4.133220672607421875e+00
4.144797801971435547e+00
4.114132404327392578e+00
4.139740943908691406e+00
4.109164714813232422e+00
4.240528106689453125e+00
4.147543430328369141e+00
4.223247051239013672e+00
4.256724357604980469e+00
4.209853649139404297e+00
4.117196083068847656e+00
4.260271072387695312e+00
4.107238769531250000e+00
4.162938117980957031e+00
4.164103984832763672e+00
4.106531620025634766e+00
4.161694049835205078e+00
4.135221958160400391e+00
4.152561664581298828e+00
4.102582931518554688e+00
4.135395526885986328e+00
4.098131656646728516e+00
4.135573387145996094e+00
4.129899501800537109e+00
4.092686176300048828e+00
4.106076240539550781e+00
4.091683864593505859e+00
4.100988864898681641e+00
4.092232704162597656e+00
4.090760707855224609e+00
4.094727039337158203e+00
4.087063789367675781e+00
4.090724468231201172e+00
4.086398124694824219e+00
4.088873386383056641e+00
4.087000846862792969e+00
4.085339546203613281e+00
4.085220336914062500e+00
4.086607933044433594e+00
4.085491657257080078e+00
4.085951328277587891e+00
4.085704803466796875e+00
4.087350845336914062e+00
4.088550567626953125e+00
4.084989547729492188e+00
4.090093135833740234e+00
4.086876392364501953e+00
4.086507797241210938e+00
4.085311889648437500e+00
4.086639881134033203e+00
4.084751605987548828e+00
4.085674285888671875e+00
4.083821296691894531e+00
4.084214210510253906e+00
4.084109783172607422e+00
4.082820415496826172e+00
4.087800979614257812e+00
4.084660530090332031e+00
4.086123943328857422e+00
4.084162235260009766e+00
4.082958221435546875e+00
4.084676742553710938e+00
4.083603382110595703e+00
4.085969924926757812e+00
4.084529399871826172e+00
4.083015441894531250e+00
4.084515571594238281e+00
4.083041667938232422e+00
4.087075710296630859e+00
4.082079887390136719e+00
4.084287166595458984e+00
4.081329345703125000e+00
4.085281848907470703e+00
4.082862377166748047e+00
4.082657337188720703e+00
4.082391738891601562e+00
4.084716796875000000e+00
4.082770824432373047e+00
4.083287239074707031e+00
4.081676483154296875e+00
4.082200527191162109e+00
4.084482192993164062e+00
4.082484722137451172e+00
4.083426475524902344e+00
4.082542896270751953e+00
4.081392765045166016e+00
4.082812309265136719e+00
4.082681179046630859e+00
4.082771301269531250e+00
4.082514762878417969e+00
4.082688808441162109e+00
4.083315372467041016e+00
4.082157135009765625e+00
4.082003116607666016e+00
4.086741924285888672e+00
4.083957195281982422e+00
4.085455894470214844e+00
4.083131313323974609e+00
4.082468509674072266e+00
4.084029197692871094e+00
4.084193706512451172e+00
4.083543300628662109e+00
4.083640098571777344e+00
4.084334850311279297e+00
4.082786560058593750e+00
4.082706451416015625e+00
4.087651729583740234e+00
4.083962917327880859e+00
4.086282253265380859e+00
4.083831310272216797e+00
4.082464694976806641e+00
4.083821296691894531e+00
4.084608554840087891e+00
4.083870410919189453e+00
4.084031581878662109e+00
4.084505558013916016e+00
4.082810878753662109e+00
4.082561016082763672e+00
4.082726478576660156e+00
4.081710815429687500e+00
4.087707996368408203e+00
4.082938671112060547e+00
4.085773468017578125e+00
4.084303855895996094e+00
4.082412242889404297e+00
4.092342853546142578e+00
4.093910217285156250e+00
4.083896636962890625e+00
4.102403163909912109e+00
4.118289947509765625e+00
4.117331981658935547e+00
4.089620113372802734e+00
4.103675842285156250e+00
4.121507167816162109e+00
4.125216007232666016e+00
4.088281631469726562e+00
4.139544486999511719e+00
4.085748672485351562e+00
4.094452857971191406e+00
4.082698345184326172e+00
4.086354255676269531e+00
4.089773654937744141e+00
4.082705497741699219e+00
4.104161739349365234e+00
4.101518154144287109e+00
4.098307609558105469e+00
4.096662998199462891e+00
4.083382606506347656e+00
4.093843936920166016e+00
4.084837913513183594e+00
4.108137607574462891e+00
4.107100486755371094e+00
4.117159843444824219e+00
4.082240581512451172e+00
4.145080089569091797e+00
4.081484317779541016e+00
4.096736431121826172e+00
4.080450057983398438e+00
4.114873886108398438e+00
4.081877231597900391e+00
4.094422817230224609e+00
4.083247661590576172e+00
4.110385894775390625e+00
4.091320514678955078e+00
4.094540119171142578e+00
4.086769580841064453e+00
4.089143753051757812e+00
4.088327407836914062e+00
4.086392879486083984e+00
4.088576793670654297e+00
4.080045223236083984e+00
4.081622123718261719e+00
4.079071521759033203e+00
4.080126762390136719e+00
4.078338146209716797e+00
4.078576564788818359e+00
4.088795185089111328e+00
4.078269958496093750e+00
4.078465938568115234e+00
4.081110000610351562e+00
4.077174663543701172e+00
4.077896595001220703e+00
4.086152076721191406e+00
4.077003002166748047e+00
4.076885700225830078e+00
4.081129074096679688e+00
4.077917575836181641e+00
4.078104496002197266e+00
4.077713012695312500e+00
4.077360630035400391e+00
4.077616691589355469e+00
4.079641342163085938e+00
4.079327106475830078e+00
4.075596332550048828e+00
4.080547809600830078e+00
4.075268268585205078e+00
4.078384399414062500e+00
4.074339389801025391e+00
4.074748516082763672e+00
4.075743675231933594e+00
4.075190544128417969e+00
4.076778888702392578e+00
4.075663566589355469e+00
4.076613426208496094e+00
4.075609683990478516e+00
4.075168132781982422e+00
4.086844921112060547e+00
4.075685977935791016e+00
4.073899269104003906e+00
4.085476875305175781e+00
4.079362869262695312e+00
4.075690269470214844e+00
4.088854312896728516e+00
4.082692623138427734e+00
4.078069210052490234e+00
4.094605922698974609e+00
4.077014446258544922e+00
4.075163364410400391e+00
4.078153610229492188e+00
4.072572231292724609e+00
4.073277473449707031e+00
4.073621749877929688e+00
4.073153495788574219e+00
4.072788715362548828e+00
4.077406406402587891e+00
4.073705673217773438e+00
4.075382232666015625e+00
4.075300693511962891e+00
4.076478481292724609e+00
4.079927921295166016e+00
4.072503566741943359e+00
4.086576938629150391e+00
4.086074352264404297e+00
4.079989910125732422e+00
4.087871551513671875e+00
4.078348636627197266e+00
4.080539226531982422e+00
4.082573890686035156e+00
4.086771011352539062e+00
4.079742908477783203e+00
4.087705135345458984e+00
4.075360298156738281e+00
4.118564128875732422e+00
4.078593254089355469e+00
4.086550712585449219e+00
4.077972412109375000e+00
4.077835083007812500e+00
4.073038578033447266e+00
4.071252346038818359e+00
4.070574760437011719e+00
4.069261074066162109e+00
4.070002079010009766e+00
4.069825649261474609e+00
4.070110321044921875e+00
