2.612044334411621094e+01
2.589336204528808594e+01
2.566630172729492188e+01
2.543201828002929688e+01
2.518369483947753906e+01
2.492793464660644531e+01
2.467303848266601562e+01
2.443957901000976562e+01
2.421896171569824219e+01
2.400653076171875000e+01
2.380375099182128906e+01
2.361248779296875000e+01
2.343433761596679688e+01
2.327039527893066406e+01
2.312118339538574219e+01
2.298665428161621094e+01
2.286639785766601562e+01
2.275979232788085938e+01
2.266616058349609375e+01
2.258483314514160156e+01
2.251515769958496094e+01
2.245646476745605469e+01
2.240801620483398438e+01
2.236898803710937500e+01
2.233843994140625000e+01
2.231532859802246094e+01
2.229854965209960938e+01
2.228700256347656250e+01
2.227963829040527344e+01
2.227558517456054688e+01
2.227445983886718750e+01
2.227709770202636719e+01
2.228395080566406250e+01
2.229105949401855469e+01
2.229451560974121094e+01
2.229399490356445312e+01
2.228590011596679688e+01
2.227866172790527344e+01
2.227215766906738281e+01
2.226396179199218750e+01
2.225318145751953125e+01
2.224172019958496094e+01
2.222898483276367188e+01
2.221175003051757812e+01
2.218777465820312500e+01
2.215625190734863281e+01
2.211909484863281250e+01
2.207929420471191406e+01
2.203958129882812500e+01
2.200132369995117188e+01
2.196573066711425781e+01
2.193389511108398438e+01
2.190624046325683594e+01
2.188212585449218750e+01
2.186123275756835938e+01
2.184322166442871094e+01
2.182756233215332031e+01
2.181423187255859375e+01
2.180326080322265625e+01
2.179434013366699219e+01
2.178709983825683594e+01
2.178122329711914062e+01
2.177650451660156250e+01
2.177273941040039062e+01
2.176968574523925781e+01
2.176715850830078125e+01
2.176508712768554688e+01
2.176339721679687500e+01
2.176193428039550781e+01
2.176060104370117188e+01
2.175940513610839844e+01
2.175837326049804688e+01
2.175741386413574219e+01
2.175641822814941406e+01
2.175538635253906250e+01
2.175440979003906250e+01
2.175352287292480469e+01
2.175270652770996094e+01
2.175197410583496094e+01
2.175135803222656250e+01
2.175082397460937500e+01
2.175027847290039062e+01
2.174967956542968750e+01
2.174905586242675781e+01
2.174842453002929688e+01
2.174777221679687500e+01
2.174711036682128906e+01
2.174648284912109375e+01
2.174589729309082031e+01
2.174531745910644531e+01
2.174473571777343750e+01
2.174418067932128906e+01
2.174366188049316406e+01
2.174316596984863281e+01
2.174270248413085938e+01
2.174229240417480469e+01
2.174192428588867188e+01
2.174158096313476562e+01
2.174126052856445312e+01
2.174097251892089844e+01
2.174076080322265625e+01
2.174053192138671875e+01
2.174018478393554688e+01
2.173994827270507812e+01
2.173972702026367188e+01
2.173951530456542969e+01
2.173933219909667969e+01
2.173916244506835938e+01
2.173898887634277344e+01
2.173882865905761719e+01
2.173868751525878906e+01
2.173855018615722656e+01
2.173841094970703125e+01
2.173828506469726562e+01
2.173816299438476562e+01
2.173803138732910156e+01
2.173790168762207031e+01
2.173778343200683594e+01
2.173766899108886719e+01
2.173755645751953125e+01
2.173746490478515625e+01
2.173738288879394531e+01
2.173730087280273438e+01
2.173723411560058594e+01
2.173716926574707031e+01
2.173709869384765625e+01
2.173702049255371094e+01
2.173694038391113281e+01
2.173685264587402344e+01
2.173676109313964844e+01
2.173668098449707031e+01
2.173660087585449219e+01
2.173652267456054688e+01
2.173645401000976562e+01
2.173638916015625000e+01
2.173632431030273438e+01
2.173626518249511719e+01
2.173620796203613281e+01
2.173615264892578125e+01
2.173609542846679688e+01
2.173604202270507812e+01
2.173598670959472656e+01
2.173592948913574219e+01
2.173587226867675781e+01
2.173581314086914062e+01
2.173575592041015625e+01
2.173570060729980469e+01
2.173564720153808594e+01
2.173559570312500000e+01
2.173554611206054688e+01
2.173549652099609375e+01
2.173545074462890625e+01
2.173540496826171875e+01
2.173535919189453125e+01
2.173531341552734375e+01
2.173526954650878906e+01
2.173522758483886719e+01
2.173518180847167969e+01
2.173514175415039062e+01
2.173510169982910156e+01
2.173505973815917969e+01
2.173502349853515625e+01
2.173497962951660156e+01
2.173493576049804688e+01
2.173489570617675781e+01
2.173484611511230469e+01
2.173479843139648438e+01
2.173474121093750000e+01
2.173468208312988281e+01
2.173461723327636719e+01
2.173454666137695312e+01
2.173447608947753906e+01
2.173439788818359375e+01
2.173431205749511719e+01
2.173420524597167969e+01
2.173407173156738281e+01
2.173388481140136719e+01
2.173359870910644531e+01
2.173314094543457031e+01
2.173240280151367188e+01
2.173145866394042969e+01
2.173071289062500000e+01
2.172985076904296875e+01
2.172880363464355469e+01
2.172873115539550781e+01
2.172899818420410156e+01
2.172810935974121094e+01
2.172775459289550781e+01
2.172755813598632812e+01
2.172701454162597656e+01
2.172673225402832031e+01
2.172647285461425781e+01
2.172566032409667969e+01
2.172513580322265625e+01
2.172473526000976562e+01
2.172436523437500000e+01
2.172425651550292969e+01
2.172495269775390625e+01
2.172583770751953125e+01
2.172544288635253906e+01
2.172601509094238281e+01
2.172635841369628906e+01
2.172589111328125000e+01
2.172605514526367188e+01
2.172629547119140625e+01
2.172591590881347656e+01
2.172566986083984375e+01
2.172584152221679688e+01
2.172576332092285156e+01
2.172587776184082031e+01
2.172626686096191406e+01
2.172643089294433594e+01
2.172631263732910156e+01
2.172592926025390625e+01
2.172588348388671875e+01
2.172607612609863281e+01
2.172600364685058594e+01
2.172594833374023438e+01
2.172590446472167969e+01
2.172583198547363281e+01
2.172582054138183594e+01
2.172591972351074219e+01
2.172562789916992188e+01
2.172558975219726562e+01
2.172510528564453125e+01
2.172517776489257812e+01
2.172509193420410156e+01
2.172436332702636719e+01
2.172455215454101562e+01
2.172367668151855469e+01
2.172356033325195312e+01
2.172365379333496094e+01
2.172356224060058594e+01
2.172351264953613281e+01
2.172269821166992188e+01
2.172265815734863281e+01
2.172165489196777344e+01
2.172060775756835938e+01
2.172033691406250000e+01
2.171996498107910156e+01
2.171999931335449219e+01
2.171943664550781250e+01
2.171895980834960938e+01
2.171845626831054688e+01
2.171840286254882812e+01
2.171834754943847656e+01
2.171766662597656250e+01
2.171722030639648438e+01
2.171646690368652344e+01
2.171540641784667969e+01
2.171590042114257812e+01
2.171428489685058594e+01
2.171413803100585938e+01
2.171395111083984375e+01
2.171367263793945312e+01
2.171298599243164062e+01
2.171236038208007812e+01
2.171148681640625000e+01
2.171129608154296875e+01
2.171050262451171875e+01
2.171002197265625000e+01
2.170975303649902344e+01
2.170964241027832031e+01
2.170890045166015625e+01
2.170842170715332031e+01
2.170825195312500000e+01
2.170820617675781250e+01
2.170749473571777344e+01
2.170699119567871094e+01
2.170707321166992188e+01
2.170713233947753906e+01
2.170649147033691406e+01
2.170608901977539062e+01
2.170453643798828125e+01
2.170356369018554688e+01
2.170371818542480469e+01
2.170285415649414062e+01
2.170152091979980469e+01
2.170195960998535156e+01
2.170114517211914062e+01
2.170339775085449219e+01
2.170137596130371094e+01
2.170043373107910156e+01
2.169926071166992188e+01
2.169981193542480469e+01
2.169930458068847656e+01
2.169982528686523438e+01
2.169878578186035156e+01
2.169806098937988281e+01
2.169826889038085938e+01
2.169749450683593750e+01
2.169716453552246094e+01
2.169603347778320312e+01
2.169582939147949219e+01
2.169598579406738281e+01
2.169560813903808594e+01
2.169544792175292969e+01
2.169518089294433594e+01
2.169483947753906250e+01
2.169463157653808594e+01
2.169378852844238281e+01
2.169350624084472656e+01
2.169341278076171875e+01
2.169317817687988281e+01
2.169325256347656250e+01
2.169188499450683594e+01
2.169113731384277344e+01
2.169019699096679688e+01
2.168898010253906250e+01
2.168781471252441406e+01
2.168662452697753906e+01
2.168415641784667969e+01
2.168082427978515625e+01
2.167842864990234375e+01
2.167757034301757812e+01
2.167783546447753906e+01
2.167956924438476562e+01
2.167876052856445312e+01
2.167720222473144531e+01
2.167647933959960938e+01
2.167612457275390625e+01
2.167701911926269531e+01
2.167682075500488281e+01
2.167558860778808594e+01
2.167560577392578125e+01
2.167575454711914062e+01
2.167591667175292969e+01
2.167562484741210938e+01
2.167500686645507812e+01
2.167516517639160156e+01
2.167546844482421875e+01
2.167607688903808594e+01
2.167501640319824219e+01
2.167455482482910156e+01
2.167464637756347656e+01
2.167549133300781250e+01
2.167470932006835938e+01
2.167397499084472656e+01
2.167538833618164062e+01
2.167679023742675781e+01
2.167522621154785156e+01
2.167407798767089844e+01
2.167334747314453125e+01
2.167347526550292969e+01
2.167562866210937500e+01
2.167331314086914062e+01
2.167291831970214844e+01
2.167453193664550781e+01
2.167508888244628906e+01
2.167495155334472656e+01
2.167358016967773438e+01
2.167290687561035156e+01
2.167357063293457031e+01
2.167390632629394531e+01
2.167381477355957031e+01
2.167415618896484375e+01
2.167381286621093750e+01
2.167420005798339844e+01
2.167455482482910156e+01
2.167329597473144531e+01
2.167391777038574219e+01
2.167362213134765625e+01
2.167359924316406250e+01
2.167366981506347656e+01
2.167313575744628906e+01
2.167274284362792969e+01
2.167283630371093750e+01
2.167317008972167969e+01
2.167335891723632812e+01
2.167298698425292969e+01
2.167234039306640625e+01
2.167215347290039062e+01
2.167242240905761719e+01
2.167236518859863281e+01
2.167247200012207031e+01
2.167240715026855469e+01
2.167250823974609375e+01
2.167294883728027344e+01
2.167259025573730469e+01
2.167247962951660156e+01
2.167273712158203125e+01
2.167376518249511719e+01
2.167325592041015625e+01
2.167211532592773438e+01
2.167200279235839844e+01
2.167293167114257812e+01
2.167326164245605469e+01
2.167238998413085938e+01
2.167202758789062500e+01
2.167216491699218750e+01
2.167280578613281250e+01
2.167254638671875000e+01
2.167197036743164062e+01
2.167155647277832031e+01
2.167176818847656250e+01
2.167222213745117188e+01
2.167177963256835938e+01
2.167148208618164062e+01
2.167170333862304688e+01
2.167210578918457031e+01
2.167168807983398438e+01
2.167158889770507812e+01
2.167147636413574219e+01
2.167174339294433594e+01
2.167186927795410156e+01
2.167144584655761719e+01
2.167166900634765625e+01
2.167211914062500000e+01
2.167212104797363281e+01
2.167149353027343750e+01
2.167132377624511719e+01
2.167110252380371094e+01
2.167111396789550781e+01
2.167160224914550781e+01
2.167153549194335938e+01
2.167107391357421875e+01
2.167083168029785156e+01
2.167101287841796875e+01
2.167125892639160156e+01
2.167099380493164062e+01
2.167077827453613281e+01
2.167080307006835938e+01
2.167045974731445312e+01
2.167034912109375000e+01
2.167082977294921875e+01
2.167094421386718750e+01
2.167028808593750000e+01
2.166975975036621094e+01
2.167014312744140625e+01
2.167077445983886719e+01
2.167102622985839844e+01
2.167031669616699219e+01
2.167021179199218750e+01
2.167172241210937500e+01
2.167011642456054688e+01
2.166963768005371094e+01
2.167007637023925781e+01
2.167082977294921875e+01
2.167060661315917969e+01
2.166926002502441406e+01
2.166943550109863281e+01
2.167054939270019531e+01
2.167003440856933594e+01
2.166971206665039062e+01
2.166935729980468750e+01
2.166979026794433594e+01
2.167019653320312500e+01
2.166925811767578125e+01
2.166907501220703125e+01
2.166944694519042969e+01
2.166972923278808594e+01
2.166976165771484375e+01
2.166917800903320312e+01
2.166903877258300781e+01
2.166912841796875000e+01
2.166960716247558594e+01
2.167000198364257812e+01
2.166954040527343750e+01
2.166922760009765625e+01
2.166902732849121094e+01
2.166986083984375000e+01
2.167018318176269531e+01
2.166899681091308594e+01
2.166863822937011719e+01
2.166881942749023438e+01
2.166960334777832031e+01
2.166913604736328125e+01
2.166848754882812500e+01
2.166867828369140625e+01
2.166917800903320312e+01
2.166861915588378906e+01
2.166852378845214844e+01
2.166945648193359375e+01
2.166990089416503906e+01
2.166861724853515625e+01
2.166829299926757812e+01
2.166912269592285156e+01
2.166924476623535156e+01
2.166864013671875000e+01
2.166827583312988281e+01
2.166874885559082031e+01
2.166887283325195312e+01
2.166866302490234375e+01
2.166861534118652344e+01
2.166825866699218750e+01
2.166810035705566406e+01
2.166880226135253906e+01
2.167028617858886719e+01
2.166938972473144531e+01
2.166881561279296875e+01
2.166903114318847656e+01
2.167206573486328125e+01
2.166949272155761719e+01
2.167098808288574219e+01
2.167536926269531250e+01
2.167619132995605469e+01
2.167424774169921875e+01
2.167381668090820312e+01
2.167288017272949219e+01
2.167305755615234375e+01
2.167341804504394531e+01
2.167222785949707031e+01
2.167202758789062500e+01
2.167236137390136719e+01
2.167184638977050781e+01
2.167100524902343750e+01
2.167101669311523438e+01
2.167134284973144531e+01
2.167105293273925781e+01
2.167067146301269531e+01
2.167021179199218750e+01
2.167024612426757812e+01
2.167104530334472656e+01
2.167080307006835938e+01
2.167057991027832031e+01
2.167063140869140625e+01
2.167041587829589844e+01
2.167013740539550781e+01
2.167025184631347656e+01
2.167067718505859375e+01
2.167071723937988281e+01
2.167042922973632812e+01
2.167026329040527344e+01
2.167040824890136719e+01
2.167041778564453125e+01
2.167036247253417969e+01
2.167061233520507812e+01
2.167058563232421875e+01
2.167048454284667969e+01
2.167044258117675781e+01
2.167060470581054688e+01
2.167057418823242188e+01
2.167060279846191406e+01
2.167063713073730469e+01
2.167066574096679688e+01
2.167077827453613281e+01
2.167077445983886719e+01
2.167054557800292969e+01
2.167063140869140625e+01
2.167078971862792969e+01
2.167073059082031250e+01
2.167068290710449219e+01
2.167086410522460938e+01
2.167077064514160156e+01
2.167074012756347656e+01
2.167074775695800781e+01
2.167056846618652344e+01
2.167060089111328125e+01
2.167078590393066406e+01
2.167073822021484375e+01
2.167070960998535156e+01
2.167068862915039062e+01
2.167061996459960938e+01
2.167060852050781250e+01
2.167070579528808594e+01
2.167045783996582031e+01
2.167045974731445312e+01
2.167112731933593750e+01
2.167064094543457031e+01
2.167056274414062500e+01
2.167041778564453125e+01
2.167085266113281250e+01
2.167077445983886719e+01
2.167047119140625000e+01
2.167035675048828125e+01
2.167048072814941406e+01
2.167094230651855469e+01
2.167039108276367188e+01
2.167029380798339844e+01
2.167050933837890625e+01
2.167058372497558594e+01
2.167071151733398438e+01
2.167057609558105469e+01
2.167045593261718750e+01
2.167047119140625000e+01
2.167071533203125000e+01
2.167050743103027344e+01
2.167061805725097656e+01
2.167087745666503906e+01
2.167078399658203125e+01
2.167045211791992188e+01
2.167064285278320312e+01
2.167050933837890625e+01
2.167068481445312500e+01
2.167118835449218750e+01
2.167059516906738281e+01
2.167081832885742188e+01
2.167070007324218750e+01
2.167048835754394531e+01
2.167069244384765625e+01
2.167082977294921875e+01
2.167073059082031250e+01
2.167045211791992188e+01
2.167077636718750000e+01
2.167082023620605469e+01
2.167061996459960938e+01
2.167061042785644531e+01
2.167092132568359375e+01
2.167064476013183594e+01
2.167060089111328125e+01
2.167045783996582031e+01
2.167059516906738281e+01
2.167040061950683594e+01
2.167047882080078125e+01
2.167085266113281250e+01
2.167068862915039062e+01
2.167051887512207031e+01
2.167063140869140625e+01
2.167041015625000000e+01
2.167072868347167969e+01
2.167054939270019531e+01
2.167110252380371094e+01
2.167057228088378906e+01
2.167067909240722656e+01
2.167044258117675781e+01
2.167067146301269531e+01
2.167072677612304688e+01
2.167079162597656250e+01
2.167041397094726562e+01
2.167144012451171875e+01
2.167073440551757812e+01
2.167053985595703125e+01
2.167030525207519531e+01
2.167080879211425781e+01
2.167098045349121094e+01
2.167027473449707031e+01
2.167092704772949219e+01
2.167052650451660156e+01
2.167116928100585938e+01
2.167035675048828125e+01
2.167061424255371094e+01
2.167067146301269531e+01
2.167146492004394531e+01
2.167070388793945312e+01
2.167046546936035156e+01
2.167058563232421875e+01
2.167072677612304688e+01
2.167081451416015625e+01
2.167036819458007812e+01
2.167055130004882812e+01
2.167076683044433594e+01
2.167082405090332031e+01
2.167037391662597656e+01
2.167032241821289062e+01
2.167112731933593750e+01
2.167045783996582031e+01
2.167095565795898438e+01
2.167036247253417969e+01
2.167106246948242188e+01
2.167051315307617188e+01
2.167025947570800781e+01
2.167040252685546875e+01
2.167087173461914062e+01
2.167053794860839844e+01
2.167013931274414062e+01
2.167020225524902344e+01
2.167048645019531250e+01
2.167008781433105469e+01
2.166961479187011719e+01
2.166968727111816406e+01
2.167011642456054688e+01
2.167066192626953125e+01
2.167048645019531250e+01
2.167002868652343750e+01
2.168090248107910156e+01
2.167014884948730469e+01
2.167791748046875000e+01
2.167958068847656250e+01
2.167550277709960938e+01
2.166966629028320312e+01
2.167010879516601562e+01
2.166895675659179688e+01
2.166963005065917969e+01
2.167457199096679688e+01
2.166902923583984375e+01
2.167851638793945312e+01
2.168214797973632812e+01
2.167981338500976562e+01
2.167038917541503906e+01
2.167103958129882812e+01
2.167133903503417969e+01
2.167046928405761719e+01
2.167314910888671875e+01
2.167230796813964844e+01
2.167076301574707031e+01
2.167174720764160156e+01
2.167220115661621094e+01
2.167144203186035156e+01
2.167182540893554688e+01
2.167201614379882812e+01
2.167128181457519531e+01
2.167175292968750000e+01
2.167140579223632812e+01
2.167188644409179688e+01
2.167233276367187500e+01
2.167177009582519531e+01
2.167214775085449219e+01
2.167223358154296875e+01
2.167180061340332031e+01
2.167220115661621094e+01
2.167221260070800781e+01
2.167248725891113281e+01
2.167230224609375000e+01
2.167229652404785156e+01
2.167255020141601562e+01
2.167247009277343750e+01
2.167263031005859375e+01
2.167252922058105469e+01
2.167264556884765625e+01
2.167272377014160156e+01
2.167261314392089844e+01
2.167270278930664062e+01
2.167273330688476562e+01
2.167283058166503906e+01
2.167279624938964844e+01
2.167284774780273438e+01
2.167279243469238281e+01
2.167282867431640625e+01
2.167279624938964844e+01
2.167289733886718750e+01
2.167278861999511719e+01
2.167299842834472656e+01
2.167278671264648438e+01
2.167332458496093750e+01
2.167283058166503906e+01
2.167402458190917969e+01
2.167301559448242188e+01
2.167426681518554688e+01
2.167313194274902344e+01
2.167336845397949219e+01
2.167517280578613281e+01
2.167279052734375000e+01
2.167281341552734375e+01
2.167283058166503906e+01
2.167373085021972656e+01
2.167298126220703125e+01
2.167325973510742188e+01
2.167394828796386719e+01
2.167280197143554688e+01
2.167283630371093750e+01
2.167253494262695312e+01
2.167370605468750000e+01
2.167253875732421875e+01
2.167265701293945312e+01
2.167269897460937500e+01
2.167254447937011719e+01
2.167244148254394531e+01
2.167240524291992188e+01
2.167241477966308594e+01
2.167263603210449219e+01
2.167253875732421875e+01
2.167273330688476562e+01
2.167228126525878906e+01
2.167234802246093750e+01
2.167235183715820312e+01
2.167250823974609375e+01
2.167211914062500000e+01
2.167212486267089844e+01
2.167215919494628906e+01
2.167229843139648438e+01
2.167212104797363281e+01
2.167191314697265625e+01
2.167196083068847656e+01
2.167198181152343750e+01
2.167200088500976562e+01
2.167183113098144531e+01
2.167173957824707031e+01
2.167169952392578125e+01
2.167182159423828125e+01
2.167205619812011719e+01
2.167164039611816406e+01
2.167167663574218750e+01
2.167181968688964844e+01
2.167186546325683594e+01
2.167195892333984375e+01
2.167229843139648438e+01
2.167198181152343750e+01
2.167155075073242188e+01
2.167123413085937500e+01
2.167131423950195312e+01
2.167144584655761719e+01
2.167132949829101562e+01
2.167110824584960938e+01
2.167101669311523438e+01
2.167102813720703125e+01
2.167105674743652344e+01
2.167085456848144531e+01
2.167079544067382812e+01
2.167084312438964844e+01
2.167150497436523438e+01
2.167333602905273438e+01
2.167191886901855469e+01
2.167105674743652344e+01
2.167339324951171875e+01
2.167206382751464844e+01
2.167112541198730469e+01
2.167088699340820312e+01
2.167079162597656250e+01
2.167061233520507812e+01
2.167056274414062500e+01
2.167069435119628906e+01
2.167044830322265625e+01
2.167049980163574219e+01
2.167060279846191406e+01
2.167067146301269531e+01
2.167059326171875000e+01
2.167070579528808594e+01
2.167062950134277344e+01
2.167075729370117188e+01
2.167089271545410156e+01
2.167158317565917969e+01
2.167147445678710938e+01
2.167171669006347656e+01
2.167124176025390625e+01
2.167098236083984375e+01
2.167169761657714844e+01
2.167179107666015625e+01
2.167185401916503906e+01
2.166033363342285156e+01
2.107192611694335938e+01
2.015656471252441406e+01
1.914957237243652344e+01
1.814513015747070312e+01
1.721142005920410156e+01
1.637271690368652344e+01
1.567310333251953125e+01
1.512330150604248047e+01
1.473211574554443359e+01
1.448056316375732422e+01
1.397839260101318359e+01
1.347741031646728516e+01
1.306484127044677734e+01
1.277374076843261719e+01
1.258446216583251953e+01
1.250877285003662109e+01
1.247339057922363281e+01
1.250927829742431641e+01
1.249101066589355469e+01
1.269338226318359375e+01
1.253911399841308594e+01
1.250110244750976562e+01
1.243626689910888672e+01
1.279776287078857422e+01
1.256931972503662109e+01
1.245035266876220703e+01
1.247337818145751953e+01
1.246664524078369141e+01
1.245983505249023438e+01
1.245426654815673828e+01
1.244501590728759766e+01
1.243634033203125000e+01
1.243125152587890625e+01
1.242884731292724609e+01
1.242852783203125000e+01
1.243041229248046875e+01
1.243574714660644531e+01
1.244291877746582031e+01
1.244715118408203125e+01
1.244536304473876953e+01
1.243851375579833984e+01
1.243238830566406250e+01
1.243090152740478516e+01
1.243304252624511719e+01
1.243620300292968750e+01
1.243816757202148438e+01
1.243819904327392578e+01
1.243654060363769531e+01
1.243397617340087891e+01
1.243135261535644531e+01
1.242914581298828125e+01
1.242766284942626953e+01
1.242700386047363281e+01
1.242660331726074219e+01
1.242532062530517578e+01
1.242316532135009766e+01
1.242155551910400391e+01
1.242101860046386719e+01
1.242101287841796875e+01
1.242100048065185547e+01
1.242041397094726562e+01
1.241877174377441406e+01
1.241656875610351562e+01
1.241505622863769531e+01
1.241462421417236328e+01
1.241442871093750000e+01
1.241367149353027344e+01
1.241242122650146484e+01
1.241073894500732422e+01
1.240901660919189453e+01
1.240804100036621094e+01
1.240758419036865234e+01
1.240726375579833984e+01
1.240706729888916016e+01
1.240673542022705078e+01
1.240647888183593750e+01
1.240629577636718750e+01
1.240611934661865234e+01
1.240592956542968750e+01
1.240582656860351562e+01
1.240579891204833984e+01
1.240586662292480469e+01
1.240588665008544922e+01
1.240599822998046875e+01
1.240589618682861328e+01
1.240600204467773438e+01
1.240591812133789062e+01
1.240598964691162109e+01
1.240591812133789062e+01
1.240582370758056641e+01
1.240580940246582031e+01
1.240578460693359375e+01
1.240579319000244141e+01
1.240589809417724609e+01
1.240582752227783203e+01
1.240588665008544922e+01
1.240580940246582031e+01
1.240595054626464844e+01
1.240586090087890625e+01
1.240605258941650391e+01
1.240591621398925781e+01
1.240601348876953125e+01
1.240596961975097656e+01
1.240595245361328125e+01
1.240597820281982422e+01
1.240577602386474609e+01
1.240578651428222656e+01
1.240571880340576172e+01
1.240576839447021484e+01
1.240573978424072266e+01
1.240576839447021484e+01
1.240571689605712891e+01
1.240582656860351562e+01
1.240576171875000000e+01
1.240599822998046875e+01
1.240590095520019531e+01
1.240630626678466797e+01
1.240617275238037109e+01
1.240666484832763672e+01
1.240680313110351562e+01
1.240656757354736328e+01
1.240681552886962891e+01
1.240632724761962891e+01
1.240643596649169922e+01
1.240649890899658203e+01
1.240695858001708984e+01
1.240698623657226562e+01
1.240619087219238281e+01
1.240622520446777344e+01
1.240627193450927734e+01
1.240669631958007812e+01
1.240655040740966797e+01
1.240643787384033203e+01
1.240642166137695312e+01
1.240640354156494141e+01
1.240652465820312500e+01
1.240656471252441406e+01
1.240666770935058594e+01
1.240667057037353516e+01
1.240676403045654297e+01
1.240669822692871094e+01
1.240676307678222656e+01
1.240673637390136719e+01
1.240688419342041016e+01
1.240688896179199219e+01
1.240708351135253906e+01
1.240706634521484375e+01
1.240712451934814453e+01
1.240714073181152344e+01
1.240707778930664062e+01
1.240708732604980469e+01
1.240707015991210938e+01
1.240702915191650391e+01
1.240693473815917969e+01
1.240677452087402344e+01
1.240675735473632812e+01
1.240665054321289062e+01
1.240674495697021484e+01
1.240654373168945312e+01
1.240673255920410156e+01
1.240677165985107422e+01
1.240666389465332031e+01
1.240659046173095703e+01
1.240651035308837891e+01
1.240648460388183594e+01
1.240644168853759766e+01
1.240633773803710938e+01
1.240622997283935547e+01
1.240621280670166016e+01
1.240619277954101562e+01
1.240616512298583984e+01
1.240614128112792969e+01
1.240617847442626953e+01
1.240621280670166016e+01
1.240629291534423828e+01
1.240630626678466797e+01
1.240639591217041016e+01
1.240638351440429688e+01
1.240662479400634766e+01
1.240651321411132812e+01
1.240686321258544922e+01
