2.689746475219726562e+01
2.666635704040527344e+01
2.586742019653320312e+01
2.493428802490234375e+01
2.373112297058105469e+01
2.260446929931640625e+01
2.148390388488769531e+01
2.026802635192871094e+01
1.914483070373535156e+01
1.819298362731933594e+01
1.741164588928222656e+01
1.660012626647949219e+01
1.572686767578125000e+01
1.486034011840820312e+01
1.402979469299316406e+01
1.325169467926025391e+01
1.253751754760742188e+01
1.189673233032226562e+01
1.133327102661132812e+01
1.084300613403320312e+01
1.042214107513427734e+01
1.007097053527832031e+01
9.785436630249023438e+00
9.559345245361328125e+00
9.386405944824218750e+00
9.260323524475097656e+00
9.174722671508789062e+00
9.123248100280761719e+00
9.099789619445800781e+00
9.098719596862792969e+00
9.115015029907226562e+00
9.144253730773925781e+00
9.182518959045410156e+00
9.226309776306152344e+00
9.272520065307617188e+00
9.318488121032714844e+00
9.362127304077148438e+00
9.402069091796875000e+00
9.437713623046875000e+00
9.469086647033691406e+00
9.496595382690429688e+00
9.520833969116210938e+00
9.542355537414550781e+00
9.561421394348144531e+00
9.577771186828613281e+00
9.590572357177734375e+00
9.598617553710937500e+00
9.600707054138183594e+00
9.596078872680664062e+00
9.584700584411621094e+00
9.567346572875976562e+00
9.545431137084960938e+00
9.520689010620117188e+00
9.494851112365722656e+00
9.469406127929687500e+00
9.445492744445800781e+00
9.423880577087402344e+00
9.404999732971191406e+00
9.389009475708007812e+00
9.375846862792968750e+00
9.365298271179199219e+00
9.357035636901855469e+00
9.350670814514160156e+00
9.345794677734375000e+00
9.342001914978027344e+00
9.338923454284667969e+00
9.336242675781250000e+00
9.333707809448242188e+00
9.331138610839843750e+00
9.328421592712402344e+00
9.325500488281250000e+00
9.322349548339843750e+00
9.318957328796386719e+00
9.315311431884765625e+00
9.311406135559082031e+00
9.307253837585449219e+00
9.302894592285156250e+00
9.298401832580566406e+00
9.293873786926269531e+00
9.289409637451171875e+00
9.285087585449218750e+00
9.280937194824218750e+00
9.276932716369628906e+00
9.273022651672363281e+00
9.269162178039550781e+00
9.265332221984863281e+00
9.261549949645996094e+00
9.257834434509277344e+00
9.254182815551757812e+00
9.250561714172363281e+00
9.246923446655273438e+00
9.243242263793945312e+00
9.239527702331542969e+00
9.235811233520507812e+00
9.232117652893066406e+00
9.228442192077636719e+00
9.224772453308105469e+00
9.221100807189941406e+00
9.217448234558105469e+00
9.213838577270507812e+00
9.210290908813476562e+00
9.206798553466796875e+00
9.203351974487304688e+00
9.199949264526367188e+00
9.196601867675781250e+00
9.193320274353027344e+00
9.190100669860839844e+00
9.186932563781738281e+00
9.183806419372558594e+00
9.180721282958984375e+00
9.177680015563964844e+00
9.174682617187500000e+00
9.171720504760742188e+00
9.168787956237792969e+00
9.165881156921386719e+00
9.163000106811523438e+00
9.160147666931152344e+00
9.157322883605957031e+00
9.154519081115722656e+00
9.151738166809082031e+00
9.148976325988769531e+00
9.146237373352050781e+00
9.143522262573242188e+00
9.140827178955078125e+00
9.138151168823242188e+00
9.135494232177734375e+00
9.132855415344238281e+00
9.130234718322753906e+00
9.127634048461914062e+00
9.125046730041503906e+00
9.122475624084472656e+00
9.119917869567871094e+00
9.117375373840332031e+00
9.114845275878906250e+00
9.112327575683593750e+00
9.109822273254394531e+00
9.107325553894042969e+00
9.104841232299804688e+00
9.102365493774414062e+00
9.099900245666503906e+00
9.097442626953125000e+00
9.094995498657226562e+00
9.092555046081542969e+00
9.090125083923339844e+00
9.087700843811035156e+00
9.085286140441894531e+00
9.082877159118652344e+00
9.080474853515625000e+00
9.078081130981445312e+00
9.075693130493164062e+00
9.073311805725097656e+00
9.070934295654296875e+00
9.068564414978027344e+00
9.066199302673339844e+00
9.063838005065917969e+00
9.061480522155761719e+00
9.059125900268554688e+00
9.056777954101562500e+00
9.054430007934570312e+00
9.052083015441894531e+00
9.049738883972167969e+00
9.047393798828125000e+00
9.045046806335449219e+00
9.042697906494140625e+00
9.040347099304199219e+00
9.037997245788574219e+00
9.035650253295898438e+00
9.033310890197753906e+00
9.030966758728027344e+00
9.028606414794921875e+00
9.026227951049804688e+00
9.023825645446777344e+00
9.021398544311523438e+00
9.018942832946777344e+00
9.016454696655273438e+00
9.013929367065429688e+00
9.011384963989257812e+00
9.009033203125000000e+00
9.006693840026855469e+00
9.004183769226074219e+00
9.001909255981445312e+00
9.000381469726562500e+00
9.000540733337402344e+00
9.004007339477539062e+00
9.012403488159179688e+00
9.024549484252929688e+00
9.051095008850097656e+00
9.157170295715332031e+00
9.071493148803710938e+00
8.948771476745605469e+00
8.874313354492187500e+00
8.859775543212890625e+00
8.883713722229003906e+00
8.916250228881835938e+00
8.940849304199218750e+00
9.004507064819335938e+00
9.067698478698730469e+00
9.019114494323730469e+00
8.856064796447753906e+00
8.677527427673339844e+00
8.496770858764648438e+00
8.406702995300292969e+00
8.397328376770019531e+00
8.447737693786621094e+00
8.497308731079101562e+00
8.465664863586425781e+00
8.404787063598632812e+00
8.351267814636230469e+00
8.316530227661132812e+00
8.303583145141601562e+00
8.297420501708984375e+00
8.274326324462890625e+00
8.223217964172363281e+00
8.153986930847167969e+00
8.096915245056152344e+00
8.068954467773437500e+00
8.058098793029785156e+00
8.050335884094238281e+00
8.033718109130859375e+00
8.005217552185058594e+00
7.971947669982910156e+00
7.953282356262207031e+00
7.955076694488525391e+00
7.970816612243652344e+00
7.963977813720703125e+00
7.946869850158691406e+00
7.927604198455810547e+00
7.904944896697998047e+00
7.881955623626708984e+00
7.873920440673828125e+00
7.879039287567138672e+00
7.881772041320800781e+00
7.878282546997070312e+00
7.865011692047119141e+00
7.843115806579589844e+00
7.819480895996093750e+00
7.798502445220947266e+00
7.780735969543457031e+00
7.765066623687744141e+00
7.750288009643554688e+00
7.735764980316162109e+00
7.731133937835693359e+00
7.734370231628417969e+00
7.734701156616210938e+00
7.731948375701904297e+00
7.725616931915283203e+00
7.714225292205810547e+00
7.699030876159667969e+00
7.682640552520751953e+00
7.666219711303710938e+00
7.650455951690673828e+00
7.636151790618896484e+00
7.623967170715332031e+00
7.614027023315429688e+00
7.605619907379150391e+00
7.601847648620605469e+00
7.600515842437744141e+00
7.596597671508789062e+00
7.593014717102050781e+00
7.588692665100097656e+00
7.580980777740478516e+00
7.575501918792724609e+00
7.570649623870849609e+00
7.561219692230224609e+00
7.551651954650878906e+00
7.542370796203613281e+00
7.531063556671142578e+00
7.521063804626464844e+00
7.511499881744384766e+00
7.500973224639892578e+00
7.492483139038085938e+00
7.484131813049316406e+00
7.474399566650390625e+00
7.466939449310302734e+00
7.460236549377441406e+00
7.452098369598388672e+00
7.445824623107910156e+00
7.440128803253173828e+00
7.432874202728271484e+00
7.426784038543701172e+00
7.420825958251953125e+00
7.413783550262451172e+00
7.407767772674560547e+00
7.401507377624511719e+00
7.394677639007568359e+00
7.388625621795654297e+00
7.382091045379638672e+00
7.375671386718750000e+00
7.369759082794189453e+00
7.363474369049072266e+00
7.357507228851318359e+00
7.351268768310546875e+00
7.344537258148193359e+00
7.337490081787109375e+00
7.329366207122802734e+00
7.320709705352783203e+00
7.313145637512207031e+00
7.310235500335693359e+00
7.313512325286865234e+00
7.318985462188720703e+00
7.322067737579345703e+00
7.320360660552978516e+00
7.314121246337890625e+00
7.305613517761230469e+00
7.296943664550781250e+00
7.289479732513427734e+00
7.283403873443603516e+00
7.277934074401855469e+00
7.272417068481445312e+00
7.266591548919677734e+00
7.260829448699951172e+00
7.255825996398925781e+00
7.251909255981445312e+00
7.248996734619140625e+00
7.246578216552734375e+00
7.244009494781494141e+00
7.240955352783203125e+00
7.237445354461669922e+00
7.233741760253906250e+00
7.230085372924804688e+00
7.226548194885253906e+00
7.223083019256591797e+00
7.219574451446533203e+00
7.215923786163330078e+00
7.212171077728271484e+00
7.208434581756591797e+00
7.204841136932373047e+00
7.201478481292724609e+00
7.198323249816894531e+00
7.195289134979248047e+00
7.192288398742675781e+00
7.189255237579345703e+00
7.186185359954833984e+00
7.183201789855957031e+00
7.180348396301269531e+00
7.177500724792480469e+00
7.174542903900146484e+00
7.171415328979492188e+00
7.168138504028320312e+00
7.164766311645507812e+00
7.161354541778564453e+00
7.157925128936767578e+00
7.154481410980224609e+00
7.151004314422607422e+00
7.147471904754638672e+00
7.144016265869140625e+00
7.141059398651123047e+00
7.138576984405517578e+00
7.136033535003662109e+00
7.133224964141845703e+00
7.130216121673583984e+00
7.127121925354003906e+00
7.124107360839843750e+00
7.121240139007568359e+00
7.118458271026611328e+00
7.115636825561523438e+00
7.112668991088867188e+00
7.109518051147460938e+00
7.106241226196289062e+00
7.102985858917236328e+00
7.099934577941894531e+00
7.097235679626464844e+00
7.094946861267089844e+00
7.093056678771972656e+00
7.091517925262451172e+00
7.090282917022705078e+00
7.089306354522705078e+00
7.088519573211669922e+00
7.087801933288574219e+00
7.086991786956787109e+00
7.085914134979248047e+00
7.084423542022705078e+00
7.082442283630371094e+00
7.079966545104980469e+00
7.077056407928466797e+00
7.073821544647216797e+00
7.070415019989013672e+00
7.067030906677246094e+00
7.063871383666992188e+00
7.061107635498046875e+00
7.058821201324462891e+00
7.056997776031494141e+00
7.055552005767822266e+00
7.054372787475585938e+00
7.053363323211669922e+00
7.052456855773925781e+00
7.051614284515380859e+00
7.050808429718017578e+00
7.050020217895507812e+00
7.049232959747314453e+00
7.048432350158691406e+00
7.047600746154785156e+00
7.046731472015380859e+00
7.045818328857421875e+00
7.044868946075439453e+00
7.043893814086914062e+00
7.042898654937744141e+00
7.041892528533935547e+00
7.040878295898437500e+00
7.039853572845458984e+00
7.038812637329101562e+00
7.037751197814941406e+00
7.036661624908447266e+00
7.034388542175292969e+00
7.062807559967041016e+00
7.031117439270019531e+00
6.996703624725341797e+00
6.987953186035156250e+00
7.002067565917968750e+00
7.028201103210449219e+00
7.032649517059326172e+00
7.029510021209716797e+00
7.015306472778320312e+00
7.005111694335937500e+00
7.005390644073486328e+00
7.016899585723876953e+00
7.031996726989746094e+00
7.041761398315429688e+00
7.041291236877441406e+00
7.032738208770751953e+00
7.021553039550781250e+00
7.012624263763427734e+00
7.008645534515380859e+00
7.009566307067871094e+00
7.012814998626708984e+00
7.014791011810302734e+00
7.013617038726806641e+00
7.009730339050292969e+00
7.003617286682128906e+00
7.010795116424560547e+00
6.969681262969970703e+00
6.991808891296386719e+00
7.184155941009521484e+00
6.979710102081298828e+00
6.961010456085205078e+00
6.980068206787109375e+00
7.010176658630371094e+00
7.034906864166259766e+00
7.046879768371582031e+00
7.046370983123779297e+00
7.039806842803955078e+00
7.035178184509277344e+00
7.036194801330566406e+00
7.041481018066406250e+00
7.046895027160644531e+00
7.048536777496337891e+00
7.044879913330078125e+00
7.036237716674804688e+00
7.024214744567871094e+00
7.011181354522705078e+00
6.998257160186767578e+00
6.986424446105957031e+00
6.977903366088867188e+00
6.973913192749023438e+00
6.973619461059570312e+00
6.974754333496093750e+00
6.975067138671875000e+00
6.974106311798095703e+00
6.970995903015136719e+00
6.964625835418701172e+00
6.956873893737792969e+00
6.950930595397949219e+00
6.948402404785156250e+00
6.948501586914062500e+00
6.948924064636230469e+00
6.947440147399902344e+00
6.943450450897216797e+00
6.938253879547119141e+00
6.933540821075439453e+00
6.928511619567871094e+00
6.897251129150390625e+00
6.913181781768798828e+00
6.912489891052246094e+00
6.898067474365234375e+00
6.880449771881103516e+00
6.864524841308593750e+00
6.850162029266357422e+00
6.835641384124755859e+00
6.822315216064453125e+00
6.807470798492431641e+00
6.790718078613281250e+00
6.779182434082031250e+00
6.770693302154541016e+00
6.762241840362548828e+00
6.753318309783935547e+00
6.746192455291748047e+00
6.742145538330078125e+00
6.740159511566162109e+00
6.737890243530273438e+00
6.733713150024414062e+00
6.729817390441894531e+00
6.727950096130371094e+00
6.727417469024658203e+00
6.725918292999267578e+00
6.723535537719726562e+00
6.721569061279296875e+00
6.720255374908447266e+00
6.718932151794433594e+00
6.716895103454589844e+00
6.714224338531494141e+00
6.711423397064208984e+00
6.708800315856933594e+00
6.706216812133789062e+00
6.703248500823974609e+00
6.699832439422607422e+00
6.696318626403808594e+00
6.692931175231933594e+00
6.689554214477539062e+00
6.686002254486083984e+00
6.682303905487060547e+00
6.678654193878173828e+00
6.675156593322753906e+00
6.671741008758544922e+00
6.668293952941894531e+00
6.664810657501220703e+00
6.661378860473632812e+00
6.658057212829589844e+00
6.654815673828125000e+00
6.651596069335937500e+00
6.648389339447021484e+00
6.645244598388671875e+00
6.642197132110595703e+00
6.639333724975585938e+00
6.636604785919189453e+00
6.633776664733886719e+00
6.631068229675292969e+00
6.628648281097412109e+00
6.626389980316162109e+00
6.624235153198242188e+00
6.622128009796142578e+00
6.620017528533935547e+00
6.617859363555908203e+00
6.615650177001953125e+00
6.613407135009765625e+00
6.611152172088623047e+00
6.608895301818847656e+00
6.606656074523925781e+00
6.604457855224609375e+00
6.602325439453125000e+00
6.600399017333984375e+00
6.598663806915283203e+00
6.596928119659423828e+00
6.595149517059326172e+00
6.593430519104003906e+00
6.591867446899414062e+00
6.590447425842285156e+00
6.589097499847412109e+00
6.587801933288574219e+00
6.586632728576660156e+00
6.585694313049316406e+00
6.585041999816894531e+00
6.584677219390869141e+00
6.584599494934082031e+00
6.584873676300048828e+00
6.585616588592529297e+00
6.586974620819091797e+00
6.589089870452880859e+00
6.592090606689453125e+00
6.596031665802001953e+00
6.600693225860595703e+00
6.604872226715087891e+00
6.602524757385253906e+00
6.584030151367187500e+00
6.617658615112304688e+00
6.596470832824707031e+00
6.561835765838623047e+00
6.531512737274169922e+00
6.778641223907470703e+00
6.475035667419433594e+00
6.461783409118652344e+00
6.463502883911132812e+00
6.475909709930419922e+00
6.494495868682861328e+00
6.512543678283691406e+00
6.520088195800781250e+00
6.513869762420654297e+00
6.500390052795410156e+00
6.487215995788574219e+00
6.477613925933837891e+00
6.471529483795166016e+00
6.467031002044677734e+00
6.461943626403808594e+00
6.453956127166748047e+00
6.440951824188232422e+00
6.425277233123779297e+00
6.411715507507324219e+00
6.402870655059814453e+00
6.398693561553955078e+00
6.397533416748046875e+00
6.397098064422607422e+00
6.395909786224365234e+00
6.394160270690917969e+00
6.393155574798583984e+00
6.397421360015869141e+00
6.417044639587402344e+00
6.439026355743408203e+00
6.403418064117431641e+00
6.363986492156982422e+00
6.342816352844238281e+00
6.335227489471435547e+00
6.332324981689453125e+00
6.328927993774414062e+00
6.325886726379394531e+00
6.324845790863037109e+00
6.323461532592773438e+00
6.320733547210693359e+00
6.316555976867675781e+00
6.311422824859619141e+00
6.306128025054931641e+00
6.300804615020751953e+00
6.296117782592773438e+00
6.292249202728271484e+00
6.289362430572509766e+00
6.287842273712158203e+00
6.287124633789062500e+00
6.286266803741455078e+00
6.284122943878173828e+00
6.280478000640869141e+00
6.276385784149169922e+00
6.272813796997070312e+00
6.269616603851318359e+00
6.266191482543945312e+00
6.262535572052001953e+00
6.259242534637451172e+00
6.256595134735107422e+00
6.254574298858642578e+00
6.252276897430419922e+00
6.249581813812255859e+00
6.247159481048583984e+00
6.245119571685791016e+00
6.243291854858398438e+00
6.241315841674804688e+00
6.239190578460693359e+00
6.237157821655273438e+00
6.235322475433349609e+00
6.233352184295654297e+00
6.231254577636718750e+00
6.229459285736083984e+00
6.227813243865966797e+00
6.225866794586181641e+00
6.223786354064941406e+00
6.221904754638671875e+00
6.220194816589355469e+00
6.218496799468994141e+00
6.216651916503906250e+00
6.214878082275390625e+00
6.213232517242431641e+00
6.211807250976562500e+00
6.210326194763183594e+00
6.208499908447265625e+00
6.206940650939941406e+00
6.205710887908935547e+00
6.204227447509765625e+00
6.202370166778564453e+00
6.200675010681152344e+00
6.199048519134521484e+00
6.197707653045654297e+00
6.196130275726318359e+00
6.193918704986572266e+00
6.191845417022705078e+00
6.190224170684814453e+00
6.188842296600341797e+00
6.187303066253662109e+00
6.185592651367187500e+00
6.183903217315673828e+00
6.182461261749267578e+00
6.181227207183837891e+00
6.179852485656738281e+00
6.178305149078369141e+00
6.176726818084716797e+00
6.175215244293212891e+00
6.173727512359619141e+00
6.172063350677490234e+00
6.170317173004150391e+00
6.168748378753662109e+00
6.167392253875732422e+00
6.166055202484130859e+00
6.164587974548339844e+00
6.163097381591796875e+00
6.161735534667968750e+00
6.160509109497070312e+00
6.159323692321777344e+00
6.158122062683105469e+00
6.156940460205078125e+00
6.155815601348876953e+00
6.154716491699218750e+00
6.153579711914062500e+00
6.152389049530029297e+00
6.151191711425781250e+00
6.150031566619873047e+00
6.148892402648925781e+00
6.147736549377441406e+00
6.146563529968261719e+00
6.145402431488037109e+00
6.144259929656982422e+00
6.143113613128662109e+00
6.141950130462646484e+00
6.140780448913574219e+00
6.139631748199462891e+00
6.138515472412109375e+00
6.137423515319824219e+00
6.136335372924804688e+00
6.135230541229248047e+00
6.134101390838623047e+00
6.132952690124511719e+00
6.131793975830078125e+00
6.130636692047119141e+00
6.129487514495849609e+00
6.128345489501953125e+00
6.127203941345214844e+00
6.126057624816894531e+00
6.124905109405517578e+00
6.123750686645507812e+00
6.122601509094238281e+00
6.121457576751708984e+00
6.120318889617919922e+00
6.119182586669921875e+00
6.118048191070556641e+00
6.116913318634033203e+00
6.115778923034667969e+00
6.114646434783935547e+00
6.113515853881835938e+00
6.112391471862792969e+00
6.111278057098388672e+00
6.110172748565673828e+00
6.109027385711669922e+00
6.107879638671875000e+00
6.106626033782958984e+00
6.105481624603271484e+00
6.104565143585205078e+00
6.103848934173583984e+00
6.102875232696533203e+00
6.101740837097167969e+00
6.100794792175292969e+00
6.099989414215087891e+00
6.098963260650634766e+00
6.097701549530029297e+00
6.096543312072753906e+00
6.095534801483154297e+00
6.094475746154785156e+00
6.093285560607910156e+00
6.092134952545166016e+00
6.091092586517333984e+00
6.090064048767089844e+00
6.088959217071533203e+00
6.087848663330078125e+00
6.086804866790771484e+00
6.085795879364013672e+00
6.084748268127441406e+00
6.083682060241699219e+00
6.082657814025878906e+00
6.081665039062500000e+00
6.080652713775634766e+00
6.079618453979492188e+00
6.078607559204101562e+00
6.077626228332519531e+00
6.076638698577880859e+00
6.075591564178466797e+00
6.074605941772460938e+00
6.073726177215576172e+00
6.072781085968017578e+00
6.071701526641845703e+00
6.070711135864257812e+00
6.069873332977294922e+00
6.068943977355957031e+00
6.067874431610107422e+00
6.066881179809570312e+00
6.065953254699707031e+00
6.065044403076171875e+00
6.064138412475585938e+00
6.063193798065185547e+00
6.062215805053710938e+00
6.061319351196289062e+00
6.060507297515869141e+00
6.059583663940429688e+00
6.058585166931152344e+00
6.057626247406005859e+00
6.056783676147460938e+00
6.055987358093261719e+00
6.055051326751708984e+00
6.054109573364257812e+00
6.053316116333007812e+00
6.052583694458007812e+00
6.051718711853027344e+00
6.050788879394531250e+00
6.049948692321777344e+00
6.049160003662109375e+00
6.048274993896484375e+00
6.047311782836914062e+00
6.046463489532470703e+00
6.045845031738281250e+00
6.045273780822753906e+00
6.044540882110595703e+00
6.043904781341552734e+00
6.043461322784423828e+00
6.043015480041503906e+00
6.042346477508544922e+00
6.041627407073974609e+00
6.040988445281982422e+00
6.040327072143554688e+00
6.039422988891601562e+00
6.038463115692138672e+00
6.037687301635742188e+00
6.037001132965087891e+00
6.036093711853027344e+00
6.035181045532226562e+00
6.034516811370849609e+00
6.033953189849853516e+00
6.033104896545410156e+00
6.032238006591796875e+00
6.031579494476318359e+00
6.030992984771728516e+00
6.030217170715332031e+00
6.029335975646972656e+00
6.028639316558837891e+00
6.028155326843261719e+00
6.027494907379150391e+00
6.026620388031005859e+00
6.025964260101318359e+00
6.025576114654541016e+00
6.024998664855957031e+00
6.024220943450927734e+00
6.023639678955078125e+00
6.023127555847167969e+00
6.022456169128417969e+00
6.021749973297119141e+00
6.021092414855957031e+00
6.020512580871582031e+00
6.019907474517822266e+00
6.019151687622070312e+00
6.018416881561279297e+00
6.017868518829345703e+00
6.017391204833984375e+00
6.016665935516357422e+00
6.016054153442382812e+00
6.015629768371582031e+00
6.015086174011230469e+00
6.014433383941650391e+00
6.013925552368164062e+00
6.013709068298339844e+00
6.013501167297363281e+00
6.012580871582031250e+00
6.011641979217529297e+00
6.010995388031005859e+00
6.010568618774414062e+00
6.010090827941894531e+00
6.009605884552001953e+00
6.009347915649414062e+00
6.009222030639648438e+00
6.009100437164306641e+00
6.009051799774169922e+00
6.009104251861572266e+00
6.008963584899902344e+00
6.008569717407226562e+00
6.008432865142822266e+00
6.008571147918701172e+00
6.008255958557128906e+00
6.007788181304931641e+00
6.007624626159667969e+00
6.007406711578369141e+00
6.006862163543701172e+00
6.006191730499267578e+00
6.005511760711669922e+00
6.004741191864013672e+00
6.003915309906005859e+00
6.003219127655029297e+00
6.002554893493652344e+00
6.001994132995605469e+00
6.001591682434082031e+00
6.001172065734863281e+00
6.000651359558105469e+00
6.000115394592285156e+00
5.999583244323730469e+00
5.999053001403808594e+00
5.998556137084960938e+00
5.998013496398925781e+00
5.997596263885498047e+00
5.997340202331542969e+00
5.996860980987548828e+00
5.996286869049072266e+00
5.995819568634033203e+00
5.995444774627685547e+00
5.994991779327392578e+00
5.994463920593261719e+00
5.994210720062255859e+00
5.993968009948730469e+00
5.993383407592773438e+00
5.992810249328613281e+00
5.992416381835937500e+00
5.992012977600097656e+00
5.991391658782958984e+00
5.990957260131835938e+00
5.990788936614990234e+00
5.990315437316894531e+00
5.989800453186035156e+00
5.989496231079101562e+00
5.989296436309814453e+00
5.988861560821533203e+00
5.988312244415283203e+00
5.987845897674560547e+00
5.987464904785156250e+00
5.986875534057617188e+00
5.986343860626220703e+00
5.986103057861328125e+00
5.985980510711669922e+00
5.985602378845214844e+00
5.985369682312011719e+00
5.985198974609375000e+00
5.984672069549560547e+00
5.984012603759765625e+00
5.983473777770996094e+00
5.982956886291503906e+00
5.982489585876464844e+00
5.982327938079833984e+00
5.982154846191406250e+00
5.981917381286621094e+00
5.981713771820068359e+00
5.981335639953613281e+00
5.980724334716796875e+00
5.980207443237304688e+00
5.979926109313964844e+00
5.979400157928466797e+00
5.978837013244628906e+00
5.978686809539794922e+00
5.978727340698242188e+00
5.978262424468994141e+00
5.977911472320556641e+00
5.977899551391601562e+00
5.977660655975341797e+00
5.976994037628173828e+00
5.976555347442626953e+00
5.976217746734619141e+00
5.975669384002685547e+00
5.975056171417236328e+00
5.974786281585693359e+00
5.974769115447998047e+00
5.974370956420898438e+00
5.974026203155517578e+00
5.973840713500976562e+00
5.973392963409423828e+00
5.972641944885253906e+00
5.972210884094238281e+00
5.972009658813476562e+00
5.971518516540527344e+00
5.971134662628173828e+00
5.970928668975830078e+00
5.970598697662353516e+00
5.970082759857177734e+00
5.969788551330566406e+00
5.969587326049804688e+00
5.969145298004150391e+00
5.968744277954101562e+00
5.968450069427490234e+00
5.968019485473632812e+00
5.967627048492431641e+00
5.967474460601806641e+00
5.967240810394287109e+00
5.966891765594482422e+00
5.966599941253662109e+00
5.966279506683349609e+00
5.965795516967773438e+00
5.965326309204101562e+00
5.965055465698242188e+00
5.964848518371582031e+00
5.964527606964111328e+00
5.964304924011230469e+00
5.964061260223388672e+00
5.963683605194091797e+00
5.963226795196533203e+00
5.962823390960693359e+00
5.962490558624267578e+00
5.962119579315185547e+00
5.961898803710937500e+00
5.961803913116455078e+00
5.961575031280517578e+00
5.961312770843505859e+00
5.961122035980224609e+00
5.960806369781494141e+00
5.960371494293212891e+00
5.960064411163330078e+00
5.959770202636718750e+00
5.959369659423828125e+00
5.959086894989013672e+00
5.958870410919189453e+00
5.958566665649414062e+00
5.958328723907470703e+00
5.958271980285644531e+00
5.958139419555664062e+00
5.957893848419189453e+00
5.957698345184326172e+00
5.957496643066406250e+00
5.957086563110351562e+00
5.956669807434082031e+00
5.956409931182861328e+00
5.956080436706542969e+00
5.955696582794189453e+00
5.955445766448974609e+00
5.955269336700439453e+00
5.955002307891845703e+00
5.954758167266845703e+00
