3.733657455444335938e+01
3.707715225219726562e+01
3.682105255126953125e+01
3.656742858886718750e+01
3.631548690795898438e+01
3.606438827514648438e+01
3.581371307373046875e+01
3.556325531005859375e+01
3.531290435791015625e+01
3.506266021728515625e+01
3.481265258789062500e+01
3.456335067749023438e+01
3.431544876098632812e+01
3.406971740722656250e+01
3.382701110839843750e+01
3.359105682373046875e+01
3.335358428955078125e+01
3.312475585937500000e+01
3.290403366088867188e+01
3.268799972534179688e+01
3.248200225830078125e+01
3.228541946411132812e+01
3.209896087646484375e+01
3.192319679260253906e+01
3.175854873657226562e+01
3.160527420043945312e+01
3.146347045898437500e+01
3.133308792114257812e+01
3.121394157409667969e+01
3.110573768615722656e+01
3.100806236267089844e+01
3.092044258117675781e+01
3.084232711791992188e+01
3.077312278747558594e+01
3.071220016479492188e+01
3.065892791748046875e+01
3.061264991760253906e+01
3.057272338867187500e+01
3.053850936889648438e+01
3.050940132141113281e+01
3.048480987548828125e+01
3.046417808532714844e+01
3.044698905944824219e+01
3.043276786804199219e+01
3.042107200622558594e+01
3.041151046752929688e+01
3.040373039245605469e+01
3.039742469787597656e+01
3.039231872558593750e+01
3.038818931579589844e+01
3.038483238220214844e+01
3.038208770751953125e+01
3.037981986999511719e+01
3.037791633605957031e+01
3.037628746032714844e+01
3.037486839294433594e+01
3.037360382080078125e+01
3.037244796752929688e+01
3.037137413024902344e+01
3.037036132812500000e+01
3.036939430236816406e+01
3.036846351623535156e+01
3.036757278442382812e+01
3.036670112609863281e+01
3.036586380004882812e+01
3.036505699157714844e+01
3.036428070068359375e+01
3.036353683471679688e+01
3.036283111572265625e+01
3.036215591430664062e+01
3.036151695251464844e+01
3.036091995239257812e+01
3.036035919189453125e+01
3.035983467102050781e+01
3.035934638977050781e+01
3.035889244079589844e+01
3.035846710205078125e+01
3.035807991027832031e+01
3.035771942138671875e+01
3.035738372802734375e+01
3.035707664489746094e+01
3.035678672790527344e+01
3.035651969909667969e+01
3.035627174377441406e+01
3.035603904724121094e+01
3.035581779479980469e+01
3.035561180114746094e+01
3.035541725158691406e+01
3.035523033142089844e+01
3.035504913330078125e+01
3.035487747192382812e+01
3.035471153259277344e+01
3.035455131530761719e+01
3.035439872741699219e+01
3.035424423217773438e+01
3.035410118103027344e+01
3.035395622253417969e+01
3.035381507873535156e+01
3.035367584228515625e+01
3.035354232788085938e+01
3.035340881347656250e+01
3.035328102111816406e+01
3.035315132141113281e+01
3.035302925109863281e+01
3.035290718078613281e+01
3.035279083251953125e+01
3.035267257690429688e+01
3.035255813598632812e+01
3.035244750976562500e+01
3.035234260559082031e+01
3.035223770141601562e+01
3.035213279724121094e+01
3.035203361511230469e+01
3.035193443298339844e+01
3.035183906555175781e+01
3.035174560546875000e+01
3.035165214538574219e+01
3.035156250000000000e+01
3.035147476196289062e+01
3.035138893127441406e+01
3.035130310058593750e+01
3.035121917724609375e+01
3.035113716125488281e+01
3.035105895996093750e+01
3.035098075866699219e+01
3.035090446472167969e+01
3.035082435607910156e+01
3.035074806213378906e+01
3.035067176818847656e+01
3.035059547424316406e+01
3.035052108764648438e+01
3.035045051574707031e+01
3.035037803649902344e+01
3.035030555725097656e+01
3.035022926330566406e+01
3.035016059875488281e+01
3.035009002685546875e+01
3.035001373291015625e+01
3.034994506835937500e+01
3.034987449645996094e+01
3.034980392456054688e+01
3.034973526000976562e+01
3.034966278076171875e+01
3.034959220886230469e+01
3.034952163696289062e+01
3.034945297241210938e+01
3.034938240051269531e+01
3.034931182861328125e+01
3.034924316406250000e+01
3.034917259216308594e+01
3.034910583496093750e+01
3.034903526306152344e+01
3.034896659851074219e+01
3.034889602661132812e+01
3.034883308410644531e+01
3.034876251220703125e+01
3.034869194030761719e+01
3.034862899780273438e+01
3.034855842590332031e+01
3.034849166870117188e+01
3.034842491149902344e+01
3.034835815429687500e+01
3.034829139709472656e+01
3.034822082519531250e+01
3.034815788269042969e+01
3.034809303283691406e+01
3.034802627563476562e+01
3.034795951843261719e+01
3.034789466857910156e+01
3.034782791137695312e+01
3.034776496887207031e+01
3.034770011901855469e+01
3.034763336181640625e+01
3.034757423400878906e+01
3.034750747680664062e+01
3.034744453430175781e+01
3.034738349914550781e+01
3.034731864929199219e+01
3.034725570678710938e+01
3.034719085693359375e+01
3.034713172912597656e+01
3.034706878662109375e+01
3.034700965881347656e+01
3.034694671630859375e+01
3.034688758850097656e+01
3.034682464599609375e+01
3.034676551818847656e+01
3.034670829772949219e+01
3.034664916992187500e+01
3.034658622741699219e+01
3.034652709960937500e+01
3.034646797180175781e+01
3.034641075134277344e+01
3.034635162353515625e+01
3.034629440307617188e+01
3.034623908996582031e+01
3.034618377685546875e+01
3.034612464904785156e+01
3.034606933593750000e+01
3.034595108032226562e+01
3.031013107299804688e+01
2.990199470520019531e+01
2.940131378173828125e+01
2.888583946228027344e+01
2.839295959472656250e+01
2.794157028198242188e+01
2.754051017761230469e+01
2.719267463684082031e+01
2.671794700622558594e+01
2.615126419067382812e+01
2.560101509094238281e+01
2.510953903198242188e+01
2.469583320617675781e+01
2.436552619934082031e+01
2.411555290222167969e+01
2.393739700317382812e+01
2.381974220275878906e+01
2.375074005126953125e+01
2.371957778930664062e+01
2.371725654602050781e+01
2.373664855957031250e+01
2.377213668823242188e+01
2.381915664672851562e+01
2.387380790710449219e+01
2.393263435363769531e+01
2.399256515502929688e+01
2.405093002319335938e+01
2.410552978515625000e+01
2.415466880798339844e+01
2.419720268249511719e+01
2.423248481750488281e+01
2.426033592224121094e+01
2.428095626831054688e+01
2.429484748840332031e+01
2.430272293090820312e+01
2.430541801452636719e+01
2.430383682250976562e+01
2.429887580871582031e+01
2.429138183593750000e+01
2.428215026855468750e+01
2.427185630798339844e+01
2.426109504699707031e+01
2.425033760070800781e+01
2.423996353149414062e+01
2.423025894165039062e+01
2.422141265869140625e+01
2.421354866027832031e+01
2.420673179626464844e+01
2.420096206665039062e+01
2.419621276855468750e+01
2.419242095947265625e+01
2.418950080871582031e+01
2.418735313415527344e+01
2.418587493896484375e+01
2.418495559692382812e+01
2.418449401855468750e+01
2.418438339233398438e+01
2.418454170227050781e+01
2.418488693237304688e+01
2.418534660339355469e+01
2.418586158752441406e+01
2.418638420104980469e+01
2.418688392639160156e+01
2.418733024597167969e+01
2.418770217895507812e+01
2.418799209594726562e+01
2.418819236755371094e+01
2.418830299377441406e+01
2.418833351135253906e+01
2.418828201293945312e+01
2.418816375732421875e+01
2.418798637390136719e+01
2.418775939941406250e+01
2.418749237060546875e+01
2.418720054626464844e+01
2.418688583374023438e+01
2.418655776977539062e+01
2.418622779846191406e+01
2.418589782714843750e+01
2.418557167053222656e+01
2.418525314331054688e+01
2.418494796752929688e+01
2.418465232849121094e+01
2.418437385559082031e+01
2.418410682678222656e+01
2.418385314941406250e+01
2.418360900878906250e+01
2.418337821960449219e+01
2.418316078186035156e+01
2.418294906616210938e+01
2.418274688720703125e+01
2.418255043029785156e+01
2.418235778808593750e+01
2.418217086791992188e+01
2.418198394775390625e+01
2.418180274963378906e+01
2.418162155151367188e+01
2.418144226074218750e+01
2.418126296997070312e+01
2.418108558654785156e+01
2.418090629577636719e+01
2.418072700500488281e+01
2.418055152893066406e+01
2.418037223815917969e+01
2.418019676208496094e+01
2.418002319335937500e+01
2.417984771728515625e+01
2.417967224121093750e+01
2.417950057983398438e+01
2.417933082580566406e+01
2.417916107177734375e+01
2.417899131774902344e+01
2.417882919311523438e+01
2.417866516113281250e+01
2.417850303649902344e+01
2.417834663391113281e+01
2.417818832397460938e+01
2.417803382873535156e+01
2.417788314819335938e+01
2.417773246765136719e+01
2.417758560180664062e+01
2.417743873596191406e+01
2.417729759216308594e+01
2.417715644836425781e+01
2.417701911926269531e+01
2.417688179016113281e+01
2.417674827575683594e+01
2.417661476135253906e+01
2.417648506164550781e+01
2.417635726928710938e+01
2.417622947692871094e+01
2.417610359191894531e+01
2.417598152160644531e+01
2.417586326599121094e+01
2.417574310302734375e+01
2.417562484741210938e+01
2.417550849914550781e+01
2.417539596557617188e+01
2.417528343200683594e+01
2.417517280578613281e+01
2.417506408691406250e+01
2.417495727539062500e+01
2.417485237121582031e+01
2.417474746704101562e+01
2.417464637756347656e+01
2.417454528808593750e+01
2.417444610595703125e+01
2.417435073852539062e+01
2.417425346374511719e+01
2.417416000366210938e+01
2.417406654357910156e+01
2.417397499084472656e+01
2.417388725280761719e+01
2.417379951477050781e+01
2.417371368408203125e+01
2.417362785339355469e+01
2.417354393005371094e+01
2.417346382141113281e+01
2.417337989807128906e+01
2.417330169677734375e+01
2.417322540283203125e+01
2.417314720153808594e+01
2.417307090759277344e+01
2.417299842834472656e+01
2.417292785644531250e+01
2.417285537719726562e+01
2.417278671264648438e+01
2.417271614074707031e+01
2.417264747619628906e+01
2.417258262634277344e+01
2.417251777648925781e+01
2.417245483398437500e+01
2.417239379882812500e+01
2.417232894897460938e+01
2.417227172851562500e+01
2.417221069335937500e+01
2.417215347290039062e+01
2.417209625244140625e+01
2.417203903198242188e+01
2.417198371887207031e+01
2.417193031311035156e+01
2.417187690734863281e+01
2.417182731628417969e+01
2.417177581787109375e+01
2.417172622680664062e+01
2.417167663574218750e+01
2.417162704467773438e+01
2.417158126831054688e+01
2.417153549194335938e+01
2.417148780822753906e+01
2.417144393920898438e+01
2.417140007019042969e+01
2.417136001586914062e+01
2.417131805419921875e+01
2.417127609252929688e+01
2.417123413085937500e+01
2.417119598388671875e+01
2.417115592956542969e+01
2.417111778259277344e+01
2.417108154296875000e+01
2.417104530334472656e+01
2.417101097106933594e+01
2.417097663879394531e+01
2.417094039916992188e+01
2.417090797424316406e+01
2.417087364196777344e+01
2.417084312438964844e+01
2.417081260681152344e+01
2.417078018188476562e+01
2.417074966430664062e+01
2.417072296142578125e+01
2.417069435119628906e+01
2.417066383361816406e+01
2.417063522338867188e+01
2.417060852050781250e+01
2.417058181762695312e+01
2.417055511474609375e+01
2.417053031921386719e+01
2.417050743103027344e+01
2.417048072814941406e+01
2.417045593261718750e+01
2.417043495178222656e+01
2.417041015625000000e+01
2.417038726806640625e+01
2.417036437988281250e+01
2.417034339904785156e+01
2.417032051086425781e+01
2.417030143737792969e+01
2.417028045654296875e+01
2.417025947570800781e+01
2.417024040222167969e+01
2.417022132873535156e+01
2.417020416259765625e+01
2.417018318176269531e+01
2.417016601562500000e+01
2.417014884948730469e+01
2.417013168334960938e+01
2.417011451721191406e+01
2.417009925842285156e+01
2.417008209228515625e+01
2.417006683349609375e+01
2.417005157470703125e+01
2.417003631591796875e+01
2.417002105712890625e+01
2.417000961303710938e+01
2.416999244689941406e+01
2.416998100280761719e+01
2.416996574401855469e+01
2.416995048522949219e+01
2.416993904113769531e+01
2.416992568969726562e+01
2.416991424560546875e+01
2.416990089416503906e+01
2.416988945007324219e+01
2.416987800598144531e+01
2.416986656188964844e+01
2.416985321044921875e+01
2.416984367370605469e+01
2.416983222961425781e+01
2.416982078552246094e+01
2.416981124877929688e+01
2.416980361938476562e+01
2.416979026794433594e+01
2.416978263854980469e+01
2.416977310180664062e+01
2.416976356506347656e+01
2.416975402832031250e+01
2.416974830627441406e+01
2.416973686218261719e+01
2.416972923278808594e+01
2.416972160339355469e+01
2.416971206665039062e+01
2.416970443725585938e+01
2.416969871520996094e+01
2.416968536376953125e+01
2.416968154907226562e+01
2.416967391967773438e+01
2.416966629028320312e+01
2.416965866088867188e+01
2.416965484619140625e+01
2.416964530944824219e+01
2.416963768005371094e+01
2.416963195800781250e+01
2.416962623596191406e+01
2.416961860656738281e+01
2.416961288452148438e+01
2.416960716247558594e+01
2.416960144042968750e+01
2.416959381103515625e+01
2.416958999633789062e+01
2.416958236694335938e+01
2.416957855224609375e+01
2.416957473754882812e+01
2.416956901550292969e+01
2.416956329345703125e+01
2.416955757141113281e+01
2.416955184936523438e+01
2.416954612731933594e+01
2.416954421997070312e+01
2.416953849792480469e+01
2.416953277587890625e+01
2.416952896118164062e+01
2.416952514648437500e+01
2.416952133178710938e+01
2.416951751708984375e+01
2.416951179504394531e+01
2.416950798034667969e+01
2.416950416564941406e+01
2.416950035095214844e+01
2.416949653625488281e+01
2.416949272155761719e+01
2.416948890686035156e+01
2.416948509216308594e+01
2.416948127746582031e+01
2.416947937011718750e+01
2.416947555541992188e+01
2.416947174072265625e+01
2.416946792602539062e+01
2.416946601867675781e+01
2.416946029663085938e+01
2.416945838928222656e+01
2.416945457458496094e+01
2.416945266723632812e+01
2.416944885253906250e+01
2.416944694519042969e+01
2.416944122314453125e+01
2.416943931579589844e+01
2.416943550109863281e+01
2.416943359375000000e+01
2.416942977905273438e+01
2.416942787170410156e+01
2.416942596435546875e+01
2.416942405700683594e+01
2.416942024230957031e+01
2.416941833496093750e+01
2.416941642761230469e+01
2.416941261291503906e+01
2.416941070556640625e+01
2.416940689086914062e+01
2.416940307617187500e+01
2.416940307617187500e+01
2.416940116882324219e+01
2.416939735412597656e+01
2.416939544677734375e+01
2.416939353942871094e+01
2.416939163208007812e+01
2.416938972473144531e+01
2.416938591003417969e+01
2.416938591003417969e+01
2.416938400268554688e+01
2.416938018798828125e+01
2.416937828063964844e+01
2.416937637329101562e+01
2.416937446594238281e+01
2.416937255859375000e+01
2.416937255859375000e+01
2.416936874389648438e+01
2.416936683654785156e+01
2.416936683654785156e+01
2.416936302185058594e+01
2.416936302185058594e+01
2.416936111450195312e+01
2.416935729980468750e+01
2.416935539245605469e+01
2.416935539245605469e+01
2.416935157775878906e+01
2.416934967041015625e+01
2.416934776306152344e+01
2.416934776306152344e+01
2.416934585571289062e+01
2.416934204101562500e+01
2.416934204101562500e+01
2.416934204101562500e+01
2.416934013366699219e+01
2.416933631896972656e+01
2.416933631896972656e+01
2.416933441162109375e+01
2.416933059692382812e+01
2.416933059692382812e+01
2.416932868957519531e+01
2.416932678222656250e+01
2.416932487487792969e+01
2.416932296752929688e+01
2.416932296752929688e+01
2.416931915283203125e+01
2.416931915283203125e+01
2.416931915283203125e+01
2.416931724548339844e+01
2.416931724548339844e+01
2.416931343078613281e+01
2.416931343078613281e+01
2.416931152343750000e+01
2.416930961608886719e+01
2.416930770874023438e+01
2.416930580139160156e+01
2.416930580139160156e+01
2.416930580139160156e+01
2.416930389404296875e+01
2.416930007934570312e+01
2.416930007934570312e+01
2.416930007934570312e+01
2.416930007934570312e+01
2.416929626464843750e+01
2.416929626464843750e+01
2.416929244995117188e+01
2.416929244995117188e+01
2.416929244995117188e+01
2.416929054260253906e+01
2.416928863525390625e+01
2.416928672790527344e+01
2.416928672790527344e+01
2.416928482055664062e+01
2.416928482055664062e+01
2.416928291320800781e+01
2.416928100585937500e+01
2.416928100585937500e+01
2.416927909851074219e+01
2.416927528381347656e+01
2.416927528381347656e+01
2.416927528381347656e+01
2.416927528381347656e+01
2.416927337646484375e+01
2.416927146911621094e+01
2.416926956176757812e+01
2.416926765441894531e+01
2.416926574707031250e+01
2.416926574707031250e+01
2.416926383972167969e+01
2.416926383972167969e+01
2.416926193237304688e+01
2.416926193237304688e+01
2.416926193237304688e+01
2.416925811767578125e+01
2.416925621032714844e+01
2.416925621032714844e+01
2.416925621032714844e+01
2.416925621032714844e+01
2.416925239562988281e+01
2.416925048828125000e+01
2.416925048828125000e+01
2.416925048828125000e+01
2.416924858093261719e+01
2.416924667358398438e+01
2.416924476623535156e+01
2.416924476623535156e+01
2.416924476623535156e+01
2.416924476623535156e+01
2.416924095153808594e+01
2.416923904418945312e+01
2.416923904418945312e+01
2.416923904418945312e+01
2.416923713684082031e+01
2.416923522949218750e+01
2.416923332214355469e+01
2.416923522949218750e+01
2.416923141479492188e+01
2.416923141479492188e+01
2.416923141479492188e+01
2.416922950744628906e+01
2.416922950744628906e+01
2.416922569274902344e+01
2.416922569274902344e+01
2.416922378540039062e+01
2.416922378540039062e+01
2.416922569274902344e+01
2.416921997070312500e+01
2.416921997070312500e+01
2.416921997070312500e+01
2.416921997070312500e+01
2.416921806335449219e+01
2.416921424865722656e+01
2.416921424865722656e+01
2.416921424865722656e+01
2.416921234130859375e+01
2.416921234130859375e+01
2.416921234130859375e+01
2.416921043395996094e+01
2.416921043395996094e+01
2.416920852661132812e+01
2.416920661926269531e+01
2.416920661926269531e+01
2.416920661926269531e+01
2.416920280456542969e+01
2.416920280456542969e+01
2.416920089721679688e+01
2.416920089721679688e+01
2.416919898986816406e+01
2.416919708251953125e+01
2.416919517517089844e+01
2.416919517517089844e+01
2.416919517517089844e+01
2.416919326782226562e+01
2.416919136047363281e+01
2.416919136047363281e+01
2.416919136047363281e+01
2.416918945312500000e+01
2.416918945312500000e+01
2.416918945312500000e+01
2.416918563842773438e+01
2.416918563842773438e+01
2.416918563842773438e+01
2.416918373107910156e+01
2.416918373107910156e+01
2.416918182373046875e+01
2.416917991638183594e+01
2.416917991638183594e+01
2.416917991638183594e+01
2.416917610168457031e+01
2.416917800903320312e+01
2.416917610168457031e+01
2.416917419433593750e+01
2.416917419433593750e+01
2.416917228698730469e+01
2.416917037963867188e+01
2.416917037963867188e+01
2.416917037963867188e+01
2.416917037963867188e+01
2.416916847229003906e+01
2.416916847229003906e+01
2.416916465759277344e+01
2.416916465759277344e+01
2.416916275024414062e+01
2.416916465759277344e+01
2.416916275024414062e+01
2.416916275024414062e+01
2.416915893554687500e+01
2.416915893554687500e+01
2.416915893554687500e+01
2.416915702819824219e+01
2.416915702819824219e+01
2.416915512084960938e+01
2.416915512084960938e+01
2.416915321350097656e+01
2.416915321350097656e+01
2.416915130615234375e+01
2.416915130615234375e+01
2.416915130615234375e+01
2.416915130615234375e+01
2.416914939880371094e+01
2.416914558410644531e+01
2.416914558410644531e+01
2.416914558410644531e+01
2.416914558410644531e+01
2.416914176940917969e+01
2.416914176940917969e+01
2.416914176940917969e+01
2.416914176940917969e+01
2.416913986206054688e+01
2.416913986206054688e+01
2.416913795471191406e+01
2.416913795471191406e+01
2.416913604736328125e+01
2.416913604736328125e+01
2.416913414001464844e+01
2.416913414001464844e+01
2.416913414001464844e+01
2.416913032531738281e+01
2.416913032531738281e+01
2.416913032531738281e+01
2.416912841796875000e+01
2.416912651062011719e+01
2.416912651062011719e+01
2.416912651062011719e+01
2.416912651062011719e+01
2.416912460327148438e+01
2.416912460327148438e+01
2.416912460327148438e+01
2.416912269592285156e+01
2.416912078857421875e+01
2.416912078857421875e+01
2.416912078857421875e+01
2.416912078857421875e+01
2.416911888122558594e+01
2.416911506652832031e+01
2.416911506652832031e+01
2.416911506652832031e+01
2.416911506652832031e+01
2.416911315917968750e+01
2.416911315917968750e+01
2.416911315917968750e+01
2.416911125183105469e+01
2.416910934448242188e+01
2.416910934448242188e+01
2.416910743713378906e+01
2.416910743713378906e+01
2.416910743713378906e+01
2.416910743713378906e+01
2.416910362243652344e+01
2.416910362243652344e+01
2.416910362243652344e+01
2.416910171508789062e+01
2.416910171508789062e+01
2.416910171508789062e+01
2.416909790039062500e+01
2.416909790039062500e+01
2.416909790039062500e+01
2.416909599304199219e+01
2.416909599304199219e+01
2.416909599304199219e+01
2.416909599304199219e+01
2.416909408569335938e+01
2.416909217834472656e+01
2.416909217834472656e+01
2.416909217834472656e+01
2.416909217834472656e+01
2.416909217834472656e+01
2.416909027099609375e+01
2.416909027099609375e+01
2.416908836364746094e+01
2.416908645629882812e+01
2.416908454895019531e+01
2.416908454895019531e+01
2.416908454895019531e+01
2.416908454895019531e+01
2.416908454895019531e+01
2.416908264160156250e+01
2.416908264160156250e+01
2.416908264160156250e+01
2.416908073425292969e+01
2.416907882690429688e+01
2.416907882690429688e+01
2.416907882690429688e+01
2.416907882690429688e+01
2.416907882690429688e+01
2.416907691955566406e+01
2.416907501220703125e+01
2.416907501220703125e+01
2.416907501220703125e+01
2.416907119750976562e+01
2.416906929016113281e+01
2.416906929016113281e+01
2.416906929016113281e+01
2.416906929016113281e+01
2.416907119750976562e+01
2.416906738281250000e+01
2.416906738281250000e+01
2.416906738281250000e+01
2.416906547546386719e+01
2.416906547546386719e+01
2.416906356811523438e+01
2.416906356811523438e+01
2.416905975341796875e+01
2.416905975341796875e+01
2.416905975341796875e+01
2.416905975341796875e+01
2.416905975341796875e+01
2.416905975341796875e+01
2.416905975341796875e+01
2.416905784606933594e+01
2.416905784606933594e+01
2.416905593872070312e+01
2.416905403137207031e+01
2.416905403137207031e+01
2.416905403137207031e+01
2.416905403137207031e+01
2.416905403137207031e+01
2.416905212402343750e+01
2.416905212402343750e+01
2.416905212402343750e+01
2.416905212402343750e+01
2.416904830932617188e+01
2.416904830932617188e+01
2.416904830932617188e+01
2.416904830932617188e+01
2.416904640197753906e+01
2.416904640197753906e+01
2.416904640197753906e+01
2.416904640197753906e+01
2.416904640197753906e+01
2.416904258728027344e+01
2.416904258728027344e+01
2.416904067993164062e+01
2.416904067993164062e+01
2.416904067993164062e+01
2.416904067993164062e+01
2.416903877258300781e+01
2.416903877258300781e+01
2.416903877258300781e+01
2.416903877258300781e+01
2.416903686523437500e+01
2.416903495788574219e+01
2.416903305053710938e+01
2.416903305053710938e+01
2.416903305053710938e+01
2.416903305053710938e+01
2.416903305053710938e+01
2.416903305053710938e+01
2.416903114318847656e+01
2.416903114318847656e+01
2.416902923583984375e+01
2.416902923583984375e+01
2.416902923583984375e+01
2.416902923583984375e+01
2.416902923583984375e+01
2.416902923583984375e+01
2.416902923583984375e+01
2.416902542114257812e+01
2.416902542114257812e+01
2.416902542114257812e+01
2.416902542114257812e+01
2.416902542114257812e+01
2.416902351379394531e+01
2.416902351379394531e+01
2.416901969909667969e+01
2.416901969909667969e+01
2.416901969909667969e+01
2.416901969909667969e+01
2.416901779174804688e+01
2.416901779174804688e+01
2.416901779174804688e+01
2.416901779174804688e+01
2.416901588439941406e+01
2.416901588439941406e+01
2.416901397705078125e+01
2.416901397705078125e+01
2.416901397705078125e+01
2.416901397705078125e+01
2.416901206970214844e+01
2.416901206970214844e+01
2.416901016235351562e+01
2.416901016235351562e+01
2.416901016235351562e+01
2.416901016235351562e+01
2.416901016235351562e+01
2.416900825500488281e+01
2.416900825500488281e+01
2.416900825500488281e+01
2.416900825500488281e+01
2.416900444030761719e+01
2.416900444030761719e+01
2.416900444030761719e+01
2.416900444030761719e+01
2.416900444030761719e+01
2.416900253295898438e+01
2.416900253295898438e+01
2.416900253295898438e+01
2.416900062561035156e+01
2.416899871826171875e+01
2.416899871826171875e+01
2.416899871826171875e+01
2.416899871826171875e+01
2.416899871826171875e+01
2.416899871826171875e+01
2.416899871826171875e+01
2.416899871826171875e+01
2.416899681091308594e+01
2.416899681091308594e+01
2.416899299621582031e+01
2.416899299621582031e+01
2.416899299621582031e+01
2.416899299621582031e+01
2.416899299621582031e+01
2.416899299621582031e+01
2.416899299621582031e+01
2.416899299621582031e+01
2.416899108886718750e+01
2.416899108886718750e+01
2.416899108886718750e+01
2.416899108886718750e+01
2.416899108886718750e+01
2.416898727416992188e+01
2.416898727416992188e+01
2.416898727416992188e+01
2.416898727416992188e+01
2.416898727416992188e+01
2.416898727416992188e+01
2.416898536682128906e+01
2.416898536682128906e+01
2.416898536682128906e+01
2.416898536682128906e+01
2.416898536682128906e+01
2.416898155212402344e+01
2.416898536682128906e+01
2.416898155212402344e+01
2.416898155212402344e+01
2.416898155212402344e+01
2.416898155212402344e+01
2.416897964477539062e+01
2.416897964477539062e+01
2.416897964477539062e+01
2.416897964477539062e+01
2.416897583007812500e+01
2.416897583007812500e+01
2.416897583007812500e+01
2.416897583007812500e+01
2.416897583007812500e+01
2.416897583007812500e+01
2.416897392272949219e+01
2.416897392272949219e+01
2.416897392272949219e+01
2.416897392272949219e+01
2.416897392272949219e+01
2.416897392272949219e+01
2.416897201538085938e+01
2.416897010803222656e+01
2.416897201538085938e+01
2.416897010803222656e+01
2.416897010803222656e+01
2.416896820068359375e+01
2.416896820068359375e+01
