4.702487945556640625e+01
4.642779541015625000e+01
4.581374740600585938e+01
4.515774917602539062e+01
4.444392395019531250e+01
4.370751953125000000e+01
4.293010330200195312e+01
4.208795166015625000e+01
4.113318252563476562e+01
4.021303939819335938e+01
3.927101135253906250e+01
3.829941177368164062e+01
3.723607254028320312e+01
3.621090698242187500e+01
3.522224426269531250e+01
3.425273895263671875e+01
3.329783630371093750e+01
3.227169036865234375e+01
3.137059783935546875e+01
3.059772109985351562e+01
2.990481948852539062e+01
2.929527091979980469e+01
2.877033042907714844e+01
2.832805252075195312e+01
2.796379852294921875e+01
2.767102050781250000e+01
2.744209480285644531e+01
2.726907539367675781e+01
2.714422416687011719e+01
2.706033706665039062e+01
2.701084136962890625e+01
2.698979568481445312e+01
2.699182128906250000e+01
2.701202392578125000e+01
2.704594802856445312e+01
2.708957290649414062e+01
2.713931846618652344e+01
2.719205665588378906e+01
2.724514770507812500e+01
2.729643630981445312e+01
2.734424972534179688e+01
2.738738250732421875e+01
2.742503929138183594e+01
2.745680427551269531e+01
2.748257637023925781e+01
2.750250816345214844e+01
2.751695823669433594e+01
2.752642440795898438e+01
2.753149032592773438e+01
2.753280830383300781e+01
2.753104019165039062e+01
2.752682304382324219e+01
2.752077102661132812e+01
2.751344299316406250e+01
2.750533866882324219e+01
2.749687957763671875e+01
2.748843383789062500e+01
2.748028755187988281e+01
2.747266197204589844e+01
2.746572113037109375e+01
2.745957565307617188e+01
2.745428657531738281e+01
2.744987106323242188e+01
2.744631958007812500e+01
2.744359016418457031e+01
2.744162178039550781e+01
2.744034385681152344e+01
2.743966674804687500e+01
2.743951034545898438e+01
2.743977737426757812e+01
2.744038772583007812e+01
2.744125747680664062e+01
2.744230842590332031e+01
2.744347763061523438e+01
2.744470214843750000e+01
2.744593620300292969e+01
2.744713401794433594e+01
2.744826507568359375e+01
2.744931030273437500e+01
2.745024871826171875e+01
2.745106697082519531e+01
2.745176696777343750e+01
2.745234489440917969e+01
2.745280647277832031e+01
2.745315742492675781e+01
2.745340728759765625e+01
2.745357131958007812e+01
2.745365333557128906e+01
2.745367240905761719e+01
2.745363426208496094e+01
2.745355415344238281e+01
2.745344352722167969e+01
2.745331001281738281e+01
2.745316123962402344e+01
2.745300483703613281e+01
2.745285034179687500e+01
2.745269584655761719e+01
2.745255279541015625e+01
2.745242118835449219e+01
2.745229911804199219e+01
2.745219421386718750e+01
2.745209884643554688e+01
2.745202445983886719e+01
2.745195770263671875e+01
2.745190429687500000e+01
2.745186805725097656e+01
2.745183753967285156e+01
2.745181274414062500e+01
2.745180130004882812e+01
2.745179176330566406e+01
2.745178794860839844e+01
2.745178794860839844e+01
2.745178985595703125e+01
2.745179367065429688e+01
2.745179748535156250e+01
2.745180130004882812e+01
2.745180320739746094e+01
2.745180511474609375e+01
2.745180320739746094e+01
2.745180320739746094e+01
2.745179939270019531e+01
2.745179176330566406e+01
2.745178413391113281e+01
2.745177459716796875e+01
2.745176506042480469e+01
2.745175361633300781e+01
2.745174026489257812e+01
2.745172500610351562e+01
2.745170783996582031e+01
2.745169258117675781e+01
2.745167541503906250e+01
2.745166015625000000e+01
2.745164299011230469e+01
2.745162582397460938e+01
2.745160675048828125e+01
2.745158767700195312e+01
2.745156860351562500e+01
2.745155143737792969e+01
2.745153236389160156e+01
2.745151329040527344e+01
2.745149421691894531e+01
2.745147705078125000e+01
2.745146942138671875e+01
2.745146751403808594e+01
2.745141792297363281e+01
2.745126152038574219e+01
2.745099830627441406e+01
2.745057868957519531e+01
2.744999122619628906e+01
2.744921493530273438e+01
2.744802284240722656e+01
2.744685363769531250e+01
2.745254516601562500e+01
2.745873641967773438e+01
2.753199577331542969e+01
2.790709114074707031e+01
2.803055381774902344e+01
2.774869918823242188e+01
2.756788444519042969e+01
2.742983627319335938e+01
2.722723960876464844e+01
2.718326187133789062e+01
2.726828193664550781e+01
2.668763351440429688e+01
2.660497856140136719e+01
2.667884063720703125e+01
2.679228782653808594e+01
2.657936859130859375e+01
2.636606025695800781e+01
2.624782562255859375e+01
2.623004150390625000e+01
2.629938316345214844e+01
2.633931159973144531e+01
2.625943756103515625e+01
2.610667991638183594e+01
2.599111747741699219e+01
2.595784187316894531e+01
2.598270034790039062e+01
2.600203323364257812e+01
2.597022056579589844e+01
2.589865875244140625e+01
2.583979606628417969e+01
2.598119735717773438e+01
2.616931915283203125e+01
2.620713996887207031e+01
2.608354949951171875e+01
2.600699806213378906e+01
2.600159454345703125e+01
2.600883483886718750e+01
2.593615531921386719e+01
2.583868598937988281e+01
2.579981803894042969e+01
2.580148124694824219e+01
2.578354072570800781e+01
2.569100189208984375e+01
2.564825630187988281e+01
2.562224578857421875e+01
2.558729743957519531e+01
2.555267906188964844e+01
2.552380943298339844e+01
2.550303268432617188e+01
2.550097274780273438e+01
2.552020645141601562e+01
2.553848648071289062e+01
2.552235412597656250e+01
2.548832130432128906e+01
2.546491241455078125e+01
2.545112419128417969e+01
2.544399070739746094e+01
2.544851875305175781e+01
2.546631240844726562e+01
2.548553848266601562e+01
2.548208236694335938e+01
2.545900154113769531e+01
2.544005203247070312e+01
2.542656707763671875e+01
2.542071533203125000e+01
2.542606163024902344e+01
2.546282196044921875e+01
2.548595428466796875e+01
2.545158386230468750e+01
2.542721557617187500e+01
2.540190505981445312e+01
2.539256477355957031e+01
2.538328742980957031e+01
2.538163948059082031e+01
2.538395118713378906e+01
2.538686752319335938e+01
2.538768768310546875e+01
2.538542747497558594e+01
2.538101577758789062e+01
2.537689971923828125e+01
2.537412071228027344e+01
2.537242698669433594e+01
2.537079048156738281e+01
2.536855506896972656e+01
2.536608886718750000e+01
2.536434936523437500e+01
2.536387634277343750e+01
2.536439704895019531e+01
2.536499786376953125e+01
2.536548042297363281e+01
2.536389350891113281e+01
2.536177062988281250e+01
2.536872863769531250e+01
2.539004135131835938e+01
2.541335678100585938e+01
2.541450119018554688e+01
2.539717674255371094e+01
2.538191795349121094e+01
2.537022209167480469e+01
2.536204338073730469e+01
2.535735893249511719e+01
2.535518074035644531e+01
2.535541725158691406e+01
2.535695457458496094e+01
2.535691452026367188e+01
2.535585021972656250e+01
2.535600280761718750e+01
2.535701942443847656e+01
2.535625839233398438e+01
2.535437011718750000e+01
2.535325813293457031e+01
2.535702323913574219e+01
2.536757850646972656e+01
2.538059234619140625e+01
2.539430046081542969e+01
2.540606307983398438e+01
2.540430068969726562e+01
2.539332962036132812e+01
2.538435554504394531e+01
2.537712478637695312e+01
2.537124443054199219e+01
2.536644554138183594e+01
2.536252403259277344e+01
2.535939216613769531e+01
2.535725021362304688e+01
2.535611534118652344e+01
2.535574340820312500e+01
2.535610008239746094e+01
2.535697364807128906e+01
2.535770416259765625e+01
2.535789299011230469e+01
2.535758781433105469e+01
2.535692214965820312e+01
2.535637474060058594e+01
2.535627365112304688e+01
2.535653114318847656e+01
2.535702323913574219e+01
2.535763931274414062e+01
2.535809326171875000e+01
2.535823249816894531e+01
2.535835266113281250e+01
2.535860633850097656e+01
2.535895347595214844e+01
2.535923576354980469e+01
2.535947608947753906e+01
2.535979652404785156e+01
2.536004829406738281e+01
2.536024093627929688e+01
2.536051750183105469e+01
2.536071586608886719e+01
2.536085510253906250e+01
2.536095619201660156e+01
2.536106681823730469e+01
2.536131477355957031e+01
2.536152839660644531e+01
2.536171150207519531e+01
2.536185264587402344e+01
2.536197662353515625e+01
2.536208152770996094e+01
2.536219978332519531e+01
2.536242866516113281e+01
2.536261558532714844e+01
2.536265182495117188e+01
2.536252021789550781e+01
2.536240005493164062e+01
2.536242866516113281e+01
2.536250114440917969e+01
2.536256027221679688e+01
2.536270904541015625e+01
2.536297416687011719e+01
2.536327362060546875e+01
2.536355972290039062e+01
2.536382675170898438e+01
2.536451911926269531e+01
2.537320327758789062e+01
2.539396667480468750e+01
2.539849662780761719e+01
2.538165664672851562e+01
2.536836242675781250e+01
2.536419486999511719e+01
2.536307144165039062e+01
2.536316108703613281e+01
2.536391258239746094e+01
2.536471748352050781e+01
2.536552047729492188e+01
2.536649131774902344e+01
2.536758613586425781e+01
2.536861228942871094e+01
2.536950302124023438e+01
2.537030792236328125e+01
2.537096405029296875e+01
2.537136840820312500e+01
2.537169837951660156e+01
2.537198829650878906e+01
2.537218475341796875e+01
2.537232971191406250e+01
2.537252235412597656e+01
2.537273216247558594e+01
2.537289428710937500e+01
2.537302017211914062e+01
2.537318992614746094e+01
2.537339401245117188e+01
2.537354278564453125e+01
2.537363433837890625e+01
2.537376403808593750e+01
2.537391662597656250e+01
2.537399482727050781e+01
2.537402534484863281e+01
2.537411880493164062e+01
2.537425804138183594e+01
2.537436103820800781e+01
2.537444114685058594e+01
2.537458992004394531e+01
2.537478637695312500e+01
2.537494468688964844e+01
2.537506866455078125e+01
2.537524986267089844e+01
2.537546157836914062e+01
2.537561225891113281e+01
2.537571525573730469e+01
2.537586593627929688e+01
2.537604141235351562e+01
2.537615585327148438e+01
2.537623977661132812e+01
2.537637329101562500e+01
2.537655448913574219e+01
2.537677764892578125e+01
2.537709426879882812e+01
2.537750434875488281e+01
2.537789916992187500e+01
2.537821006774902344e+01
2.537839889526367188e+01
2.537858009338378906e+01
2.537883758544921875e+01
2.537902069091796875e+01
2.537920570373535156e+01
2.537948417663574219e+01
2.537952613830566406e+01
2.537941360473632812e+01
2.537943458557128906e+01
2.537961578369140625e+01
2.537989234924316406e+01
2.538016510009765625e+01
2.538031959533691406e+01
2.538041114807128906e+01
2.538042449951171875e+01
2.538032722473144531e+01
2.538021850585937500e+01
2.538021850585937500e+01
2.538029861450195312e+01
2.538039588928222656e+01
2.538051986694335938e+01
2.538070106506347656e+01
2.538092803955078125e+01
2.538113403320312500e+01
2.538129043579101562e+01
2.538142204284667969e+01
2.538159179687500000e+01
2.538178253173828125e+01
2.538190650939941406e+01
2.538198471069335938e+01
2.538205146789550781e+01
2.538218116760253906e+01
2.538233757019042969e+01
2.538245010375976562e+01
2.538251686096191406e+01
2.538257789611816406e+01
2.538269042968750000e+01
2.538283157348632812e+01
2.538292503356933594e+01
2.538298034667968750e+01
2.538306236267089844e+01
2.538315963745117188e+01
2.538322257995605469e+01
2.538324928283691406e+01
2.538330650329589844e+01
2.538341140747070312e+01
2.538350105285644531e+01
2.538359260559082031e+01
2.538365745544433594e+01
2.538375282287597656e+01
2.538383483886718750e+01
2.538391876220703125e+01
2.538400840759277344e+01
2.538407707214355469e+01
2.538413429260253906e+01
2.538418579101562500e+01
2.538425445556640625e+01
2.538435554504394531e+01
2.538449096679687500e+01
2.538460540771484375e+01
2.538468933105468750e+01
2.538474082946777344e+01
2.538479995727539062e+01
2.538488578796386719e+01
2.538495826721191406e+01
2.538501358032226562e+01
2.538504219055175781e+01
2.538510322570800781e+01
2.538520240783691406e+01
2.538529586791992188e+01
2.538536834716796875e+01
2.538536643981933594e+01
2.538539314270019531e+01
2.538547897338867188e+01
2.538562583923339844e+01
2.538574600219726562e+01
2.538572692871093750e+01
2.538590240478515625e+01
2.538622093200683594e+01
2.538610649108886719e+01
2.538603782653808594e+01
2.538607025146484375e+01
2.538614082336425781e+01
2.538624000549316406e+01
2.538642501831054688e+01
2.538652038574218750e+01
2.538644409179687500e+01
2.538648796081542969e+01
2.538660049438476562e+01
2.538665390014648438e+01
2.538664627075195312e+01
2.538671112060546875e+01
2.538677406311035156e+01
2.538666915893554688e+01
2.538656234741210938e+01
2.538652610778808594e+01
2.538649368286132812e+01
2.538645362854003906e+01
2.538643836975097656e+01
2.538641166687011719e+01
2.538645744323730469e+01
2.538650131225585938e+01
2.538646888732910156e+01
2.538646888732910156e+01
2.538650131225585938e+01
2.538652420043945312e+01
2.538657951354980469e+01
2.538663864135742188e+01
2.538664245605468750e+01
2.538664054870605469e+01
2.538669013977050781e+01
2.538688468933105469e+01
2.538705635070800781e+01
2.538699340820312500e+01
2.538681983947753906e+01
2.538681030273437500e+01
2.539364814758300781e+01
2.562959480285644531e+01
2.545329856872558594e+01
2.538571548461914062e+01
2.538436698913574219e+01
2.538336372375488281e+01
2.562689590454101562e+01
2.571245956420898438e+01
2.538274955749511719e+01
2.538697052001953125e+01
2.538532638549804688e+01
2.538422203063964844e+01
2.538319778442382812e+01
2.538439559936523438e+01
2.538588142395019531e+01
2.538685035705566406e+01
2.538767242431640625e+01
2.538874816894531250e+01
2.539010238647460938e+01
2.539120864868164062e+01
2.539202117919921875e+01
2.539247703552246094e+01
2.539252853393554688e+01
2.539217185974121094e+01
2.539143371582031250e+01
2.539079856872558594e+01
2.539173126220703125e+01
2.539038276672363281e+01
2.539015769958496094e+01
2.538995552062988281e+01
2.538949012756347656e+01
2.538893699645996094e+01
2.538835716247558594e+01
2.538747978210449219e+01
2.538697433471679688e+01
2.538686561584472656e+01
2.538691902160644531e+01
2.538694763183593750e+01
2.538696479797363281e+01
2.538710594177246094e+01
2.538729858398437500e+01
2.538741874694824219e+01
2.538747024536132812e+01
2.538752746582031250e+01
2.538756752014160156e+01
2.538751792907714844e+01
2.538739013671875000e+01
2.538730239868164062e+01
2.538722610473632812e+01
2.538703346252441406e+01
2.538676834106445312e+01
2.538658142089843750e+01
2.538645362854003906e+01
2.538628005981445312e+01
2.538607406616210938e+01
2.538597869873046875e+01
2.538602066040039062e+01
2.538588905334472656e+01
2.538571548461914062e+01
2.538568878173828125e+01
2.538564300537109375e+01
2.538555908203125000e+01
2.538545799255371094e+01
2.538544273376464844e+01
2.538549613952636719e+01
2.538548278808593750e+01
2.538541412353515625e+01
2.538535690307617188e+01
2.538534927368164062e+01
2.538541984558105469e+01
2.538550567626953125e+01
2.538540077209472656e+01
2.538523292541503906e+01
2.538523674011230469e+01
2.538530158996582031e+01
2.538530540466308594e+01
2.538524436950683594e+01
2.538516807556152344e+01
2.538515281677246094e+01
2.538518524169921875e+01
2.538520240783691406e+01
2.538507652282714844e+01
2.538487815856933594e+01
2.538486862182617188e+01
2.538490867614746094e+01
2.538489913940429688e+01
2.538487434387207031e+01
2.538506317138671875e+01
2.538503265380859375e+01
2.538490676879882812e+01
2.538487815856933594e+01
2.538509368896484375e+01
2.538486099243164062e+01
2.538469696044921875e+01
2.538471221923828125e+01
2.538471794128417969e+01
2.538467407226562500e+01
2.538464546203613281e+01
2.538449478149414062e+01
2.538440704345703125e+01
2.538443183898925781e+01
2.538438606262207031e+01
2.538426971435546875e+01
2.538413238525390625e+01
2.538408851623535156e+01
2.538410568237304688e+01
2.538406562805175781e+01
2.538397026062011719e+01
2.538385009765625000e+01
2.538385391235351562e+01
2.538393211364746094e+01
2.538390922546386719e+01
2.538382339477539062e+01
2.538371086120605469e+01
2.538360404968261719e+01
2.538366127014160156e+01
2.538379669189453125e+01
2.538381195068359375e+01
2.538375282287597656e+01
2.538364601135253906e+01
2.538351631164550781e+01
2.538352203369140625e+01
2.538362503051757812e+01
2.538361167907714844e+01
2.538351631164550781e+01
2.538337707519531250e+01
2.538323593139648438e+01
2.538325309753417969e+01
2.538335990905761719e+01
2.538335227966308594e+01
2.538326835632324219e+01
2.538313865661621094e+01
2.538299179077148438e+01
2.538301277160644531e+01
2.538312339782714844e+01
2.538311004638671875e+01
2.538302230834960938e+01
2.538288497924804688e+01
2.538274002075195312e+01
2.538276481628417969e+01
2.538288497924804688e+01
2.538287162780761719e+01
2.538278388977050781e+01
2.538264083862304688e+01
2.538248634338378906e+01
2.538250923156738281e+01
2.538262176513671875e+01
2.538260650634765625e+01
2.538251495361328125e+01
2.538236808776855469e+01
2.538221168518066406e+01
2.538223648071289062e+01
2.538235473632812500e+01
2.538234138488769531e+01
2.538224792480468750e+01
2.538209915161132812e+01
2.538194084167480469e+01
2.538196754455566406e+01
2.538208961486816406e+01
2.538207435607910156e+01
2.538198280334472656e+01
2.538182830810546875e+01
2.538167381286621094e+01
2.538170242309570312e+01
2.538182258605957031e+01
2.538181495666503906e+01
2.538171577453613281e+01
2.538156318664550781e+01
2.538140869140625000e+01
2.538143730163574219e+01
2.538156318664550781e+01
2.538156509399414062e+01
2.538146018981933594e+01
2.538130760192871094e+01
2.538122558593750000e+01
2.538134193420410156e+01
2.538140678405761719e+01
2.538145828247070312e+01
2.538158416748046875e+01
2.538145065307617188e+01
2.538118934631347656e+01
2.538105964660644531e+01
2.538100814819335938e+01
2.538108253479003906e+01
2.538118553161621094e+01
2.538103675842285156e+01
2.538083076477050781e+01
2.538069343566894531e+01
2.538058280944824219e+01
2.538068771362304688e+01
2.538091850280761719e+01
2.538094902038574219e+01
2.538086318969726562e+01
2.538071441650390625e+01
2.538055229187011719e+01
2.538054847717285156e+01
2.538068580627441406e+01
2.538066673278808594e+01
2.538054656982421875e+01
2.538036727905273438e+01
2.538019561767578125e+01
2.538010787963867188e+01
2.538020324707031250e+01
2.538040161132812500e+01
2.538048553466796875e+01
2.538038825988769531e+01
2.538018989562988281e+01
2.538000297546386719e+01
2.537998390197753906e+01
2.538010597229003906e+01
2.538012695312500000e+01
2.538010215759277344e+01
2.538008689880371094e+01
2.538024711608886719e+01
2.538081550598144531e+01
2.538200378417968750e+01
2.538333129882812500e+01
2.538356399536132812e+01
2.538492584228515625e+01
2.538366699218750000e+01
2.538469505310058594e+01
2.538495445251464844e+01
2.538456726074218750e+01
2.538381004333496094e+01
2.538272094726562500e+01
2.538129043579101562e+01
2.538008880615234375e+01
2.542157173156738281e+01
2.537734413146972656e+01
2.537815284729003906e+01
2.537848854064941406e+01
2.537869644165039062e+01
2.537874984741210938e+01
2.537868881225585938e+01
2.537860488891601562e+01
2.537856292724609375e+01
2.537863349914550781e+01
2.537868118286132812e+01
2.537854385375976562e+01
2.537824058532714844e+01
2.537782859802246094e+01
2.537738800048828125e+01
2.537698173522949219e+01
2.537676048278808594e+01
2.537669944763183594e+01
2.537655830383300781e+01
2.537627983093261719e+01
2.537591743469238281e+01
2.537556457519531250e+01
2.537527656555175781e+01
2.537514114379882812e+01
2.537514495849609375e+01
2.537510871887207031e+01
2.537497138977050781e+01
2.537475013732910156e+01
2.537452125549316406e+01
2.537434387207031250e+01
2.537432670593261719e+01
2.537442398071289062e+01
2.537443923950195312e+01
2.537433052062988281e+01
2.537413406372070312e+01
2.537392807006835938e+01
2.537375259399414062e+01
2.537371444702148438e+01
2.537380409240722656e+01
2.537382698059082031e+01
2.537372398376464844e+01
2.537353897094726562e+01
2.537335205078125000e+01
2.537321472167968750e+01
2.537322425842285156e+01
2.537335586547851562e+01
2.537340927124023438e+01
2.537334060668945312e+01
2.537318229675292969e+01
2.537301445007324219e+01
2.537288665771484375e+01
2.537289237976074219e+01
2.537304306030273438e+01
2.537330055236816406e+01
2.537363433837890625e+01
2.537373352050781250e+01
2.537344551086425781e+01
2.537343406677246094e+01
2.537374305725097656e+01
2.537401771545410156e+01
2.537408638000488281e+01
2.537398910522460938e+01
2.537392234802246094e+01
2.537363052368164062e+01
2.537368392944335938e+01
2.537380027770996094e+01
2.537352752685546875e+01
2.537384605407714844e+01
2.537393760681152344e+01
2.537394905090332031e+01
2.537410354614257812e+01
2.537426376342773438e+01
2.537451553344726562e+01
2.537489509582519531e+01
2.537516975402832031e+01
2.537531280517578125e+01
2.537554359436035156e+01
2.537581062316894531e+01
2.537588500976562500e+01
2.537594795227050781e+01
2.537589454650878906e+01
2.537583351135253906e+01
2.537611961364746094e+01
2.537637901306152344e+01
2.537643241882324219e+01
2.537668609619140625e+01
2.537671089172363281e+01
2.537671089172363281e+01
2.537701225280761719e+01
2.537728691101074219e+01
2.537753677368164062e+01
2.537759208679199219e+01
2.537745094299316406e+01
2.537737274169921875e+01
2.537739372253417969e+01
2.537759971618652344e+01
2.537802314758300781e+01
2.537816429138183594e+01
2.537805175781250000e+01
2.537791442871093750e+01
2.537775039672851562e+01
2.537766075134277344e+01
2.537780761718750000e+01
2.537808227539062500e+01
2.537825965881347656e+01
2.537823486328125000e+01
2.537741088867187500e+01
2.543501853942871094e+01
2.554050445556640625e+01
2.556029701232910156e+01
2.551792716979980469e+01
2.543464469909667969e+01
2.537880134582519531e+01
2.537665176391601562e+01
2.537767410278320312e+01
2.537739181518554688e+01
2.537804031372070312e+01
2.537913513183593750e+01
2.537895774841308594e+01
2.537906646728515625e+01
2.537969970703125000e+01
2.538051986694335938e+01
2.538093185424804688e+01
2.538092422485351562e+01
2.538106155395507812e+01
2.538127899169921875e+01
2.538147163391113281e+01
2.538145065307617188e+01
2.538132667541503906e+01
2.538141250610351562e+01
2.538135337829589844e+01
2.538113021850585938e+01
2.538113784790039062e+01
2.538131141662597656e+01
2.538138771057128906e+01
2.538135337829589844e+01
2.538147544860839844e+01
2.538187789916992188e+01
2.538194084167480469e+01
2.538161659240722656e+01
2.538160896301269531e+01
2.538177299499511719e+01
2.538202476501464844e+01
2.538182258605957031e+01
2.538168144226074219e+01
2.538175010681152344e+01
2.538182449340820312e+01
2.538162803649902344e+01
2.538156509399414062e+01
2.538160324096679688e+01
2.538171386718750000e+01
2.538175964355468750e+01
2.538164138793945312e+01
2.538167381286621094e+01
2.538191413879394531e+01
2.538207435607910156e+01
2.538180541992187500e+01
2.538175010681152344e+01
2.538177871704101562e+01
2.538183021545410156e+01
2.538199043273925781e+01
2.538205337524414062e+01
2.538191032409667969e+01
2.538193321228027344e+01
2.538212013244628906e+01
2.538223648071289062e+01
2.538195037841796875e+01
2.538184165954589844e+01
2.538181304931640625e+01
2.538182449340820312e+01
2.538194274902343750e+01
2.538194656372070312e+01
2.538183403015136719e+01
2.538186645507812500e+01
2.538204574584960938e+01
2.538218307495117188e+01
2.538190650939941406e+01
2.538182830810546875e+01
2.538182067871093750e+01
2.538211822509765625e+01
2.538210678100585938e+01
2.538199806213378906e+01
2.538199043273925781e+01
2.538200759887695312e+01
2.538204765319824219e+01
2.503431892395019531e+01
2.430964088439941406e+01
2.279237556457519531e+01
2.132696151733398438e+01
2.019168853759765625e+01
1.940128898620605469e+01
1.885316658020019531e+01
1.846938705444335938e+01
1.822741699218750000e+01
1.877577400207519531e+01
1.812164306640625000e+01
1.812203788757324219e+01
1.829476165771484375e+01
1.919570732116699219e+01
1.997284507751464844e+01
1.955177879333496094e+01
1.897190284729003906e+01
2.044160652160644531e+01
1.819112777709960938e+01
1.806996726989746094e+01
1.803211021423339844e+01
1.803721427917480469e+01
1.808276557922363281e+01
1.819471549987792969e+01
1.833293914794921875e+01
1.844734001159667969e+01
1.849644088745117188e+01
1.845624923706054688e+01
1.824180412292480469e+01
1.811224365234375000e+01
1.803901100158691406e+01
1.800114631652832031e+01
1.799706459045410156e+01
1.802475357055664062e+01
1.820738410949707031e+01
1.805051231384277344e+01
1.797747039794921875e+01
1.796667289733886719e+01
1.796892356872558594e+01
1.798069763183593750e+01
1.799681282043457031e+01
1.801064300537109375e+01
1.801987266540527344e+01
1.801983451843261719e+01
1.801258850097656250e+01
1.800436210632324219e+01
1.799748229980468750e+01
1.799213600158691406e+01
1.798824882507324219e+01
1.798516464233398438e+01
1.798380470275878906e+01
1.798532867431640625e+01
1.798738288879394531e+01
1.798786544799804688e+01
1.798930740356445312e+01
1.799289703369140625e+01
1.799563789367675781e+01
1.799555397033691406e+01
1.799521064758300781e+01
1.799625968933105469e+01
1.799663352966308594e+01
1.799614715576171875e+01
1.799502944946289062e+01
1.799410438537597656e+01
1.799449539184570312e+01
1.799447059631347656e+01
1.799313545227050781e+01
1.799261665344238281e+01
1.799385452270507812e+01
1.799480056762695312e+01
1.799413108825683594e+01
1.799361610412597656e+01
1.799437332153320312e+01
1.799484062194824219e+01
1.799400138854980469e+01
1.799370956420898438e+01
1.799476814270019531e+01
1.799530410766601562e+01
1.799423789978027344e+01
1.799326324462890625e+01
1.799346733093261719e+01
1.799353790283203125e+01
1.799258995056152344e+01
1.799217987060546875e+01
1.799297523498535156e+01
1.799359512329101562e+01
1.799316596984863281e+01
1.799180984497070312e+01
1.799095535278320312e+01
