4.016712188720703125e+01
3.947193908691406250e+01
3.863685226440429688e+01
3.764625167846679688e+01
3.652054214477539062e+01
3.524503326416015625e+01
3.391539001464843750e+01
3.259333038330078125e+01
3.112837982177734375e+01
2.980979919433593750e+01
2.860661506652832031e+01
2.743164634704589844e+01
2.633444595336914062e+01
2.532797622680664062e+01
2.439997291564941406e+01
2.352958679199218750e+01
2.256780242919921875e+01
2.186709022521972656e+01
2.125657081604003906e+01
2.074133872985839844e+01
2.029450035095214844e+01
1.990498161315917969e+01
1.957410240173339844e+01
1.927672004699707031e+01
1.901708793640136719e+01
1.881180000305175781e+01
1.864429664611816406e+01
1.849948692321777344e+01
1.836428833007812500e+01
1.823183441162109375e+01
1.809629058837890625e+01
1.816358947753906250e+01
1.817011451721191406e+01
1.785422515869140625e+01
1.766456222534179688e+01
1.751691055297851562e+01
1.721351051330566406e+01
1.681888389587402344e+01
1.640118598937988281e+01
1.600267410278320312e+01
1.560685539245605469e+01
1.523008060455322266e+01
1.485992622375488281e+01
1.453116130828857422e+01
1.426684093475341797e+01
1.405275154113769531e+01
1.386711883544921875e+01
1.369812870025634766e+01
1.355130863189697266e+01
1.343171024322509766e+01
1.334134483337402344e+01
1.326645755767822266e+01
1.322199058532714844e+01
1.323421764373779297e+01
1.310086250305175781e+01
1.294611740112304688e+01
1.277608203887939453e+01
1.259235382080078125e+01
1.240524291992187500e+01
1.223443317413330078e+01
1.208609580993652344e+01
1.196009159088134766e+01
1.185484313964843750e+01
1.176573944091796875e+01
1.169017219543457031e+01
1.162699317932128906e+01
1.157580280303955078e+01
1.153339290618896484e+01
1.149477386474609375e+01
1.145770072937011719e+01
1.142480754852294922e+01
1.139787864685058594e+01
1.137528610229492188e+01
1.135742473602294922e+01
1.134369945526123047e+01
1.133234405517578125e+01
1.132347774505615234e+01
1.131562614440917969e+01
1.130796337127685547e+01
1.129986190795898438e+01
1.129056167602539062e+01
1.128071594238281250e+01
1.127461910247802734e+01
1.127212715148925781e+01
1.126686859130859375e+01
1.125987720489501953e+01
1.125551319122314453e+01
1.125197124481201172e+01
1.124685192108154297e+01
1.124032306671142578e+01
1.123380279541015625e+01
1.123058795928955078e+01
1.123059940338134766e+01
1.122901821136474609e+01
1.122419834136962891e+01
1.122124862670898438e+01
1.121804809570312500e+01
1.121024703979492188e+01
1.120490741729736328e+01
1.120382404327392578e+01
1.120207214355468750e+01
1.119918823242187500e+01
1.119856071472167969e+01
1.119628143310546875e+01
1.119233036041259766e+01
1.119082260131835938e+01
1.118820190429687500e+01
1.118684577941894531e+01
1.118728828430175781e+01
1.118502902984619141e+01
1.118335247039794922e+01
1.118123149871826172e+01
1.117841339111328125e+01
1.117715930938720703e+01
1.117526817321777344e+01
1.117255783081054688e+01
1.117043304443359375e+01
1.116663837432861328e+01
1.116395187377929688e+01
1.116126060485839844e+01
1.115927028656005859e+01
1.115574264526367188e+01
1.115423107147216797e+01
1.115057373046875000e+01
1.114829254150390625e+01
1.114747333526611328e+01
1.114398956298828125e+01
1.114334106445312500e+01
1.114030742645263672e+01
1.113832855224609375e+01
1.113786697387695312e+01
1.113595199584960938e+01
1.113551998138427734e+01
1.113409423828125000e+01
1.113324928283691406e+01
1.113283920288085938e+01
1.113209629058837891e+01
1.113143825531005859e+01
1.113055324554443359e+01
1.112997722625732422e+01
1.112953853607177734e+01
1.112899589538574219e+01
1.112824630737304688e+01
1.112751197814941406e+01
1.112677764892578125e+01
1.112593650817871094e+01
1.112510585784912109e+01
1.112389755249023438e+01
1.112333393096923828e+01
1.112039566040039062e+01
1.112026309967041016e+01
1.111763000488281250e+01
1.111667919158935547e+01
1.111643981933593750e+01
1.111677455902099609e+01
1.111772060394287109e+01
1.111596202850341797e+01
1.111525249481201172e+01
1.111553955078125000e+01
1.111502265930175781e+01
1.111536502838134766e+01
1.111569404602050781e+01
1.111547088623046875e+01
1.111490154266357422e+01
1.111441135406494141e+01
1.111429119110107422e+01
1.111419391632080078e+01
1.111403369903564453e+01
1.111349582672119141e+01
1.111315822601318359e+01
1.111305809020996094e+01
1.111308288574218750e+01
1.111273288726806641e+01
1.111264324188232422e+01
1.111208248138427734e+01
1.111249923706054688e+01
1.111453533172607422e+01
1.111337566375732422e+01
1.111447906494140625e+01
1.111559009552001953e+01
1.111404323577880859e+01
1.111411666870117188e+01
1.111392974853515625e+01
1.111392688751220703e+01
1.111489582061767578e+01
1.111377716064453125e+01
1.111362934112548828e+01
1.111374378204345703e+01
1.111376667022705078e+01
1.111413574218750000e+01
1.111386871337890625e+01
1.111381149291992188e+01
1.111377239227294922e+01
1.111383533477783203e+01
1.111400699615478516e+01
1.111414527893066406e+01
1.111424255371093750e+01
1.111420249938964844e+01
1.111427497863769531e+01
1.111441421508789062e+01
1.111458873748779297e+01
1.111475372314453125e+01
1.111487293243408203e+01
1.111497211456298828e+01
1.111508750915527344e+01
1.111523151397705078e+01
1.111538124084472656e+01
1.111552619934082031e+01
1.111564159393310547e+01
1.111567020416259766e+01
1.111566162109375000e+01
1.111563968658447266e+01
1.111563396453857422e+01
1.111553287506103516e+01
1.111562061309814453e+01
1.111551475524902344e+01
1.111543941497802734e+01
1.111526203155517578e+01
1.111521434783935547e+01
1.111509418487548828e+01
1.111516666412353516e+01
1.111494159698486328e+01
1.111491394042968750e+01
1.111495399475097656e+01
1.111506843566894531e+01
1.111577415466308594e+01
1.111544799804687500e+01
1.111522388458251953e+01
1.111555099487304688e+01
1.111443996429443359e+01
1.111435508728027344e+01
1.111452484130859375e+01
1.111422443389892578e+01
1.111349868774414062e+01
1.111401653289794922e+01
1.111296558380126953e+01
1.111351585388183594e+01
1.111355018615722656e+01
1.111380290985107422e+01
1.111314678192138672e+01
1.111306285858154297e+01
1.111308574676513672e+01
1.111334514617919922e+01
1.111368274688720703e+01
1.111374378204345703e+01
1.111441516876220703e+01
1.111398315429687500e+01
1.111401081085205078e+01
1.111398315429687500e+01
1.111249256134033203e+01
1.111290550231933594e+01
1.111298370361328125e+01
1.111373901367187500e+01
1.111259746551513672e+01
1.111209964752197266e+01
1.111369705200195312e+01
1.111127090454101562e+01
1.111203002929687500e+01
1.111284923553466797e+01
1.111383056640625000e+01
1.111249446868896484e+01
1.111167907714843750e+01
1.110993003845214844e+01
1.110954952239990234e+01
1.111035251617431641e+01
1.111017513275146484e+01
1.111018657684326172e+01
1.110884380340576172e+01
1.110811138153076172e+01
1.110765838623046875e+01
1.110804939270019531e+01
1.110932826995849609e+01
1.110886287689208984e+01
1.110858535766601562e+01
1.110919189453125000e+01
1.110757160186767578e+01
1.110848045349121094e+01
1.110923290252685547e+01
1.110857009887695312e+01
1.110707855224609375e+01
1.110679149627685547e+01
1.110558319091796875e+01
1.110779094696044922e+01
1.110829353332519531e+01
1.110870742797851562e+01
1.110791301727294922e+01
1.110739135742187500e+01
1.110797405242919922e+01
1.110667419433593750e+01
1.110623455047607422e+01
1.110568523406982422e+01
1.110447978973388672e+01
1.110363483428955078e+01
1.110305118560791016e+01
1.110258865356445312e+01
1.110205554962158203e+01
1.110151290893554688e+01
1.110110187530517578e+01
1.110053634643554688e+01
1.110014915466308594e+01
1.109962654113769531e+01
1.109933948516845703e+01
1.109903049468994141e+01
1.109873676300048828e+01
1.109821414947509766e+01
1.109776687622070312e+01
1.109737491607666016e+01
1.109717845916748047e+01
1.109681415557861328e+01
1.109664535522460938e+01
1.109605884552001953e+01
1.109595775604248047e+01
1.109535694122314453e+01
1.109518432617187500e+01
1.109469795227050781e+01
1.109453582763671875e+01
1.109422779083251953e+01
1.109390258789062500e+01
1.109387302398681641e+01
1.109333801269531250e+01
1.109334564208984375e+01
1.109270191192626953e+01
1.109232139587402344e+01
1.109198188781738281e+01
1.109134387969970703e+01
1.109097480773925781e+01
1.109039211273193359e+01
1.108998203277587891e+01
1.108935832977294922e+01
1.108875942230224609e+01
1.108803272247314453e+01
1.108734416961669922e+01
1.108627605438232422e+01
1.108586597442626953e+01
1.108523082733154297e+01
1.108472919464111328e+01
1.108716297149658203e+01
1.108989715576171875e+01
1.108998394012451172e+01
1.109456539154052734e+01
1.109184837341308594e+01
1.109752941131591797e+01
1.109532070159912109e+01
1.110061931610107422e+01
1.109732913970947266e+01
1.109656620025634766e+01
1.109659957885742188e+01
1.109669971466064453e+01
1.109391021728515625e+01
1.109291553497314453e+01
1.109085845947265625e+01
1.109074115753173828e+01
1.109153747558593750e+01
1.108821868896484375e+01
1.108885002136230469e+01
1.108649158477783203e+01
1.108507823944091797e+01
1.108517742156982422e+01
1.108341503143310547e+01
1.108121967315673828e+01
1.108058071136474609e+01
1.107916831970214844e+01
1.107735633850097656e+01
1.107614040374755859e+01
1.107485580444335938e+01
1.107326698303222656e+01
1.107274723052978516e+01
1.107226181030273438e+01
1.107199859619140625e+01
1.107224750518798828e+01
1.107174682617187500e+01
1.107069301605224609e+01
1.106983852386474609e+01
1.106922626495361328e+01
1.106882476806640625e+01
1.106818675994873047e+01
1.106712627410888672e+01
1.106665706634521484e+01
1.106659221649169922e+01
1.106651306152343750e+01
1.106589031219482422e+01
1.106530666351318359e+01
1.106491947174072266e+01
1.106461143493652344e+01
1.106405925750732422e+01
1.106328582763671875e+01
1.106270122528076172e+01
1.106232929229736328e+01
1.106196880340576172e+01
1.106135272979736328e+01
1.106082344055175781e+01
1.106042098999023438e+01
1.106002807617187500e+01
1.105948257446289062e+01
1.105890560150146484e+01
1.105836772918701172e+01
1.105791282653808594e+01
1.105744171142578125e+01
1.105700397491455078e+01
1.105698585510253906e+01
1.105701541900634766e+01
1.105694866180419922e+01
1.105649375915527344e+01
1.105580902099609375e+01
1.105501937866210938e+01
1.105422973632812500e+01
1.105360794067382812e+01
1.105323314666748047e+01
1.105267238616943359e+01
1.105235958099365234e+01
1.105190277099609375e+01
1.105158233642578125e+01
1.105126953125000000e+01
1.105094909667968750e+01
1.105056381225585938e+01
1.105019092559814453e+01
1.104974365234375000e+01
1.104931926727294922e+01
1.104887485504150391e+01
1.104841136932373047e+01
1.104803752899169922e+01
1.104774761199951172e+01
1.104735851287841797e+01
1.104691505432128906e+01
1.104663562774658203e+01
1.104622745513916016e+01
1.104584503173828125e+01
1.104555034637451172e+01
1.104528808593750000e+01
1.104485988616943359e+01
1.104452228546142578e+01
1.104415988922119141e+01
1.104396057128906250e+01
1.104329681396484375e+01
1.104308795928955078e+01
1.104279136657714844e+01
1.104243469238281250e+01
1.104199504852294922e+01
1.104157829284667969e+01
1.104133605957031250e+01
1.104102039337158203e+01
1.104065418243408203e+01
1.104044818878173828e+01
1.104005908966064453e+01
1.103959178924560547e+01
1.103921413421630859e+01
1.103917694091796875e+01
1.103902626037597656e+01
1.103853797912597656e+01
1.103807163238525391e+01
1.103775501251220703e+01
1.103730583190917969e+01
1.103715515136718750e+01
1.103657627105712891e+01
1.103646087646484375e+01
1.103604888916015625e+01
1.103639221191406250e+01
1.103561782836914062e+01
1.103552246093750000e+01
1.103539848327636719e+01
1.103537273406982422e+01
1.103558921813964844e+01
1.103519535064697266e+01
1.103557872772216797e+01
1.103426742553710938e+01
1.103415298461914062e+01
1.103413009643554688e+01
1.103413295745849609e+01
1.103419971466064453e+01
1.103407955169677734e+01
1.103468227386474609e+01
1.103322887420654297e+01
1.103314971923828125e+01
1.103254318237304688e+01
1.103240299224853516e+01
1.103233909606933594e+01
1.103203105926513672e+01
1.103229427337646484e+01
1.103127574920654297e+01
1.103181171417236328e+01
1.103032779693603516e+01
1.103010082244873047e+01
1.103018856048583984e+01
1.103027248382568359e+01
1.103048038482666016e+01
1.103004264831542969e+01
1.102990818023681641e+01
1.102842140197753906e+01
1.102827453613281250e+01
1.102858638763427734e+01
1.102881622314453125e+01
1.102842235565185547e+01
1.102818584442138672e+01
1.102791690826416016e+01
1.102719402313232422e+01
1.102700519561767578e+01
1.102644729614257812e+01
1.102588367462158203e+01
1.102606773376464844e+01
1.102631282806396484e+01
1.102575016021728516e+01
1.102538108825683594e+01
1.102491760253906250e+01
1.102445220947265625e+01
1.102465248107910156e+01
1.102390575408935547e+01
1.102364921569824219e+01
1.102350044250488281e+01
1.102342510223388672e+01
1.102288055419921875e+01
1.102303600311279297e+01
1.102269268035888672e+01
1.102229022979736328e+01
1.102196979522705078e+01
1.102171897888183594e+01
1.102145099639892578e+01
1.102149963378906250e+01
1.102114868164062500e+01
1.102057075500488281e+01
1.102097225189208984e+01
1.102050971984863281e+01
1.101996326446533203e+01
1.101970672607421875e+01
1.101946640014648438e+01
1.101947784423828125e+01
1.101930713653564453e+01
1.101912212371826172e+01
1.101880741119384766e+01
1.101830291748046875e+01
1.101859664916992188e+01
1.101777839660644531e+01
1.101783275604248047e+01
1.101744651794433594e+01
1.101703643798828125e+01
1.101704406738281250e+01
1.101701927185058594e+01
1.101639938354492188e+01
1.101691818237304688e+01
1.101652622222900391e+01
1.101728725433349609e+01
1.101643562316894531e+01
1.101646518707275391e+01
1.101756286621093750e+01
1.101733970642089844e+01
1.101533317565917969e+01
1.101679229736328125e+01
1.101830768585205078e+01
1.102019977569580078e+01
1.101700401306152344e+01
1.101398277282714844e+01
1.101478099822998047e+01
1.101684570312500000e+01
1.102101993560791016e+01
1.102370452880859375e+01
1.101565551757812500e+01
1.101668643951416016e+01
1.101970672607421875e+01
1.101982688903808594e+01
1.101874160766601562e+01
1.101793956756591797e+01
1.101969623565673828e+01
1.101223754882812500e+01
1.101346683502197266e+01
1.101675510406494141e+01
1.101863288879394531e+01
1.101607227325439453e+01
1.101512145996093750e+01
1.101443195343017578e+01
1.101263141632080078e+01
1.101285171508789062e+01
1.101195526123046875e+01
1.101226520538330078e+01
1.101321411132812500e+01
1.101158237457275391e+01
1.101055622100830078e+01
1.101116180419921875e+01
1.101136398315429688e+01
1.101011943817138672e+01
1.101013183593750000e+01
1.101003265380859375e+01
1.100903320312500000e+01
1.100868511199951172e+01
1.100864124298095703e+01
1.100821304321289062e+01
1.100855541229248047e+01
1.100832653045654297e+01
1.100867557525634766e+01
1.100850296020507812e+01
1.100784111022949219e+01
1.100686168670654297e+01
1.100698375701904297e+01
1.100692462921142578e+01
1.100720500946044922e+01
1.100648403167724609e+01
1.100606155395507812e+01
1.100633716583251953e+01
1.100622081756591797e+01
1.100585937500000000e+01
1.100656127929687500e+01
1.100617980957031250e+01
1.100703620910644531e+01
1.100623321533203125e+01
1.100534915924072266e+01
1.100532054901123047e+01
1.100525474548339844e+01
1.100664234161376953e+01
1.100576686859130859e+01
1.100535202026367188e+01
1.100494956970214844e+01
1.100454711914062500e+01
1.100419902801513672e+01
1.100405311584472656e+01
1.100382518768310547e+01
1.100392341613769531e+01
1.100413036346435547e+01
1.100394439697265625e+01
1.100368309020996094e+01
1.100354766845703125e+01
1.100246715545654297e+01
1.100274372100830078e+01
1.100255966186523438e+01
1.100288295745849609e+01
1.100324344635009766e+01
1.100177478790283203e+01
1.100146198272705078e+01
1.100245571136474609e+01
1.100165557861328125e+01
1.100152206420898438e+01
1.100171947479248047e+01
1.100090694427490234e+01
1.100041103363037109e+01
1.100072097778320312e+01
1.100137424468994141e+01
1.100078105926513672e+01
1.100086688995361328e+01
1.100068664550781250e+01
1.100073146820068359e+01
1.100038909912109375e+01
1.100067710876464844e+01
1.099964714050292969e+01
1.099942874908447266e+01
1.100055217742919922e+01
1.100075244903564453e+01
1.100138854980468750e+01
1.100001239776611328e+01
1.099855327606201172e+01
1.099874782562255859e+01
1.099925327301025391e+01
1.099858570098876953e+01
1.099955940246582031e+01
1.099906921386718750e+01
1.099951171875000000e+01
1.099895668029785156e+01
1.099755382537841797e+01
1.099725437164306641e+01
1.099789810180664062e+01
1.099770832061767578e+01
1.099916553497314453e+01
1.100030803680419922e+01
1.100105094909667969e+01
1.099771213531494141e+01
1.099698734283447266e+01
1.099787425994873047e+01
1.099876308441162109e+01
1.099979782104492188e+01
1.100809383392333984e+01
1.100266647338867188e+01
1.100336837768554688e+01
1.100242805480957031e+01
1.099516677856445312e+01
1.100075531005859375e+01
1.100088024139404297e+01
1.100238990783691406e+01
1.100630187988281250e+01
1.100412750244140625e+01
1.099940109252929688e+01
1.099827194213867188e+01
1.099829769134521484e+01
1.100052642822265625e+01
1.100247097015380859e+01
1.106130313873291016e+01
1.105891990661621094e+01
1.107927608489990234e+01
1.102952194213867188e+01
1.101202011108398438e+01
1.108543872833251953e+01
1.101968288421630859e+01
1.102361583709716797e+01
1.101647186279296875e+01
1.102047634124755859e+01
1.101552677154541016e+01
1.101373577117919922e+01
1.101466560363769531e+01
1.101649951934814453e+01
1.101564788818359375e+01
1.100921821594238281e+01
1.100471305847167969e+01
1.100233459472656250e+01
1.100226211547851562e+01
1.100243091583251953e+01
1.100057983398437500e+01
1.099995613098144531e+01
1.099860858917236328e+01
1.099866676330566406e+01
1.099917411804199219e+01
1.099938297271728516e+01
1.099874019622802734e+01
1.099608898162841797e+01
1.100010681152343750e+01
1.099626350402832031e+01
1.099622726440429688e+01
1.099717712402343750e+01
1.099569129943847656e+01
1.099653148651123047e+01
1.099687957763671875e+01
1.099506664276123047e+01
1.099633979797363281e+01
1.099526786804199219e+01
1.099475002288818359e+01
1.099431514739990234e+01
1.099516677856445312e+01
1.099684619903564453e+01
1.099345302581787109e+01
1.099448394775390625e+01
1.099391460418701172e+01
1.099419116973876953e+01
1.099495220184326172e+01
1.099461078643798828e+01
1.099518871307373047e+01
1.099539661407470703e+01
1.099394226074218750e+01
1.099704837799072266e+01
1.099544429779052734e+01
1.099375152587890625e+01
1.099252510070800781e+01
1.099488067626953125e+01
1.099357986450195312e+01
1.099449443817138672e+01
1.099618625640869141e+01
1.099305534362792969e+01
1.099633407592773438e+01
1.099437236785888672e+01
1.099756145477294922e+01
1.099659729003906250e+01
1.099459362030029297e+01
1.099328422546386719e+01
1.099784851074218750e+01
1.099262332916259766e+01
1.099231147766113281e+01
1.099397850036621094e+01
1.099286365509033203e+01
1.099261474609375000e+01
1.099494361877441406e+01
1.099233531951904297e+01
1.099300384521484375e+01
1.099239349365234375e+01
1.099326610565185547e+01
1.099187946319580078e+01
1.099071311950683594e+01
1.099147224426269531e+01
1.099310493469238281e+01
1.099081230163574219e+01
1.099097156524658203e+01
1.099161338806152344e+01
1.099184417724609375e+01
1.099159240722656250e+01
1.099062442779541016e+01
1.099074745178222656e+01
1.099104785919189453e+01
1.099050903320312500e+01
1.099104022979736328e+01
1.099040222167968750e+01
1.099023437500000000e+01
1.099052715301513672e+01
1.099008083343505859e+01
1.099025249481201172e+01
1.098968219757080078e+01
1.098962974548339844e+01
1.098975086212158203e+01
1.098948383331298828e+01
1.098964500427246094e+01
1.098921203613281250e+01
1.098916625976562500e+01
1.098908519744873047e+01
1.098887634277343750e+01
1.098902606964111328e+01
1.098877143859863281e+01
1.098866081237792969e+01
1.098867702484130859e+01
1.098850250244140625e+01
1.098841190338134766e+01
1.098839855194091797e+01
1.098824596405029297e+01
1.098834896087646484e+01
1.098825454711914062e+01
1.098803329467773438e+01
1.098807811737060547e+01
1.098786449432373047e+01
1.098787212371826172e+01
1.098784446716308594e+01
1.098768711090087891e+01
1.098775768280029297e+01
1.098747920989990234e+01
1.098753929138183594e+01
1.098733711242675781e+01
1.098737335205078125e+01
1.098742771148681641e+01
1.098735904693603516e+01
1.098788928985595703e+01
1.098748493194580078e+01
1.098765754699707031e+01
1.098734092712402344e+01
1.098771953582763672e+01
1.098792266845703125e+01
1.098854541778564453e+01
1.098752593994140625e+01
1.098798465728759766e+01
1.098661708831787109e+01
1.098644542694091797e+01
1.098635005950927734e+01
1.098666095733642578e+01
1.098691082000732422e+01
1.098647594451904297e+01
1.098669433593750000e+01
1.098257732391357422e+01
1.098154067993164062e+01
1.099415111541748047e+01
1.099412155151367188e+01
1.099178123474121094e+01
1.099932861328125000e+01
1.098770236968994141e+01
1.099007701873779297e+01
1.099291515350341797e+01
1.098702526092529297e+01
1.098748970031738281e+01
1.098711872100830078e+01
1.098827457427978516e+01
1.098739433288574219e+01
1.098568725585937500e+01
1.098632144927978516e+01
1.098604869842529297e+01
1.098564338684082031e+01
1.098528575897216797e+01
1.098532581329345703e+01
1.098510456085205078e+01
1.098500156402587891e+01
1.098510074615478516e+01
1.098481750488281250e+01
1.098501300811767578e+01
1.098452758789062500e+01
1.098462963104248047e+01
1.098434066772460938e+01
1.098422813415527344e+01
1.098427581787109375e+01
1.098431873321533203e+01
1.098494720458984375e+01
1.098483562469482422e+01
1.098535346984863281e+01
1.098463726043701172e+01
1.098563480377197266e+01
1.098493385314941406e+01
1.098507213592529297e+01
1.098453044891357422e+01
1.098528766632080078e+01
1.098546028137207031e+01
1.098540401458740234e+01
1.098423576354980469e+01
1.098448371887207031e+01
1.098308086395263672e+01
1.098086261749267578e+01
1.096748924255371094e+01
1.099854946136474609e+01
1.098999023437500000e+01
1.099003219604492188e+01
1.099010181427001953e+01
1.098967742919921875e+01
1.098720359802246094e+01
1.098672962188720703e+01
1.098435211181640625e+01
1.098344993591308594e+01
1.098329162597656250e+01
1.098411846160888672e+01
1.098340320587158203e+01
1.098514652252197266e+01
1.098545074462890625e+01
1.098584175109863281e+01
1.098684978485107422e+01
1.098300552368164062e+01
1.098273372650146484e+01
1.098216915130615234e+01
1.099055862426757812e+01
1.098392677307128906e+01
1.098602771759033203e+01
1.098407268524169922e+01
1.098203277587890625e+01
1.098283481597900391e+01
1.098216724395751953e+01
1.097213745117187500e+01
1.097251892089843750e+01
1.099685096740722656e+01
1.098338031768798828e+01
1.098937034606933594e+01
1.098558044433593750e+01
1.097386074066162109e+01
1.104452037811279297e+01
1.101314353942871094e+01
1.100951385498046875e+01
1.099075317382812500e+01
1.098981571197509766e+01
1.133721160888671875e+01
1.103926563262939453e+01
1.100957489013671875e+01
1.103808116912841797e+01
1.103987884521484375e+01
1.100687885284423828e+01
1.104817676544189453e+01
1.110430526733398438e+01
1.107213878631591797e+01
1.106621265411376953e+01
1.109481811523437500e+01
1.199455547332763672e+01
1.203456878662109375e+01
1.210154056549072266e+01
1.178005504608154297e+01
1.170194911956787109e+01
1.148142528533935547e+01
1.126772594451904297e+01
1.117754173278808594e+01
1.109851932525634766e+01
1.105759239196777344e+01
1.109772300720214844e+01
1.108102893829345703e+01
1.108944225311279297e+01
1.110522747039794922e+01
1.111535167694091797e+01
1.108858203887939453e+01
1.103035736083984375e+01
1.105174350738525391e+01
1.106011486053466797e+01
1.104877567291259766e+01
1.103020477294921875e+01
1.102711105346679688e+01
1.103197765350341797e+01
1.102954864501953125e+01
1.102199172973632812e+01
1.101918888092041016e+01
1.102192306518554688e+01
1.102140808105468750e+01
1.101791000366210938e+01
1.101614570617675781e+01
1.101789379119873047e+01
1.101729106903076172e+01
1.101537895202636719e+01
1.101438140869140625e+01
1.101437854766845703e+01
1.101455020904541016e+01
1.101369094848632812e+01
1.101318359375000000e+01
1.101329135894775391e+01
1.101271343231201172e+01
1.101285076141357422e+01
1.101281929016113281e+01
1.101223373413085938e+01
1.101167869567871094e+01
1.101168346405029297e+01
1.101151371002197266e+01
1.101140689849853516e+01
1.101118946075439453e+01
1.101087570190429688e+01
1.101059246063232422e+01
1.101041126251220703e+01
1.101018905639648438e+01
1.100996875762939453e+01
1.100965976715087891e+01
1.100942230224609375e+01
1.100924682617187500e+01
1.100916957855224609e+01
1.100898075103759766e+01
1.100879955291748047e+01
1.100851440429687500e+01
1.100845241546630859e+01
1.100835514068603516e+01
1.100824928283691406e+01
1.100798320770263672e+01
1.100765323638916016e+01
1.100742340087890625e+01
1.100740337371826172e+01
1.100714969635009766e+01
1.100665569305419922e+01
1.100518608093261719e+01
1.099926567077636719e+01
1.101592254638671875e+01
1.099621295928955078e+01
1.100623607635498047e+01
1.100132083892822266e+01
1.101442718505859375e+01
1.099647808074951172e+01
1.100395679473876953e+01
1.100533676147460938e+01
1.100413227081298828e+01
