4.309352874755859375e+01
4.227314758300781250e+01
4.142976379394531250e+01
4.054248428344726562e+01
3.962796020507812500e+01
3.871130371093750000e+01
3.777736663818359375e+01
3.682558059692382812e+01
3.585820007324218750e+01
3.487813568115234375e+01
3.388900756835937500e+01
3.289511108398437500e+01
3.190142059326171875e+01
3.091359710693359375e+01
2.993782997131347656e+01
2.898063659667968750e+01
2.804862976074218750e+01
2.714824485778808594e+01
2.628553390502929688e+01
2.546591186523437500e+01
2.469399452209472656e+01
2.397343444824218750e+01
2.330683326721191406e+01
2.269571304321289062e+01
2.214052772521972656e+01
2.164071273803710938e+01
2.119483947753906250e+01
2.080071830749511719e+01
2.045557022094726562e+01
2.015619277954101562e+01
1.989909553527832031e+01
1.968065452575683594e+01
1.949718856811523438e+01
1.934507560729980469e+01
1.922079658508300781e+01
1.912099647521972656e+01
1.904249954223632812e+01
1.898234367370605469e+01
1.893778800964355469e+01
1.890631294250488281e+01
1.888564491271972656e+01
1.887372970581054688e+01
1.886875724792480469e+01
1.886913108825683594e+01
1.887348175048828125e+01
1.888063240051269531e+01
1.888960838317871094e+01
1.889961051940917969e+01
1.890999412536621094e+01
1.892026329040527344e+01
1.893004608154296875e+01
1.893907928466796875e+01
1.894718742370605469e+01
1.895427894592285156e+01
1.896031570434570312e+01
1.896530914306640625e+01
1.896930885314941406e+01
1.897238922119140625e+01
1.897464179992675781e+01
1.897616958618164062e+01
1.897707366943359375e+01
1.897746658325195312e+01
1.897743797302246094e+01
1.897708702087402344e+01
1.897649765014648438e+01
1.897574234008789062e+01
1.897489166259765625e+01
1.897399139404296875e+01
1.897309112548828125e+01
1.897222328186035156e+01
1.897141647338867188e+01
1.897068595886230469e+01
1.897004890441894531e+01
1.896950531005859375e+01
1.896906280517578125e+01
1.896871566772460938e+01
1.896845817565917969e+01
1.896828651428222656e+01
1.896818923950195312e+01
1.896815109252929688e+01
1.896817207336425781e+01
1.896823692321777344e+01
1.896833419799804688e+01
1.896845626831054688e+01
1.896858978271484375e+01
1.896873283386230469e+01
1.896887779235839844e+01
1.896901512145996094e+01
1.896914100646972656e+01
1.896924591064453125e+01
1.896933174133300781e+01
1.896939277648925781e+01
1.896941947937011719e+01
1.896941184997558594e+01
1.896935653686523438e+01
1.896924972534179688e+01
1.896907043457031250e+01
1.896880912780761719e+01
1.896850967407226562e+01
1.896832466125488281e+01
1.896817398071289062e+01
1.896820640563964844e+01
1.896918296813964844e+01
1.897084426879882812e+01
1.897084045410156250e+01
1.897082519531250000e+01
1.897080230712890625e+01
1.897077560424804688e+01
1.897073936462402344e+01
1.897070121765136719e+01
1.897066307067871094e+01
1.897062492370605469e+01
1.897058868408203125e+01
1.897055625915527344e+01
1.897052383422851562e+01
1.897049331665039062e+01
1.897046279907226562e+01
1.897043228149414062e+01
1.897040367126464844e+01
1.897038078308105469e+01
1.897035980224609375e+01
1.897034263610839844e+01
1.897032737731933594e+01
1.897031211853027344e+01
1.897030258178710938e+01
1.897029304504394531e+01
1.897028732299804688e+01
1.897027969360351562e+01
1.897027587890625000e+01
1.897027397155761719e+01
1.897027206420898438e+01
1.897027015686035156e+01
1.897027015686035156e+01
1.897027015686035156e+01
1.897027015686035156e+01
1.897027015686035156e+01
1.897027015686035156e+01
1.897027015686035156e+01
1.897027206420898438e+01
1.897027206420898438e+01
1.897027206420898438e+01
1.897027397155761719e+01
1.897027206420898438e+01
1.897027206420898438e+01
1.897027206420898438e+01
1.897027015686035156e+01
1.897027015686035156e+01
1.897027015686035156e+01
1.897027015686035156e+01
1.897027015686035156e+01
1.897026824951171875e+01
1.897026634216308594e+01
1.897026634216308594e+01
1.897026252746582031e+01
1.897026252746582031e+01
1.897026252746582031e+01
1.897026062011718750e+01
1.897025871276855469e+01
1.897025871276855469e+01
1.897025871276855469e+01
1.897025680541992188e+01
1.897025489807128906e+01
1.897025489807128906e+01
1.897025299072265625e+01
1.897025108337402344e+01
1.897025108337402344e+01
1.897024726867675781e+01
1.897024726867675781e+01
1.897024726867675781e+01
1.897024726867675781e+01
1.897024726867675781e+01
1.897024154663085938e+01
1.897024154663085938e+01
1.897024154663085938e+01
1.897024154663085938e+01
1.897023963928222656e+01
1.897023773193359375e+01
1.897023773193359375e+01
1.897023773193359375e+01
1.897023773193359375e+01
1.897023391723632812e+01
1.897023391723632812e+01
1.897023391723632812e+01
1.897023391723632812e+01
1.897023200988769531e+01
1.897023010253906250e+01
1.897023010253906250e+01
1.897023010253906250e+01
1.897023010253906250e+01
1.897022819519042969e+01
1.897022628784179688e+01
1.897022628784179688e+01
1.897022628784179688e+01
1.897022628784179688e+01
1.897022438049316406e+01
1.897022247314453125e+01
1.897022247314453125e+01
1.897022247314453125e+01
1.897022247314453125e+01
1.897022247314453125e+01
1.897021865844726562e+01
1.897021865844726562e+01
1.897021865844726562e+01
1.897021865844726562e+01
1.897021865844726562e+01
1.897021865844726562e+01
1.897021484375000000e+01
1.897021484375000000e+01
1.897021484375000000e+01
1.897021484375000000e+01
1.897021484375000000e+01
1.897020912170410156e+01
1.897020912170410156e+01
1.897020912170410156e+01
1.897020912170410156e+01
1.897020912170410156e+01
1.897020912170410156e+01
1.897020721435546875e+01
1.897020530700683594e+01
1.897020530700683594e+01
1.897020530700683594e+01
1.897020530700683594e+01
1.897020530700683594e+01
1.897020530700683594e+01
1.897020149230957031e+01
1.897020149230957031e+01
1.897020149230957031e+01
1.897020149230957031e+01
1.897020149230957031e+01
1.897020149230957031e+01
1.897020149230957031e+01
1.897019958496093750e+01
1.897019767761230469e+01
1.897019767761230469e+01
1.897019767761230469e+01
1.897019767761230469e+01
1.897019767761230469e+01
1.897019767761230469e+01
1.897019386291503906e+01
1.897019386291503906e+01
1.897019386291503906e+01
1.897019386291503906e+01
1.897019386291503906e+01
1.897019004821777344e+01
1.897019004821777344e+01
1.897019004821777344e+01
1.897019004821777344e+01
1.897019004821777344e+01
1.897018814086914062e+01
1.897018814086914062e+01
1.897018814086914062e+01
1.897018623352050781e+01
1.897018623352050781e+01
1.897018623352050781e+01
1.897018623352050781e+01
1.897018623352050781e+01
1.897018432617187500e+01
1.897018623352050781e+01
1.897018432617187500e+01
1.897018241882324219e+01
1.897018241882324219e+01
1.897018241882324219e+01
1.897018241882324219e+01
1.897018241882324219e+01
1.897018241882324219e+01
1.897017860412597656e+01
1.897017860412597656e+01
1.897017860412597656e+01
1.897017860412597656e+01
1.897017860412597656e+01
1.897017478942871094e+01
1.897017288208007812e+01
1.897017288208007812e+01
1.897017288208007812e+01
1.897017097473144531e+01
1.897017097473144531e+01
1.897016906738281250e+01
1.897016906738281250e+01
1.897016906738281250e+01
1.897016906738281250e+01
1.897016906738281250e+01
1.897016716003417969e+01
1.897016525268554688e+01
1.897016525268554688e+01
1.897016143798828125e+01
1.897016143798828125e+01
1.897015953063964844e+01
1.897015762329101562e+01
1.897015571594238281e+01
1.897015380859375000e+01
1.897015380859375000e+01
1.897015190124511719e+01
1.897015190124511719e+01
1.897014999389648438e+01
1.897014617919921875e+01
1.897014427185058594e+01
1.897014236450195312e+01
1.897013664245605469e+01
1.897013282775878906e+01
1.897012901306152344e+01
1.897012519836425781e+01
1.897012138366699219e+01
1.897011375427246094e+01
1.897010803222656250e+01
1.897010040283203125e+01
1.897009277343750000e+01
1.897009086608886719e+01
1.897006988525390625e+01
1.897005844116210938e+01
1.897004890441894531e+01
1.897003555297851562e+01
1.897002410888671875e+01
1.897001266479492188e+01
1.897000503540039062e+01
1.896999359130859375e+01
1.896998405456542969e+01
1.896997642517089844e+01
1.896996879577636719e+01
1.896995735168457031e+01
1.896994972229003906e+01
1.896994018554687500e+01
1.896992874145507812e+01
1.896991729736328125e+01
1.896990585327148438e+01
1.896988677978515625e+01
1.896986579895019531e+01
1.896983337402343750e+01
1.896978569030761719e+01
1.896971702575683594e+01
1.896963500976562500e+01
1.896957588195800781e+01
1.896954154968261719e+01
1.896954154968261719e+01
1.896956443786621094e+01
1.896958923339843750e+01
1.896940612792968750e+01
1.896937561035156250e+01
1.896956443786621094e+01
1.896950721740722656e+01
1.896935844421386719e+01
1.896949577331542969e+01
1.897343826293945312e+01
1.896987152099609375e+01
1.897004127502441406e+01
1.897256469726562500e+01
1.898489189147949219e+01
1.897606086730957031e+01
1.896682357788085938e+01
1.896655845642089844e+01
1.896719932556152344e+01
1.896777343750000000e+01
1.896772956848144531e+01
1.896722412109375000e+01
1.898109817504882812e+01
1.896363639831542969e+01
1.896173286437988281e+01
1.896057701110839844e+01
1.896018409729003906e+01
1.896624374389648438e+01
1.916219139099121094e+01
1.895706939697265625e+01
1.892842674255371094e+01
1.892024230957031250e+01
1.891499900817871094e+01
1.891234016418457031e+01
1.891635704040527344e+01
1.899100875854492188e+01
1.923291397094726562e+01
1.887077331542968750e+01
1.884517860412597656e+01
1.882874488830566406e+01
1.881794166564941406e+01
1.881046104431152344e+01
1.880526733398437500e+01
1.880039978027343750e+01
1.879992866516113281e+01
1.875227928161621094e+01
1.870375061035156250e+01
1.865540122985839844e+01
1.861365890502929688e+01
1.857608222961425781e+01
1.853520393371582031e+01
1.848779106140136719e+01
1.844378662109375000e+01
1.840393638610839844e+01
1.835567283630371094e+01
1.831480216979980469e+01
1.827610588073730469e+01
1.823724555969238281e+01
1.820427322387695312e+01
1.817486572265625000e+01
1.814345359802246094e+01
1.811493873596191406e+01
1.809983444213867188e+01
1.808596038818359375e+01
1.805384826660156250e+01
1.802652740478515625e+01
1.801166915893554688e+01
1.800431823730468750e+01
1.799746131896972656e+01
1.798692512512207031e+01
1.797299385070800781e+01
1.795955276489257812e+01
1.794950866699218750e+01
1.794352722167968750e+01
1.794048118591308594e+01
1.793799209594726562e+01
1.793380355834960938e+01
1.792800712585449219e+01
1.792272567749023438e+01
1.791948509216308594e+01
1.791805267333984375e+01
1.791695022583007812e+01
1.791503906250000000e+01
1.791262626647949219e+01
1.791032791137695312e+01
1.790797996520996094e+01
1.790546226501464844e+01
1.790321350097656250e+01
1.790134429931640625e+01
1.789909362792968750e+01
1.789600372314453125e+01
1.789278793334960938e+01
1.789001083374023438e+01
1.788726043701171875e+01
1.788419914245605469e+01
1.788103866577148438e+01
1.787783622741699219e+01
1.787454986572265625e+01
1.787151336669921875e+01
1.786865234375000000e+01
1.786535644531250000e+01
1.786112022399902344e+01
1.785705757141113281e+01
1.785360145568847656e+01
1.785059356689453125e+01
1.785018920898437500e+01
1.785045242309570312e+01
1.785124969482421875e+01
1.785471343994140625e+01
1.785591506958007812e+01
1.785388374328613281e+01
1.785364913940429688e+01
1.785415077209472656e+01
1.785199165344238281e+01
1.784967803955078125e+01
1.784932136535644531e+01
1.784815025329589844e+01
1.784554481506347656e+01
1.784401321411132812e+01
1.784300422668457031e+01
1.784091758728027344e+01
1.783911514282226562e+01
1.783823776245117188e+01
1.783674049377441406e+01
1.783492469787597656e+01
1.783380126953125000e+01
1.783245086669921875e+01
1.783077621459960938e+01
1.782962608337402344e+01
1.782840347290039062e+01
1.782688522338867188e+01
1.782568359375000000e+01
1.782441520690917969e+01
1.782300376892089844e+01
1.782181739807128906e+01
1.782046508789062500e+01
1.781905555725097656e+01
1.781766891479492188e+01
1.781611442565917969e+01
1.781459045410156250e+01
1.781284904479980469e+01
1.781122016906738281e+01
1.780893135070800781e+01
1.780819320678710938e+01
1.780497360229492188e+01
1.780458641052246094e+01
1.781097030639648438e+01
1.781060791015625000e+01
1.780933952331542969e+01
1.781766510009765625e+01
1.782898712158203125e+01
1.783158874511718750e+01
1.783036041259765625e+01
1.783458518981933594e+01
1.784149360656738281e+01
1.784262084960937500e+01
1.783883094787597656e+01
1.783736801147460938e+01
1.783833312988281250e+01
1.783636093139648438e+01
1.783075904846191406e+01
1.782617568969726562e+01
1.782353973388671875e+01
1.781953239440917969e+01
1.781348419189453125e+01
1.780831718444824219e+01
1.780459594726562500e+01
1.780012321472167969e+01
1.779475784301757812e+01
1.779039382934570312e+01
1.778691864013671875e+01
1.778290557861328125e+01
1.777879524230957031e+01
1.777566337585449219e+01
1.777286338806152344e+01
1.776973152160644531e+01
1.776699638366699219e+01
1.776490592956542969e+01
1.776276397705078125e+01
1.776062965393066406e+01
1.775901222229003906e+01
1.775757026672363281e+01
1.775604057312011719e+01
1.775478935241699219e+01
1.775378990173339844e+01
1.775272750854492188e+01
1.775177955627441406e+01
1.775104713439941406e+01
1.775028610229492188e+01
1.774955368041992188e+01
1.774898147583007812e+01
1.774839591979980469e+01
1.774780845642089844e+01
1.774732017517089844e+01
1.774682807922363281e+01
1.774631881713867188e+01
1.774588394165039062e+01
1.774542999267578125e+01
1.774496650695800781e+01
1.774455070495605469e+01
1.774411582946777344e+01
1.774368095397949219e+01
1.774327659606933594e+01
1.774284934997558594e+01
1.774243354797363281e+01
1.774202919006347656e+01
1.774161529541015625e+01
1.774121665954589844e+01
1.774081802368164062e+01
1.774041938781738281e+01
1.774003601074218750e+01
1.773964881896972656e+01
1.773926925659179688e+01
1.773890113830566406e+01
1.773853111267089844e+01
1.773817825317382812e+01
1.773782539367675781e+01
1.773748207092285156e+01
1.773715019226074219e+01
1.773682212829589844e+01
1.773650550842285156e+01
1.773619651794433594e+01
1.773589515686035156e+01
1.773560333251953125e+01
1.773532295227050781e+01
1.773504829406738281e+01
1.773478317260742188e+01
1.773452758789062500e+01
1.773428153991699219e+01
1.773404693603515625e+01
1.773381996154785156e+01
1.773360443115234375e+01
1.773339843750000000e+01
1.773320007324218750e+01
1.773301506042480469e+01
1.773284149169921875e+01
1.773267555236816406e+01
1.773252868652343750e+01
1.773238945007324219e+01
1.773227119445800781e+01
1.773216247558593750e+01
1.773208618164062500e+01
1.773201751708984375e+01
1.773199653625488281e+01
1.773198127746582031e+01
1.773208236694335938e+01
1.773214721679687500e+01
1.773256111145019531e+01
1.773282814025878906e+01
1.773441123962402344e+01
1.773521614074707031e+01
1.773909378051757812e+01
1.774515151977539062e+01
1.774748992919921875e+01
1.772766876220703125e+01
1.713563728332519531e+01
1.643154144287109375e+01
1.576185417175292969e+01
1.519334506988525391e+01
1.474665641784667969e+01
1.442329025268554688e+01
1.420900630950927734e+01
1.407580947875976562e+01
1.400166797637939453e+01
1.396731853485107422e+01
1.395480346679687500e+01
1.395855236053466797e+01
1.397426414489746094e+01
1.399803447723388672e+01
1.403131580352783203e+01
1.407106208801269531e+01
1.411451148986816406e+01
1.416044616699218750e+01
1.420429897308349609e+01
1.424405097961425781e+01
1.427782154083251953e+01
1.430313491821289062e+01
1.432046222686767578e+01
1.432952690124511719e+01
1.433082294464111328e+01
1.432606029510498047e+01
1.431602001190185547e+01
1.430260562896728516e+01
1.428710651397705078e+01
1.427052974700927734e+01
1.425431537628173828e+01
1.423903369903564453e+01
1.422571849822998047e+01
1.421426868438720703e+01
1.420531177520751953e+01
1.419738006591796875e+01
1.419373798370361328e+01
1.419255161285400391e+01
1.419057369232177734e+01
1.419202899932861328e+01
1.419479751586914062e+01
1.419804191589355469e+01
1.420190525054931641e+01
1.420540237426757812e+01
1.420813274383544922e+01
1.421250438690185547e+01
1.421638107299804688e+01
1.421977996826171875e+01
1.422451400756835938e+01
1.422719383239746094e+01
1.423138618469238281e+01
1.423463439941406250e+01
1.423536777496337891e+01
1.423856544494628906e+01
1.424019527435302734e+01
1.424023532867431641e+01
1.424203777313232422e+01
1.424230957031250000e+01
1.424206352233886719e+01
1.424235916137695312e+01
1.424153137207031250e+01
1.424130916595458984e+01
1.424048137664794922e+01
1.423918437957763672e+01
1.423843765258789062e+01
1.423722743988037109e+01
1.423651695251464844e+01
1.423591995239257812e+01
1.423511981964111328e+01
1.423421573638916016e+01
1.423360347747802734e+01
1.423278141021728516e+01
1.423283576965332031e+01
1.423273468017578125e+01
1.423251342773437500e+01
1.423289299011230469e+01
1.423274230957031250e+01
1.423325061798095703e+01
1.423325824737548828e+01
1.423325252532958984e+01
1.423338794708251953e+01
1.423351478576660156e+01
1.423361968994140625e+01
1.423384571075439453e+01
1.423397254943847656e+01
1.423418617248535156e+01
1.423433589935302734e+01
1.423457145690917969e+01
1.423471927642822266e+01
1.423497581481933594e+01
1.423511886596679688e+01
1.423537540435791016e+01
1.423555755615234375e+01
1.423578166961669922e+01
1.423597335815429688e+01
1.423619651794433594e+01
1.423635005950927734e+01
1.423662567138671875e+01
1.423674106597900391e+01
1.423704338073730469e+01
1.423717880249023438e+01
1.423746681213378906e+01
1.423767757415771484e+01
1.423791790008544922e+01
1.423815631866455078e+01
1.423839664459228516e+01
1.423859500885009766e+01
1.423888111114501953e+01
1.423901653289794922e+01
1.423934364318847656e+01
1.423947906494140625e+01
1.423974609375000000e+01
1.423994159698486328e+01
1.424014091491699219e+01
1.424035167694091797e+01
1.424057865142822266e+01
1.424073505401611328e+01
1.424104022979736328e+01
1.424114608764648438e+01
1.424143123626708984e+01
1.424154949188232422e+01
1.424179458618164062e+01
1.424196910858154297e+01
1.424214649200439453e+01
1.424234867095947266e+01
1.424255847930908203e+01
1.424270439147949219e+01
1.424296665191650391e+01
1.424305915832519531e+01
1.424331283569335938e+01
1.424339485168457031e+01
1.424362277984619141e+01
1.424377059936523438e+01
1.424378776550292969e+01
1.424397659301757812e+01
1.424362277984619141e+01
1.424366092681884766e+01
1.424343299865722656e+01
1.424429988861083984e+01
1.424632453918457031e+01
1.424981594085693359e+01
1.425356292724609375e+01
1.425558376312255859e+01
1.425668144226074219e+01
1.425638580322265625e+01
1.425576019287109375e+01
1.425407600402832031e+01
1.425173187255859375e+01
1.424944877624511719e+01
1.424697113037109375e+01
1.424463844299316406e+01
1.424222183227539062e+01
1.424020576477050781e+01
1.423843669891357422e+01
1.423695373535156250e+01
1.423604106903076172e+01
1.423543262481689453e+01
1.423523616790771484e+01
1.423541927337646484e+01
1.423575687408447266e+01
1.423636341094970703e+01
1.423694133758544922e+01
1.423773002624511719e+01
1.423842906951904297e+01
1.423981189727783203e+01
1.424065589904785156e+01
1.424164772033691406e+01
1.424266242980957031e+01
1.424333095550537109e+01
1.424422454833984375e+01
1.424449539184570312e+01
1.424511814117431641e+01
1.424519538879394531e+01
1.424570369720458984e+01
1.424591159820556641e+01
1.424571990966796875e+01
1.424586486816406250e+01
1.424542331695556641e+01
1.424537658691406250e+01
1.424501323699951172e+01
1.424503326416015625e+01
1.424490070343017578e+01
1.424466705322265625e+01
1.424469661712646484e+01
1.424425697326660156e+01
1.424412631988525391e+01
1.424373245239257812e+01
1.424398422241210938e+01
1.424397087097167969e+01
1.424380683898925781e+01
1.424399948120117188e+01
1.424369049072265625e+01
1.424368190765380859e+01
1.424343776702880859e+01
1.424315357208251953e+01
1.424310016632080078e+01
1.424285030364990234e+01
1.424284362792968750e+01
1.424270057678222656e+01
1.424256896972656250e+01
1.424250507354736328e+01
1.424212169647216797e+01
1.424190044403076172e+01
1.424162578582763672e+01
1.424146366119384766e+01
1.424132728576660156e+01
1.424117660522460938e+01
1.424109935760498047e+01
1.424102592468261719e+01
1.424092578887939453e+01
1.424090385437011719e+01
1.424079704284667969e+01
1.424078083038330078e+01
1.424069404602050781e+01
1.424064445495605469e+01
1.424060916900634766e+01
1.424054241180419922e+01
1.424052429199218750e+01
1.424025630950927734e+01
1.424008750915527344e+01
1.423987293243408203e+01
1.423981380462646484e+01
1.423969650268554688e+01
1.423967266082763672e+01
1.423962688446044922e+01
1.423962020874023438e+01
1.423960494995117188e+01
1.423962402343750000e+01
1.423962116241455078e+01
1.423936939239501953e+01
1.423934555053710938e+01
1.423914241790771484e+01
1.423993110656738281e+01
1.424001789093017578e+01
1.424042320251464844e+01
1.424082374572753906e+01
1.424108600616455078e+01
1.424172878265380859e+01
1.424218273162841797e+01
1.424261856079101562e+01
1.424242877960205078e+01
1.424254226684570312e+01
1.424241256713867188e+01
1.424300670623779297e+01
1.424301815032958984e+01
1.424333095550537109e+01
1.424383735656738281e+01
1.424381732940673828e+01
1.424409389495849609e+01
1.424370002746582031e+01
1.424352455139160156e+01
1.424331569671630859e+01
1.424267673492431641e+01
1.424237632751464844e+01
1.424195289611816406e+01
1.424230384826660156e+01
1.424236202239990234e+01
1.424236106872558594e+01
1.424262142181396484e+01
1.424194431304931641e+01
1.424195861816406250e+01
1.424191474914550781e+01
1.424190616607666016e+01
1.424211215972900391e+01
1.424233818054199219e+01
1.424264526367187500e+01
1.424252700805664062e+01
1.424261665344238281e+01
1.424250793457031250e+01
1.424219894409179688e+01
1.424218654632568359e+01
1.424195480346679688e+01
1.424197864532470703e+01
1.424205589294433594e+01
1.424272537231445312e+01
1.424310302734375000e+01
1.424359035491943359e+01
1.424408912658691406e+01
1.424410343170166016e+01
1.424455833435058594e+01
1.424444293975830078e+01
1.424429988861083984e+01
1.424439716339111328e+01
1.424457740783691406e+01
1.424468040466308594e+01
1.424452400207519531e+01
1.424451923370361328e+01
1.424435806274414062e+01
1.424414634704589844e+01
1.424405002593994141e+01
1.424379062652587891e+01
1.424359893798828125e+01
1.424344158172607422e+01
1.424320220947265625e+01
1.424305820465087891e+01
1.424289417266845703e+01
1.424270439147949219e+01
1.424260616302490234e+01
1.424247550964355469e+01
1.424237060546875000e+01
1.424232292175292969e+01
1.424224758148193359e+01
1.424222564697265625e+01
1.424221134185791016e+01
1.424219131469726562e+01
1.424221611022949219e+01
1.424223136901855469e+01
1.424252986907958984e+01
1.424275302886962891e+01
1.424308395385742188e+01
1.424345779418945312e+01
1.424349880218505859e+01
1.424373054504394531e+01
1.424384307861328125e+01
1.424380207061767578e+01
1.424390888214111328e+01
1.424383640289306641e+01
1.424447250366210938e+01
1.424464702606201172e+01
1.424538135528564453e+01
1.424590587615966797e+01
1.424662780761718750e+01
1.424729442596435547e+01
1.424754333496093750e+01
1.424816417694091797e+01
1.424790954589843750e+01
1.424836730957031250e+01
1.424853038787841797e+01
1.424847316741943359e+01
1.424867916107177734e+01
1.424821186065673828e+01
1.424775409698486328e+01
1.424735546112060547e+01
1.424683189392089844e+01
1.424638175964355469e+01
1.424597835540771484e+01
1.424546527862548828e+01
1.424509716033935547e+01
1.424481678009033203e+01
1.424448394775390625e+01
1.424430561065673828e+01
1.424412345886230469e+01
1.424396228790283203e+01
1.424393749237060547e+01
1.424384307861328125e+01
1.424379920959472656e+01
1.424381732940673828e+01
1.424378490447998047e+01
1.424381923675537109e+01
1.424384784698486328e+01
1.424384117126464844e+01
1.424390029907226562e+01
1.424392414093017578e+01
1.424395370483398438e+01
1.424401473999023438e+01
1.424403285980224609e+01
1.424408531188964844e+01
1.424412250518798828e+01
1.424414634704589844e+01
1.424419212341308594e+01
1.424421024322509766e+01
1.424423885345458984e+01
1.424426555633544922e+01
1.424427413940429688e+01
1.424429702758789062e+01
1.424430465698242188e+01
1.424431228637695312e+01
1.424432277679443359e+01
1.424432182312011719e+01
1.424432754516601562e+01
1.424432754516601562e+01
1.424432468414306641e+01
1.424432754516601562e+01
1.424432182312011719e+01
1.424431991577148438e+01
1.424431800842285156e+01
1.424431133270263672e+01
1.424431037902832031e+01
1.424430561065673828e+01
1.424430274963378906e+01
1.424429988861083984e+01
1.424429512023925781e+01
1.424429225921630859e+01
1.424428749084472656e+01
1.424457645416259766e+01
1.424472808837890625e+01
1.424581050872802734e+01
1.424622440338134766e+01
1.424698829650878906e+01
1.424769783020019531e+01
1.398833751678466797e+01
1.330161762237548828e+01
1.249471282958984375e+01
1.173578929901123047e+01
1.109700775146484375e+01
1.060534763336181641e+01
1.025569915771484375e+01
1.002675819396972656e+01
9.889462471008300781e+00
9.814744949340820312e+00
9.782302856445312500e+00
9.776269912719726562e+00
9.789238929748535156e+00
9.816899299621582031e+00
9.855718612670898438e+00
9.905012130737304688e+00
9.960693359375000000e+00
1.001955699920654297e+01
1.007804870605468750e+01
1.013120555877685547e+01
1.017787933349609375e+01
1.021449756622314453e+01
1.024067592620849609e+01
1.025655841827392578e+01
