4.241888046264648438e+01
4.198831558227539062e+01
4.150255584716796875e+01
4.092063903808593750e+01
4.029891204833984375e+01
3.963098907470703125e+01
3.896973800659179688e+01
3.829288101196289062e+01
3.760403442382812500e+01
3.690871047973632812e+01
3.621353912353515625e+01
3.552574539184570312e+01
3.485287857055664062e+01
3.420708084106445312e+01
3.358887100219726562e+01
3.300225448608398438e+01
3.245925521850585938e+01
3.196553611755371094e+01
3.152507781982421875e+01
3.113979721069335938e+01
3.080955696105957031e+01
3.053250122070312500e+01
3.030536270141601562e+01
3.012386703491210938e+01
2.998120498657226562e+01
2.987345314025878906e+01
2.980095863342285156e+01
2.975573158264160156e+01
2.973406028747558594e+01
2.974677848815917969e+01
2.978003883361816406e+01
2.980105590820312500e+01
2.982204627990722656e+01
2.984268951416015625e+01
2.986078643798828125e+01
2.987658500671386719e+01
2.989100265502929688e+01
2.990139198303222656e+01
2.989880371093750000e+01
2.990017127990722656e+01
2.991475296020507812e+01
2.994729614257812500e+01
2.996082687377929688e+01
2.996606636047363281e+01
2.996836662292480469e+01
2.996815299987792969e+01
2.996594238281250000e+01
2.996228790283203125e+01
2.995771217346191406e+01
2.995265388488769531e+01
2.994746017456054688e+01
2.994239997863769531e+01
2.993763923645019531e+01
2.993329238891601562e+01
2.992939376831054688e+01
2.992593955993652344e+01
2.992134857177734375e+01
2.961272811889648438e+01
2.919997596740722656e+01
2.876032066345214844e+01
2.832523918151855469e+01
2.792263221740722656e+01
2.762836074829101562e+01
2.731113433837890625e+01
2.701452636718750000e+01
2.676031684875488281e+01
2.654777908325195312e+01
2.637446975708007812e+01
2.623683166503906250e+01
2.613066101074218750e+01
2.605154228210449219e+01
2.599515533447265625e+01
2.595750045776367188e+01
2.593512344360351562e+01
2.592653846740722656e+01
2.613131141662597656e+01
2.612958908081054688e+01
2.613604164123535156e+01
2.613508605957031250e+01
2.611615943908691406e+01
2.610746002197265625e+01
2.610501670837402344e+01
2.610089874267578125e+01
2.609474182128906250e+01
2.608726119995117188e+01
2.607942771911621094e+01
2.607526206970214844e+01
2.607334709167480469e+01
2.606375885009765625e+01
2.605473327636718750e+01
2.604612541198730469e+01
2.603887939453125000e+01
2.603106117248535156e+01
2.601388931274414062e+01
2.599782943725585938e+01
2.597160339355468750e+01
2.578929901123046875e+01
2.578580093383789062e+01
2.578850746154785156e+01
2.579538726806640625e+01
2.580528831481933594e+01
2.581717491149902344e+01
2.583009529113769531e+01
2.584313201904296875e+01
2.585538482666015625e+01
2.586589622497558594e+01
2.587366676330566406e+01
2.587782859802246094e+01
2.587799644470214844e+01
2.587442588806152344e+01
2.586784934997558594e+01
2.585923576354980469e+01
2.584956741333007812e+01
2.583969497680664062e+01
2.583027839660644531e+01
2.582175827026367188e+01
2.581439208984375000e+01
2.580829429626464844e+01
2.580345344543457031e+01
2.579977989196777344e+01
2.579710388183593750e+01
2.579522132873535156e+01
2.579390525817871094e+01
2.579290771484375000e+01
2.579201316833496094e+01
2.579103088378906250e+01
2.578979301452636719e+01
2.560076713562011719e+01
2.507676315307617188e+01
2.436256027221679688e+01
2.361871910095214844e+01
2.290522766113281250e+01
2.225667762756347656e+01
2.169247817993164062e+01
2.122171592712402344e+01
2.084556198120117188e+01
2.055885124206542969e+01
2.035168838500976562e+01
2.021134376525878906e+01
2.012423896789550781e+01
2.007768249511718750e+01
2.006088447570800781e+01
2.006519317626953125e+01
2.008370018005371094e+01
2.011086273193359375e+01
2.014244270324707031e+01
2.017554473876953125e+01
2.020828628540039062e+01
2.023930358886718750e+01
2.026753616333007812e+01
2.029215240478515625e+01
2.031260871887207031e+01
2.032863998413085938e+01
2.034027290344238281e+01
2.034776687622070312e+01
2.035157585144042969e+01
2.035227775573730469e+01
2.035050964355468750e+01
2.034690284729003906e+01
2.034202957153320312e+01
2.033637809753417969e+01
2.033033752441406250e+01
2.032421493530273438e+01
2.031823158264160156e+01
2.031255531311035156e+01
2.030731201171875000e+01
2.030260276794433594e+01
2.029849052429199219e+01
2.029500579833984375e+01
2.029214668273925781e+01
2.028987693786621094e+01
2.028812408447265625e+01
2.028680992126464844e+01
2.028582572937011719e+01
2.028507232666015625e+01
2.028444099426269531e+01
2.028384590148925781e+01
2.028320312500000000e+01
2.028244972229003906e+01
2.028154945373535156e+01
2.028047561645507812e+01
2.027922439575195312e+01
2.027780723571777344e+01
2.027623939514160156e+01
2.027455711364746094e+01
2.027279090881347656e+01
2.027097320556640625e+01
2.026914405822753906e+01
2.026732635498046875e+01
2.026554489135742188e+01
2.026381111145019531e+01
2.026213645935058594e+01
2.026052665710449219e+01
2.025897598266601562e+01
2.025747871398925781e+01
2.025602340698242188e+01
2.025460815429687500e+01
2.025321578979492188e+01
2.025183868408203125e+01
2.025046920776367188e+01
2.024910163879394531e+01
2.024773406982421875e+01
2.024635505676269531e+01
2.024497222900390625e+01
2.024357795715332031e+01
2.024217414855957031e+01
2.024076271057128906e+01
2.023934364318847656e+01
2.023791694641113281e+01
2.023648452758789062e+01
2.023504257202148438e+01
2.023359870910644531e+01
2.023214721679687500e+01
2.023069190979003906e+01
2.022923088073730469e+01
2.022776222229003906e+01
2.022629165649414062e+01
2.022481727600097656e+01
2.022333717346191406e+01
2.022185707092285156e+01
2.022037315368652344e+01
2.021888542175292969e+01
2.021739768981933594e+01
2.021590614318847656e+01
2.021441650390625000e+01
2.021292114257812500e+01
2.021142768859863281e+01
2.020993041992187500e+01
2.020843505859375000e+01
2.020693588256835938e+01
2.020543670654296875e+01
2.020393371582031250e+01
2.020243072509765625e+01
2.020092582702636719e+01
2.019942283630371094e+01
2.019791793823242188e+01
2.019641113281250000e+01
2.019490623474121094e+01
2.019340324401855469e+01
2.019190597534179688e+01
2.019040489196777344e+01
2.018891716003417969e+01
2.018601608276367188e+01
2.003405761718750000e+01
1.987359046936035156e+01
1.987837982177734375e+01
1.991243553161621094e+01
2.000368309020996094e+01
1.995900535583496094e+01
1.995748329162597656e+01
1.997066879272460938e+01
1.998300933837890625e+01
1.998535346984863281e+01
1.998357391357421875e+01
1.997890663146972656e+01
1.997229003906250000e+01
1.996490859985351562e+01
1.995781326293945312e+01
1.995170211791992188e+01
1.994692993164062500e+01
1.994357299804687500e+01
1.994151115417480469e+01
1.994044113159179688e+01
1.993990325927734375e+01
1.993942832946777344e+01
1.993864822387695312e+01
1.993734359741210938e+01
1.993544578552246094e+01
1.993300819396972656e+01
1.993017578125000000e+01
1.992712211608886719e+01
1.992401504516601562e+01
1.992098236083984375e+01
1.991812133789062500e+01
1.991547012329101562e+01
1.991304016113281250e+01
1.991080856323242188e+01
1.990873336791992188e+01
1.990675735473632812e+01
1.990482521057128906e+01
1.990288925170898438e+01
1.990091896057128906e+01
1.989891815185546875e+01
1.989688873291015625e+01
1.989486885070800781e+01
1.989289855957031250e+01
1.989101791381835938e+01
1.988926315307617188e+01
1.988765716552734375e+01
1.988620567321777344e+01
1.988490104675292969e+01
1.988372230529785156e+01
1.988264846801757812e+01
1.988164520263671875e+01
1.988068580627441406e+01
1.987974739074707031e+01
1.987880516052246094e+01
1.987785339355468750e+01
1.987688827514648438e+01
1.987590980529785156e+01
1.987492942810058594e+01
1.987395668029785156e+01
1.987299156188964844e+01
1.987205123901367188e+01
1.987113571166992188e+01
1.987024307250976562e+01
1.986937713623046875e+01
1.986852836608886719e+01
1.986769866943359375e+01
1.986688232421875000e+01
1.986607551574707031e+01
1.986528015136718750e+01
1.986449050903320312e+01
1.986371040344238281e+01
1.986293601989746094e+01
1.986217689514160156e+01
1.986158561706542969e+01
1.985927391052246094e+01
1.985477447509765625e+01
1.985063171386718750e+01
1.984869003295898438e+01
1.984850502014160156e+01
1.984968376159667969e+01
1.985173797607421875e+01
1.985413932800292969e+01
1.985634803771972656e+01
1.985789108276367188e+01
1.985846138000488281e+01
1.985800170898437500e+01
1.985669326782226562e+01
1.985487174987792969e+01
1.985291099548339844e+01
1.985110473632812500e+01
1.984964561462402344e+01
1.984860801696777344e+01
1.984797096252441406e+01
1.984765052795410156e+01
1.984751701354980469e+01
1.984743690490722656e+01
1.984729766845703125e+01
1.984703063964843750e+01
1.984661674499511719e+01
1.984608840942382812e+01
1.984549522399902344e+01
1.984489822387695312e+01
1.984433364868164062e+01
1.984382629394531250e+01
1.984336280822753906e+01
1.984293365478515625e+01
1.984249877929687500e+01
1.984204292297363281e+01
1.984153938293457031e+01
1.984099197387695312e+01
1.984040641784667969e+01
1.983980560302734375e+01
1.983920669555664062e+01
1.983863830566406250e+01
1.983810615539550781e+01
1.983761405944824219e+01
1.983715629577636719e+01
1.983672332763671875e+01
1.983630180358886719e+01
1.983587837219238281e+01
1.983544731140136719e+01
1.983500289916992188e+01
1.983455467224121094e+01
1.983410263061523438e+01
1.983365058898925781e+01
1.983320617675781250e+01
1.983277130126953125e+01
1.983234214782714844e+01
1.983191680908203125e+01
1.983149528503417969e+01
1.983107376098632812e+01
1.983064842224121094e+01
1.983022689819335938e+01
1.982980537414550781e+01
1.982938766479492188e+01
1.982897186279296875e+01
1.982856559753417969e+01
1.982816314697265625e+01
1.982776641845703125e+01
1.982737541198730469e+01
1.982698631286621094e+01
1.982659912109375000e+01
1.982621192932128906e+01
1.982582855224609375e+01
1.982544708251953125e+01
1.982506752014160156e+01
1.982468795776367188e+01
1.982431411743164062e+01
1.982394218444824219e+01
1.982357215881347656e+01
1.982320213317871094e+01
1.982283401489257812e+01
1.982246780395507812e+01
1.982209777832031250e+01
1.982172584533691406e+01
1.982135200500488281e+01
1.982096290588378906e+01
1.982055282592773438e+01
1.982007980346679688e+01
1.981938934326171875e+01
1.981712722778320312e+01
1.969479179382324219e+01
1.953972053527832031e+01
1.954075813293457031e+01
1.954455184936523438e+01
1.955018424987792969e+01
1.955669593811035156e+01
1.956323623657226562e+01
1.956931877136230469e+01
1.957486534118652344e+01
1.957996559143066406e+01
1.958468818664550781e+01
1.958899307250976562e+01
1.959277153015136719e+01
1.959587097167968750e+01
1.959815979003906250e+01
1.959961318969726562e+01
1.960031127929687500e+01
1.960045433044433594e+01
1.960027694702148438e+01
1.959996986389160156e+01
1.959965515136718750e+01
1.959936332702636719e+01
1.959907722473144531e+01
1.959873008728027344e+01
1.959828567504882812e+01
1.959773635864257812e+01
1.959710693359375000e+01
1.959643745422363281e+01
1.959575843811035156e+01
1.959507751464843750e+01
1.959436416625976562e+01
1.959358787536621094e+01
1.959271240234375000e+01
1.959173393249511719e+01
1.959066581726074219e+01
1.958953666687011719e+01
1.958838462829589844e+01
1.958722114562988281e+01
1.958605575561523438e+01
1.958488464355468750e+01
1.958370590209960938e+01
1.958252143859863281e+01
1.958134269714355469e+01
1.958018684387207031e+01
1.957906341552734375e+01
1.957798194885253906e+01
1.957692909240722656e+01
1.957590675354003906e+01
1.957490539550781250e+01
1.957391929626464844e+01
1.957295036315917969e+01
1.957199859619140625e+01
1.957106971740722656e+01
1.957015609741210938e+01
1.956925392150878906e+01
1.956835937500000000e+01
1.956746673583984375e+01
1.956658363342285156e+01
1.956570053100585938e+01
1.956482887268066406e+01
1.956396484375000000e+01
1.956310653686523438e+01
1.956225395202636719e+01
1.956140518188476562e+01
1.956056022644042969e+01
1.955972290039062500e+01
1.955889129638671875e+01
1.955806541442871094e+01
1.955724716186523438e+01
1.955643272399902344e+01
1.955562400817871094e+01
1.955482101440429688e+01
1.955401992797851562e+01
1.955322456359863281e+01
1.955243492126464844e+01
1.955164718627929688e+01
1.955086326599121094e+01
1.955008316040039062e+01
1.954930496215820312e+01
1.954853630065917969e+01
1.954776763916015625e+01
1.954700469970703125e+01
1.954624557495117188e+01
1.954548835754394531e+01
1.954473876953125000e+01
1.954398918151855469e+01
1.954324531555175781e+01
1.954250717163085938e+01
1.954177284240722656e+01
1.954104042053222656e+01
1.954031372070312500e+01
1.953959083557128906e+01
1.953887176513671875e+01
1.953816032409667969e+01
1.953744697570800781e+01
1.953672599792480469e+01
1.953630256652832031e+01
1.953613662719726562e+01
1.953615951538085938e+01
1.953624916076660156e+01
1.953629112243652344e+01
1.953619194030761719e+01
1.953587341308593750e+01
1.953528594970703125e+01
1.953440284729003906e+01
1.953323364257812500e+01
1.953179359436035156e+01
1.953012466430664062e+01
1.952828216552734375e+01
1.952631950378417969e+01
1.952429008483886719e+01
1.952224922180175781e+01
1.952024650573730469e+01
1.951831626892089844e+01
1.951648139953613281e+01
1.951476287841796875e+01
1.951316833496093750e+01
1.951169967651367188e+01
1.951035118103027344e+01
1.950910949707031250e+01
1.950796318054199219e+01
1.950689888000488281e+01
1.950590133666992188e+01
1.950495719909667969e+01
1.950405502319335938e+01
1.950318145751953125e+01
1.950233078002929688e+01
1.950149917602539062e+01
1.950068092346191406e+01
1.949987220764160156e+01
1.949907493591308594e+01
1.949828720092773438e+01
1.949751091003417969e+01
1.949674415588378906e+01
1.949598884582519531e+01
1.949524307250976562e+01
1.949451255798339844e+01
1.949378967285156250e+01
1.949307441711425781e+01
1.949237442016601562e+01
1.949167633056640625e+01
1.949098777770996094e+01
1.949030113220214844e+01
1.948961830139160156e+01
1.948893928527832031e+01
1.948826408386230469e+01
1.948759078979492188e+01
1.948691749572753906e+01
1.948624610900878906e+01
1.948557472229003906e+01
1.948490715026855469e+01
1.948424148559570312e+01
1.948357772827148438e+01
1.948291587829589844e+01
1.948226547241210938e+01
1.948164367675781250e+01
1.948087692260742188e+01
1.948013496398925781e+01
1.947942924499511719e+01
1.947876548767089844e+01
1.947813987731933594e+01
1.947746086120605469e+01
1.947679138183593750e+01
1.947616767883300781e+01
1.947558593750000000e+01
1.947498893737792969e+01
1.947437477111816406e+01
1.947378921508789062e+01
1.947323417663574219e+01
1.947266006469726562e+01
1.947206687927246094e+01
1.947149276733398438e+01
1.947093200683593750e+01
1.947034072875976562e+01
1.946974754333496094e+01
1.946917152404785156e+01
1.946858596801757812e+01
1.946798133850097656e+01
1.946739006042480469e+01
1.946680450439453125e+01
1.946620941162109375e+01
1.946561431884765625e+01
1.946504592895507812e+01
1.946451377868652344e+01
1.946420478820800781e+01
1.946385002136230469e+01
1.946253776550292969e+01
1.946053314208984375e+01
1.945824241638183594e+01
1.945599555969238281e+01
1.945406150817871094e+01
1.945265960693359375e+01
1.945194053649902344e+01
1.945193672180175781e+01
1.945261001586914062e+01
1.945388984680175781e+01
1.945569610595703125e+01
1.945788574218750000e+01
1.946031951904296875e+01
1.946286964416503906e+01
1.946541404724121094e+01
1.946783638000488281e+01
1.947003936767578125e+01
1.947195816040039062e+01
1.947355270385742188e+01
1.947480010986328125e+01
1.947569656372070312e+01
1.947626304626464844e+01
1.947653579711914062e+01
1.947654914855957031e+01
1.947634887695312500e+01
1.947598457336425781e+01
1.947550582885742188e+01
1.947494125366210938e+01
1.947433280944824219e+01
1.947370910644531250e+01
1.947308731079101562e+01
1.947248458862304688e+01
1.947190666198730469e+01
1.947135925292968750e+01
1.947084236145019531e+01
1.947035026550292969e+01
1.946987724304199219e+01
1.946941757202148438e+01
1.946896553039550781e+01
1.946851348876953125e+01
1.946806144714355469e+01
1.946759986877441406e+01
1.946713066101074219e+01
1.946664810180664062e+01
1.946616363525390625e+01
1.946566390991210938e+01
1.946516227722167969e+01
1.946465682983398438e+01
1.946414947509765625e+01
1.946364402770996094e+01
1.946314048767089844e+01
1.946263694763183594e+01
1.946213722229003906e+01
1.946164131164550781e+01
1.946114540100097656e+01
1.946064949035644531e+01
1.946015357971191406e+01
1.945965194702148438e+01
1.945914459228515625e+01
1.945863151550292969e+01
1.945810508728027344e+01
1.945756721496582031e+01
1.945701408386230469e+01
1.945644378662109375e+01
1.945585441589355469e+01
1.945524024963378906e+01
1.945460510253906250e+01
1.945394134521484375e+01
1.945325088500976562e+01
1.945252799987792969e+01
1.945177268981933594e+01
1.945098495483398438e+01
1.945015907287597656e+01
1.944930458068847656e+01
1.944842338562011719e+01
1.944752311706542969e+01
1.944661521911621094e+01
1.944570922851562500e+01
1.944480133056640625e+01
1.944388008117675781e+01
1.944291877746582031e+01
1.944192123413085938e+01
1.944091796875000000e+01
1.943994903564453125e+01
1.943905639648437500e+01
1.943826103210449219e+01
1.943757247924804688e+01
1.943699455261230469e+01
1.943652534484863281e+01
1.943615341186523438e+01
1.943585968017578125e+01
1.943561935424804688e+01
1.943539619445800781e+01
1.943516921997070312e+01
1.943491363525390625e+01
1.943461418151855469e+01
1.943425941467285156e+01
1.943384552001953125e+01
1.943336486816406250e+01
1.943282890319824219e+01
1.943224716186523438e+01
1.943163299560546875e+01
1.943100166320800781e+01
1.943037033081054688e+01
1.942974662780761719e+01
1.942914581298828125e+01
1.942857551574707031e+01
1.942804908752441406e+01
1.942757415771484375e+01
1.942712974548339844e+01
1.942674636840820312e+01
1.942649269104003906e+01
1.942630577087402344e+01
1.942611122131347656e+01
1.942589187622070312e+01
1.942575645446777344e+01
1.942558670043945312e+01
1.942529869079589844e+01
1.942505073547363281e+01
1.942496109008789062e+01
1.942494010925292969e+01
1.942480659484863281e+01
1.942461776733398438e+01
1.942445755004882812e+01
1.942434310913085938e+01
1.942439079284667969e+01
1.942416572570800781e+01
1.942342948913574219e+01
1.942272186279296875e+01
1.942241477966308594e+01
1.942246627807617188e+01
1.942254257202148438e+01
1.942222595214843750e+01
1.942181777954101562e+01
1.942179107666015625e+01
1.942180824279785156e+01
1.942164611816406250e+01
1.942388343811035156e+01
1.943737602233886719e+01
1.947820663452148438e+01
1.978568649291992188e+01
1.960554313659667969e+01
1.939765357971191406e+01
1.939088630676269531e+01
1.939137458801269531e+01
1.940007400512695312e+01
1.941741752624511719e+01
1.944355010986328125e+01
1.947969436645507812e+01
1.952302742004394531e+01
1.954827880859375000e+01
1.956080818176269531e+01
1.957453918457031250e+01
1.958919715881347656e+01
1.960502815246582031e+01
1.962493705749511719e+01
1.965098381042480469e+01
1.966720390319824219e+01
1.965377616882324219e+01
1.963001441955566406e+01
1.961377334594726562e+01
1.960552787780761719e+01
1.960228729248046875e+01
1.960092163085937500e+01
1.959769248962402344e+01
1.959054374694824219e+01
1.958087348937988281e+01
1.957115745544433594e+01
1.956274223327636719e+01
1.955586051940917969e+01
1.955020332336425781e+01
1.954527854919433594e+01
1.954058074951171875e+01
1.953575325012207031e+01
1.953068351745605469e+01
1.952550888061523438e+01
1.952050399780273438e+01
1.951596832275390625e+01
1.951209449768066406e+01
1.950893402099609375e+01
1.950640487670898438e+01
1.950433731079101562e+01
1.950255203247070312e+01
1.950090599060058594e+01
1.949933242797851562e+01
1.949783325195312500e+01
1.949648094177246094e+01
1.949535942077636719e+01
1.949451255798339844e+01
1.949390983581542969e+01
1.949347686767578125e+01
1.949310874938964844e+01
1.949273681640625000e+01
1.949234580993652344e+01
1.949195671081542969e+01
1.949158668518066406e+01
1.949124908447265625e+01
1.949095344543457031e+01
1.949068641662597656e+01
1.949043655395507812e+01
1.949019050598144531e+01
1.948992919921875000e+01
1.948965454101562500e+01
1.948937225341796875e+01
1.948907852172851562e+01
1.948878288269042969e+01
1.948848342895507812e+01
1.948818016052246094e+01
1.948786735534667969e+01
1.948753356933593750e+01
1.948717689514160156e+01
1.948680496215820312e+01
1.948641014099121094e+01
1.948602104187011719e+01
1.948566055297851562e+01
1.948532104492187500e+01
1.948497772216796875e+01
1.948459434509277344e+01
1.948417854309082031e+01
1.948375701904296875e+01
1.948334121704101562e+01
1.948291587829589844e+01
1.948249244689941406e+01
1.948208618164062500e+01
1.948168563842773438e+01
1.948125457763671875e+01
1.948080253601074219e+01
1.948035430908203125e+01
1.947990989685058594e+01
1.947944641113281250e+01
1.947897148132324219e+01
1.947852134704589844e+01
1.947808074951171875e+01
1.947760963439941406e+01
1.947711753845214844e+01
1.947664451599121094e+01
1.947618293762207031e+01
1.947568893432617188e+01
1.947518348693847656e+01
1.947470474243164062e+01
1.947424125671386719e+01
1.947374153137207031e+01
1.947322082519531250e+01
1.947273063659667969e+01
1.947225379943847656e+01
1.947173881530761719e+01
1.947121047973632812e+01
1.947071075439453125e+01
1.947023010253906250e+01
1.946970748901367188e+01
1.946916389465332031e+01
1.946865653991699219e+01
1.946816825866699219e+01
1.946763610839843750e+01
1.946707916259765625e+01
1.946656608581542969e+01
1.946607398986816406e+01
1.946553230285644531e+01
1.946496582031250000e+01
1.946444511413574219e+01
1.946393203735351562e+01
1.946344947814941406e+01
1.946302032470703125e+01
1.946256256103515625e+01
1.946207046508789062e+01
1.946159362792968750e+01
1.946107482910156250e+01
1.946054458618164062e+01
1.946006011962890625e+01
1.945955085754394531e+01
1.945902442932128906e+01
1.945853042602539062e+01
1.945799446105957031e+01
1.945744323730468750e+01
1.945694160461425781e+01
1.945641326904296875e+01
1.945588493347167969e+01
1.945540237426757812e+01
1.945488166809082031e+01
1.945434379577636719e+01
1.945385169982910156e+01
1.945332717895507812e+01
1.945277404785156250e+01
1.945236587524414062e+01
1.945214271545410156e+01
1.945190238952636719e+01
1.945140075683593750e+01
1.945066452026367188e+01
1.945009231567382812e+01
1.944982719421386719e+01
1.944951248168945312e+01
1.944871330261230469e+01
1.944804382324218750e+01
1.944812011718750000e+01
1.944777107238769531e+01
1.944721412658691406e+01
1.944705772399902344e+01
1.944653511047363281e+01
1.944573974609375000e+01
1.944525337219238281e+01
1.944465255737304688e+01
1.944352149963378906e+01
1.944216346740722656e+01
1.944127655029296875e+01
1.944052124023437500e+01
1.943932533264160156e+01
1.943807411193847656e+01
1.943723487854003906e+01
1.943666648864746094e+01
1.943607521057128906e+01
1.943542671203613281e+01
1.943490791320800781e+01
1.943465423583984375e+01
1.943445396423339844e+01
1.943402862548828125e+01
1.943362426757812500e+01
1.943345451354980469e+01
1.943323516845703125e+01
1.943287086486816406e+01
1.943251419067382812e+01
1.943213272094726562e+01
1.943172645568847656e+01
1.943132400512695312e+01
1.943083381652832031e+01
1.943035316467285156e+01
1.942998313903808594e+01
1.942955589294433594e+01
1.942907905578613281e+01
1.942865943908691406e+01
1.942821693420410156e+01
1.942777252197265625e+01
1.942738342285156250e+01
1.942694664001464844e+01
1.942650032043457031e+01
1.942612457275390625e+01
1.942570304870605469e+01
1.942525291442871094e+01
1.942485618591308594e+01
1.942441940307617188e+01
1.942397117614746094e+01
1.942355537414550781e+01
1.942324066162109375e+01
1.942302703857421875e+01
1.942270660400390625e+01
1.942224121093750000e+01
1.942188262939453125e+01
1.942172241210937500e+01
1.942151069641113281e+01
1.942114067077636719e+01
1.942083168029785156e+01
1.942066574096679688e+01
1.942039680480957031e+01
1.941993331909179688e+01
1.941936874389648438e+01
1.941888618469238281e+01
1.941856002807617188e+01
1.941818046569824219e+01
1.941767883300781250e+01
1.941733932495117188e+01
1.941724777221679688e+01
1.941711616516113281e+01
1.941676521301269531e+01
1.941642951965332031e+01
1.941624832153320312e+01
1.941600036621093750e+01
1.941559219360351562e+01
1.941508293151855469e+01
1.941462326049804688e+01
1.941429901123046875e+01
1.941392135620117188e+01
1.941343307495117188e+01
1.941311645507812500e+01
1.941304397583007812e+01
1.941293334960937500e+01
1.941259956359863281e+01
1.941227912902832031e+01
1.941209220886230469e+01
1.941183853149414062e+01
1.941141128540039062e+01
1.941107559204101562e+01
1.941093444824218750e+01
1.941074180603027344e+01
1.941034698486328125e+01
1.941000366210937500e+01
1.940983772277832031e+01
1.940960693359375000e+01
1.940919685363769531e+01
1.940886497497558594e+01
1.940872573852539062e+01
1.940851783752441406e+01
1.940810394287109375e+01
1.940775489807128906e+01
1.940760231018066406e+01
1.940739059448242188e+01
1.940699005126953125e+01
1.940666198730468750e+01
1.940652465820312500e+01
1.940632247924804688e+01
1.940591239929199219e+01
1.940557479858398438e+01
1.940543365478515625e+01
1.940522766113281250e+01
1.940481758117675781e+01
1.940447807312011719e+01
1.940433502197265625e+01
1.940412712097167969e+01
1.940371322631835938e+01
1.940337753295898438e+01
1.940323829650878906e+01
1.940303611755371094e+01
