3.730765533447265625e+01
3.678358078002929688e+01
3.617203140258789062e+01
3.541569900512695312e+01
3.445850753784179688e+01
3.352584838867187500e+01
3.249361038208007812e+01
3.141588973999023438e+01
3.020115089416503906e+01
2.900451087951660156e+01
2.735642242431640625e+01
2.599210739135742188e+01
2.479382514953613281e+01
2.357944297790527344e+01
2.252851867675781250e+01
2.145988273620605469e+01
2.054225540161132812e+01
1.961711311340332031e+01
1.893800926208496094e+01
1.843056488037109375e+01
1.802558135986328125e+01
1.771179771423339844e+01
1.747625541687011719e+01
1.730655479431152344e+01
1.719175720214843750e+01
1.712912559509277344e+01
1.710222816467285156e+01
1.710079383850097656e+01
1.712096977233886719e+01
1.715798377990722656e+01
1.720674705505371094e+01
1.726243019104003906e+01
1.731157684326171875e+01
1.735904884338378906e+01
1.743320274353027344e+01
1.745289230346679688e+01
1.745849609375000000e+01
1.747851181030273438e+01
1.750155067443847656e+01
1.752289962768554688e+01
1.749998474121093750e+01
1.739720535278320312e+01
1.734674835205078125e+01
1.727560043334960938e+01
1.723818778991699219e+01
1.719324111938476562e+01
1.717027282714843750e+01
1.716853904724121094e+01
1.714763259887695312e+01
1.713139724731445312e+01
1.714179992675781250e+01
1.715147781372070312e+01
1.712938880920410156e+01
1.712848091125488281e+01
1.714247512817382812e+01
1.713842582702636719e+01
1.712642288208007812e+01
1.713418197631835938e+01
1.716176795959472656e+01
1.716103744506835938e+01
1.713937568664550781e+01
1.710573768615722656e+01
1.711777305603027344e+01
1.713459396362304688e+01
1.711266899108886719e+01
1.704916954040527344e+01
1.696827316284179688e+01
1.688804435729980469e+01
1.683434486389160156e+01
1.682976722717285156e+01
1.689887619018554688e+01
1.689404487609863281e+01
1.677294921875000000e+01
1.650284385681152344e+01
1.636343955993652344e+01
1.624204063415527344e+01
1.593585777282714844e+01
1.589320087432861328e+01
1.590423679351806641e+01
1.588143062591552734e+01
1.581945323944091797e+01
1.580478668212890625e+01
1.589292621612548828e+01
1.598786354064941406e+01
1.585088920593261719e+01
1.570674896240234375e+01
1.567854595184326172e+01
1.568462276458740234e+01
1.569179439544677734e+01
1.568952369689941406e+01
1.567536830902099609e+01
1.565604686737060547e+01
1.564295482635498047e+01
1.564089965820312500e+01
1.564420032501220703e+01
1.564007377624511719e+01
1.563711738586425781e+01
1.563395309448242188e+01
1.563054847717285156e+01
1.562679100036621094e+01
1.561922550201416016e+01
1.561587715148925781e+01
1.566416835784912109e+01
1.567284774780273438e+01
1.564661026000976562e+01
1.567630195617675781e+01
1.571823501586914062e+01
1.568367099761962891e+01
1.568820285797119141e+01
1.567068004608154297e+01
1.564002037048339844e+01
1.563111400604248047e+01
1.563325023651123047e+01
1.564645576477050781e+01
1.563408851623535156e+01
1.562032127380371094e+01
1.562013339996337891e+01
1.563280773162841797e+01
1.562386322021484375e+01
1.561373805999755859e+01
1.560908699035644531e+01
1.560000133514404297e+01
1.559831523895263672e+01
1.560467338562011719e+01
1.560498142242431641e+01
1.560199928283691406e+01
1.559604549407958984e+01
1.558466148376464844e+01
1.557924270629882812e+01
1.557662200927734375e+01
1.557048702239990234e+01
1.556521606445312500e+01
1.555800914764404297e+01
1.555006790161132812e+01
1.554668617248535156e+01
1.554037666320800781e+01
1.553401374816894531e+01
1.553168678283691406e+01
1.552882766723632812e+01
1.552723693847656250e+01
1.552507495880126953e+01
1.552340602874755859e+01
1.552059459686279297e+01
1.552253913879394531e+01
1.551955032348632812e+01
1.552026557922363281e+01
1.553753471374511719e+01
1.552059459686279297e+01
1.552453136444091797e+01
1.553227138519287109e+01
1.553393268585205078e+01
1.553037738800048828e+01
1.552351951599121094e+01
1.551728916168212891e+01
1.551236057281494141e+01
1.550363731384277344e+01
1.550065612792968750e+01
1.550032615661621094e+01
1.549961376190185547e+01
1.549573516845703125e+01
1.549358081817626953e+01
1.549131965637207031e+01
1.548947238922119141e+01
1.548644924163818359e+01
1.548564529418945312e+01
1.548502254486083984e+01
1.548634529113769531e+01
1.548464965820312500e+01
1.548257446289062500e+01
1.548235225677490234e+01
1.547995376586914062e+01
1.547968292236328125e+01
1.548243618011474609e+01
1.548524570465087891e+01
1.548198604583740234e+01
1.548188686370849609e+01
1.548105716705322266e+01
1.548423290252685547e+01
1.549025154113769531e+01
1.548054409027099609e+01
1.549290370941162109e+01
1.550371742248535156e+01
1.548628616333007812e+01
1.548582839965820312e+01
1.550230789184570312e+01
1.549308776855468750e+01
1.548064994812011719e+01
1.547797393798828125e+01
1.548423385620117188e+01
1.548599720001220703e+01
1.548643112182617188e+01
1.548376560211181641e+01
1.547949600219726562e+01
1.549326992034912109e+01
1.549730777740478516e+01
1.547977542877197266e+01
1.548602771759033203e+01
1.550281620025634766e+01
1.549545764923095703e+01
1.547462844848632812e+01
1.548024177551269531e+01
1.547814083099365234e+01
1.547518253326416016e+01
1.547722530364990234e+01
1.547471332550048828e+01
1.547108745574951172e+01
1.546767330169677734e+01
1.547229385375976562e+01
1.547171211242675781e+01
1.546349620819091797e+01
1.546255588531494141e+01
1.548092746734619141e+01
1.547047805786132812e+01
1.546206665039062500e+01
1.546072292327880859e+01
1.546096038818359375e+01
1.545852851867675781e+01
1.545818519592285156e+01
1.545660018920898438e+01
1.545324230194091797e+01
1.545261383056640625e+01
1.545159053802490234e+01
1.545127391815185547e+01
1.545179080963134766e+01
1.544858169555664062e+01
1.544779491424560547e+01
1.544581794738769531e+01
1.544867420196533203e+01
1.544849014282226562e+01
1.544361305236816406e+01
1.544153404235839844e+01
1.544027614593505859e+01
1.544245529174804688e+01
1.544075775146484375e+01
1.543713760375976562e+01
1.543609905242919922e+01
1.543475151062011719e+01
1.544821929931640625e+01
1.544369316101074219e+01
1.543271923065185547e+01
1.542973136901855469e+01
1.543390369415283203e+01
1.542807674407958984e+01
1.542684650421142578e+01
1.542908954620361328e+01
1.542413902282714844e+01
1.542241287231445312e+01
1.541865730285644531e+01
1.541752433776855469e+01
1.541608619689941406e+01
1.541620922088623047e+01
1.541136837005615234e+01
1.541027736663818359e+01
1.540811252593994141e+01
1.540745925903320312e+01
1.540647411346435547e+01
1.540431880950927734e+01
1.540104484558105469e+01
1.539930725097656250e+01
1.539760208129882812e+01
1.539510917663574219e+01
1.539178562164306641e+01
1.538939571380615234e+01
1.538736629486083984e+01
1.538557052612304688e+01
1.538381385803222656e+01
1.538166141510009766e+01
1.537936115264892578e+01
1.537758541107177734e+01
1.537568664550781250e+01
1.537372779846191406e+01
1.537176036834716797e+01
1.536939525604248047e+01
1.536712741851806641e+01
1.536490058898925781e+01
1.536252689361572266e+01
1.536012649536132812e+01
1.535808753967285156e+01
1.535628986358642578e+01
1.535423278808593750e+01
1.535277652740478516e+01
1.535223197937011719e+01
1.534901618957519531e+01
1.535243797302246094e+01
1.534834861755371094e+01
1.533926391601562500e+01
1.533945465087890625e+01
1.533806324005126953e+01
1.533548450469970703e+01
1.532796955108642578e+01
1.532761859893798828e+01
1.532658672332763672e+01
1.532450389862060547e+01
1.532087135314941406e+01
1.531850528717041016e+01
1.531541156768798828e+01
1.531412410736083984e+01
1.531232261657714844e+01
1.531081485748291016e+01
1.531056404113769531e+01
1.530362033843994141e+01
1.530062770843505859e+01
1.530006790161132812e+01
1.529554653167724609e+01
1.529292488098144531e+01
1.529095077514648438e+01
1.528811645507812500e+01
1.529069328308105469e+01
1.528313255310058594e+01
1.528023052215576172e+01
1.528020381927490234e+01
1.527670383453369141e+01
1.527412700653076172e+01
1.527111148834228516e+01
1.526774597167968750e+01
1.526521587371826172e+01
1.526528453826904297e+01
1.527224540710449219e+01
1.526806926727294922e+01
1.526003551483154297e+01
1.525357246398925781e+01
1.524782657623291016e+01
1.524774456024169922e+01
1.524444198608398438e+01
1.524877834320068359e+01
1.526247978210449219e+01
1.526244640350341797e+01
1.524188327789306641e+01
1.524091529846191406e+01
1.525018405914306641e+01
1.524223995208740234e+01
1.523694610595703125e+01
1.522663784027099609e+01
1.522637557983398438e+01
1.523213958740234375e+01
1.521610641479492188e+01
1.521045970916748047e+01
1.521490192413330078e+01
1.521101284027099609e+01
1.520324516296386719e+01
1.519597530364990234e+01
1.519651699066162109e+01
1.519884300231933594e+01
1.519278430938720703e+01
1.518782806396484375e+01
1.518752574920654297e+01
1.518695259094238281e+01
1.518517684936523438e+01
1.518199157714843750e+01
1.517831420898437500e+01
1.517833423614501953e+01
1.518292713165283203e+01
1.517245292663574219e+01
1.517607116699218750e+01
1.517254543304443359e+01
1.516507148742675781e+01
1.516286468505859375e+01
1.516167354583740234e+01
1.516332721710205078e+01
1.516148757934570312e+01
1.515849018096923828e+01
1.515702629089355469e+01
1.516308116912841797e+01
1.515539073944091797e+01
1.515546035766601562e+01
1.515168380737304688e+01
1.515074539184570312e+01
1.515019702911376953e+01
1.514931392669677734e+01
1.514538955688476562e+01
1.514287471771240234e+01
1.514052486419677734e+01
1.513923072814941406e+01
1.514201641082763672e+01
1.513685798645019531e+01
1.513529968261718750e+01
1.513330936431884766e+01
1.513564777374267578e+01
1.513373947143554688e+01
1.512785243988037109e+01
1.512737464904785156e+01
1.512700176239013672e+01
1.512923717498779297e+01
1.512696933746337891e+01
1.512307262420654297e+01
1.512296009063720703e+01
1.512199306488037109e+01
1.512093162536621094e+01
1.511940860748291016e+01
1.511862564086914062e+01
1.511768817901611328e+01
1.511752033233642578e+01
1.511600208282470703e+01
1.511746215820312500e+01
1.511435127258300781e+01
1.510988712310791016e+01
1.511023807525634766e+01
1.511260795593261719e+01
1.511019611358642578e+01
1.510789012908935547e+01
1.510471343994140625e+01
1.510748577117919922e+01
1.510751819610595703e+01
1.510349178314208984e+01
1.510189247131347656e+01
1.510221385955810547e+01
1.510056209564208984e+01
1.509864330291748047e+01
1.509794235229492188e+01
1.510133552551269531e+01
1.509965896606445312e+01
1.509960556030273438e+01
1.509640884399414062e+01
1.509469032287597656e+01
1.509367942810058594e+01
1.509451293945312500e+01
1.509327125549316406e+01
1.509238433837890625e+01
1.509115123748779297e+01
1.509160804748535156e+01
1.508960151672363281e+01
1.508783245086669922e+01
1.508709812164306641e+01
1.508743476867675781e+01
1.508693313598632812e+01
1.508720016479492188e+01
1.508679103851318359e+01
1.508526039123535156e+01
1.508411216735839844e+01
1.508319664001464844e+01
1.508323574066162109e+01
1.508299160003662109e+01
1.508402347564697266e+01
1.508201122283935547e+01
1.508301162719726562e+01
1.508155727386474609e+01
1.507790470123291016e+01
1.508096790313720703e+01
1.507955837249755859e+01
1.507758712768554688e+01
1.507860660552978516e+01
1.507632446289062500e+01
1.507700157165527344e+01
1.507685279846191406e+01
1.507382869720458984e+01
1.507311439514160156e+01
1.507300662994384766e+01
1.507474803924560547e+01
1.507390117645263672e+01
1.507456111907958984e+01
1.507171726226806641e+01
1.507359218597412109e+01
1.507386302947998047e+01
1.507177639007568359e+01
1.507126331329345703e+01
1.507444286346435547e+01
1.506901454925537109e+01
1.507621955871582031e+01
1.507125282287597656e+01
1.506990623474121094e+01
1.507211875915527344e+01
1.506798076629638672e+01
1.507038307189941406e+01
1.506703090667724609e+01
1.506722927093505859e+01
1.506769275665283203e+01
1.506684780120849609e+01
1.506536483764648438e+01
1.506348228454589844e+01
1.506670665740966797e+01
1.506477928161621094e+01
1.506408882141113281e+01
1.506303977966308594e+01
1.506326103210449219e+01
1.506372642517089844e+01
1.506443977355957031e+01
1.506313610076904297e+01
1.506417655944824219e+01
1.506364822387695312e+01
1.506264114379882812e+01
1.506408882141113281e+01
1.506134510040283203e+01
1.506302738189697266e+01
1.506202697753906250e+01
1.506202030181884766e+01
1.506112384796142578e+01
1.505922794342041016e+01
1.505928039550781250e+01
1.506033802032470703e+01
1.505916404724121094e+01
1.506011581420898438e+01
1.505750656127929688e+01
1.505886650085449219e+01
1.505866622924804688e+01
1.505825138092041016e+01
1.505775070190429688e+01
1.505879116058349609e+01
1.505983734130859375e+01
1.505735301971435547e+01
1.505727291107177734e+01
1.505689239501953125e+01
1.505663108825683594e+01
1.505628681182861328e+01
1.505793952941894531e+01
1.505604743957519531e+01
1.505711078643798828e+01
1.505757236480712891e+01
1.505833244323730469e+01
1.505744171142578125e+01
1.505537509918212891e+01
1.505443000793457031e+01
1.505419254302978516e+01
1.505569362640380859e+01
1.505720615386962891e+01
1.505737781524658203e+01
1.505488491058349609e+01
1.505562782287597656e+01
1.505524158477783203e+01
1.505424690246582031e+01
1.505452537536621094e+01
1.505607509613037109e+01
1.505586814880371094e+01
1.505397987365722656e+01
1.505401897430419922e+01
1.505278587341308594e+01
1.505301094055175781e+01
1.505272579193115234e+01
1.505255889892578125e+01
1.505252456665039062e+01
1.505315685272216797e+01
1.505304241180419922e+01
1.505305099487304688e+01
1.505255126953125000e+01
1.505308437347412109e+01
1.505218791961669922e+01
1.505285167694091797e+01
1.505233669281005859e+01
1.505354213714599609e+01
1.505386066436767578e+01
1.505220603942871094e+01
1.505242538452148438e+01
1.505279159545898438e+01
1.505235195159912109e+01
1.505179309844970703e+01
1.505147552490234375e+01
1.505181980133056641e+01
1.505274295806884766e+01
1.505196666717529297e+01
1.505137157440185547e+01
1.505163860321044922e+01
1.505258274078369141e+01
1.505195522308349609e+01
1.505269145965576172e+01
1.505135917663574219e+01
1.505407905578613281e+01
1.505371093750000000e+01
1.505323505401611328e+01
1.505383682250976562e+01
1.505196857452392578e+01
1.505350208282470703e+01
1.505322742462158203e+01
1.505239868164062500e+01
1.505131912231445312e+01
1.505129528045654297e+01
1.505127716064453125e+01
1.505092716217041016e+01
1.505122089385986328e+01
1.505102539062500000e+01
1.505072879791259766e+01
1.505118656158447266e+01
1.505075645446777344e+01
1.505048465728759766e+01
1.504982376098632812e+01
1.504975795745849609e+01
1.505019474029541016e+01
1.505094051361083984e+01
1.505190849304199219e+01
1.505075836181640625e+01
1.505096530914306641e+01
1.505075645446777344e+01
1.504994297027587891e+01
1.505045318603515625e+01
1.505028343200683594e+01
1.505081176757812500e+01
1.505113601684570312e+01
1.505110931396484375e+01
1.505140304565429688e+01
1.505220794677734375e+01
1.505170440673828125e+01
1.505215930938720703e+01
1.505331325531005859e+01
1.505349540710449219e+01
1.505444717407226562e+01
1.505276584625244141e+01
1.505322647094726562e+01
1.505468082427978516e+01
1.505463218688964844e+01
1.505310058593750000e+01
1.505332088470458984e+01
1.505599021911621094e+01
1.505424118041992188e+01
1.505473327636718750e+01
1.505261230468750000e+01
1.505442142486572266e+01
1.505340671539306641e+01
1.505527877807617188e+01
1.505470943450927734e+01
1.505550384521484375e+01
1.505548191070556641e+01
1.505742168426513672e+01
1.505972194671630859e+01
1.505954551696777344e+01
1.506041240692138672e+01
1.506135845184326172e+01
1.506345176696777344e+01
1.506507873535156250e+01
1.506516075134277344e+01
1.506485462188720703e+01
1.506629657745361328e+01
1.506223773956298828e+01
1.506245040893554688e+01
1.506187629699707031e+01
1.506229496002197266e+01
1.506152153015136719e+01
1.506037616729736328e+01
1.505976200103759766e+01
1.505943012237548828e+01
1.505923461914062500e+01
1.505947875976562500e+01
1.505976772308349609e+01
1.505966186523437500e+01
1.506066226959228516e+01
1.506128501892089844e+01
1.506063747406005859e+01
1.505927658081054688e+01
1.505974769592285156e+01
1.505938529968261719e+01
1.506057834625244141e+01
1.505945873260498047e+01
1.505876731872558594e+01
1.505897712707519531e+01
1.505827713012695312e+01
1.505764961242675781e+01
1.505728054046630859e+01
1.505804443359375000e+01
1.505762767791748047e+01
1.505876636505126953e+01
1.505935001373291016e+01
1.505774211883544922e+01
1.505821609497070312e+01
1.505743026733398438e+01
1.505818271636962891e+01
1.505823993682861328e+01
1.505760192871093750e+01
1.505716133117675781e+01
1.505720424652099609e+01
1.505750751495361328e+01
1.505753326416015625e+01
1.505722141265869141e+01
1.505654716491699219e+01
1.505689525604248047e+01
1.505820465087890625e+01
1.505632495880126953e+01
1.505406188964843750e+01
1.505440330505371094e+01
1.505428123474121094e+01
1.505635261535644531e+01
1.505731582641601562e+01
1.505569267272949219e+01
1.505494022369384766e+01
1.505501365661621094e+01
1.505499839782714844e+01
1.505502033233642578e+01
1.505682182312011719e+01
1.505601215362548828e+01
1.505601215362548828e+01
1.505584239959716797e+01
1.505589294433593750e+01
1.505619144439697266e+01
1.505522632598876953e+01
1.505492782592773438e+01
1.505463886260986328e+01
1.505476570129394531e+01
1.505374813079833984e+01
1.505393314361572266e+01
1.505387878417968750e+01
1.505377292633056641e+01
1.505330657958984375e+01
1.505346679687500000e+01
1.505398750305175781e+01
1.505261802673339844e+01
1.505165100097656250e+01
1.505160617828369141e+01
1.505211830139160156e+01
1.505296134948730469e+01
1.505477809906005859e+01
1.505364990234375000e+01
1.505588436126708984e+01
1.505178833007812500e+01
1.505285835266113281e+01
1.505167388916015625e+01
1.505286884307861328e+01
1.505328559875488281e+01
1.505340862274169922e+01
1.505408287048339844e+01
1.505329418182373047e+01
1.505237865447998047e+01
1.505201339721679688e+01
1.505178165435791016e+01
1.505177688598632812e+01
1.505237197875976562e+01
1.505245685577392578e+01
1.505244350433349609e+01
1.505194664001464844e+01
1.505239677429199219e+01
1.505197715759277344e+01
1.505064010620117188e+01
1.505010128021240234e+01
1.505041217803955078e+01
1.505113124847412109e+01
1.505193710327148438e+01
1.505189704895019531e+01
1.505175971984863281e+01
1.505185985565185547e+01
1.505221652984619141e+01
1.505225467681884766e+01
1.505175781250000000e+01
1.505138015747070312e+01
1.505180358886718750e+01
1.505302715301513672e+01
1.505102157592773438e+01
1.505004024505615234e+01
1.504985523223876953e+01
1.505277633666992188e+01
1.505184841156005859e+01
1.505003070831298828e+01
1.504917049407958984e+01
1.504917716979980469e+01
1.504952812194824219e+01
1.504507637023925781e+01
1.499485683441162109e+01
1.499338150024414062e+01
1.499264907836914062e+01
1.499170303344726562e+01
1.499007225036621094e+01
1.498954296112060547e+01
1.498974037170410156e+01
1.499061584472656250e+01
1.499164581298828125e+01
1.499287796020507812e+01
1.499233150482177734e+01
1.499297714233398438e+01
1.499231243133544922e+01
1.499295234680175781e+01
1.499387073516845703e+01
1.499308395385742188e+01
1.499382305145263672e+01
1.499494647979736328e+01
1.499550628662109375e+01
1.499597549438476562e+01
1.499606132507324219e+01
1.499508571624755859e+01
1.499504756927490234e+01
1.499559879302978516e+01
1.499663257598876953e+01
1.499616432189941406e+01
1.499559020996093750e+01
1.499538516998291016e+01
1.499586868286132812e+01
1.499720287322998047e+01
1.499701213836669922e+01
1.499758911132812500e+01
1.499789333343505859e+01
1.499919128417968750e+01
1.499889278411865234e+01
1.499828815460205078e+01
1.499777126312255859e+01
1.499779796600341797e+01
1.499854755401611328e+01
1.500002861022949219e+01
1.500028038024902344e+01
1.499970722198486328e+01
1.499962902069091797e+01
1.500183677673339844e+01
1.499904537200927734e+01
1.500059032440185547e+01
1.499949932098388672e+01
1.500099754333496094e+01
1.500064945220947266e+01
1.500088024139404297e+01
1.500052738189697266e+01
1.500033950805664062e+01
1.499966526031494141e+01
1.500004291534423828e+01
1.500042438507080078e+01
1.500203227996826172e+01
1.500227451324462891e+01
1.500286674499511719e+01
1.500242996215820312e+01
1.500419425964355469e+01
1.500428485870361328e+01
1.500186634063720703e+01
1.500180053710937500e+01
1.500114727020263672e+01
1.500292491912841797e+01
1.500204181671142578e+01
1.500251483917236328e+01
1.500256347656250000e+01
1.500272846221923828e+01
1.500330543518066406e+01
1.500494098663330078e+01
1.500305652618408203e+01
1.500303363800048828e+01
1.500231552124023438e+01
1.500434970855712891e+01
1.500322532653808594e+01
1.500474548339843750e+01
1.500409317016601562e+01
1.500660228729248047e+01
1.500386905670166016e+01
1.500425910949707031e+01
1.500387096405029297e+01
1.500438308715820312e+01
1.500432777404785156e+01
1.500437831878662109e+01
1.500485610961914062e+01
1.500391769409179688e+01
1.500381278991699219e+01
1.500567722320556641e+01
1.500432014465332031e+01
1.500740146636962891e+01
1.500465774536132812e+01
1.500833129882812500e+01
1.500413703918457031e+01
1.500488281250000000e+01
1.500403404235839844e+01
1.500624370574951172e+01
1.500499343872070312e+01
1.500580978393554688e+01
1.500668430328369141e+01
1.500546836853027344e+01
1.500509166717529297e+01
1.500505733489990234e+01
1.500483989715576172e+01
1.500563049316406250e+01
1.502120780944824219e+01
1.501253509521484375e+01
1.501139831542968750e+01
1.501323223114013672e+01
1.501424598693847656e+01
1.501517391204833984e+01
1.501516914367675781e+01
1.501563072204589844e+01
1.501581096649169922e+01
1.501599979400634766e+01
1.501907348632812500e+01
1.501635074615478516e+01
1.501778411865234375e+01
1.501699161529541016e+01
1.501516056060791016e+01
1.501375389099121094e+01
1.501405715942382812e+01
1.501412200927734375e+01
1.501360893249511719e+01
1.501755809783935547e+01
1.501353645324707031e+01
1.501534080505371094e+01
1.501565361022949219e+01
1.501403808593750000e+01
1.501669406890869141e+01
1.501461124420166016e+01
1.501710224151611328e+01
1.501424598693847656e+01
1.501369380950927734e+01
1.501519203186035156e+01
1.501383495330810547e+01
1.501407623291015625e+01
1.501455688476562500e+01
1.501445007324218750e+01
1.501519870758056641e+01
1.501447963714599609e+01
1.501501941680908203e+01
1.501333713531494141e+01
1.501339244842529297e+01
1.501317691802978516e+01
1.501285266876220703e+01
1.501325321197509766e+01
1.501382923126220703e+01
1.501337432861328125e+01
1.501473236083984375e+01
1.501443290710449219e+01
1.501747131347656250e+01
1.501401233673095703e+01
1.502004146575927734e+01
1.501377391815185547e+01
1.501604080200195312e+01
1.501516151428222656e+01
1.501445960998535156e+01
1.501469230651855469e+01
1.501396179199218750e+01
1.501520729064941406e+01
1.501391983032226562e+01
1.501352787017822266e+01
1.501560211181640625e+01
1.501478290557861328e+01
1.501341438293457031e+01
1.501898670196533203e+01
1.501320266723632812e+01
1.501379394531250000e+01
1.501838588714599609e+01
1.501506996154785156e+01
1.501815605163574219e+01
1.502084350585937500e+01
1.501590442657470703e+01
1.501849174499511719e+01
1.501433467864990234e+01
1.501600170135498047e+01
1.501519870758056641e+01
1.501458358764648438e+01
1.501447296142578125e+01
1.501426219940185547e+01
1.501746177673339844e+01
1.501514720916748047e+01
1.501645278930664062e+01
1.501650714874267578e+01
1.501598834991455078e+01
1.502058696746826172e+01
1.501449489593505859e+01
1.502288913726806641e+01
1.501480197906494141e+01
1.501845455169677734e+01
1.501857852935791016e+01
1.501611709594726562e+01
1.502216529846191406e+01
1.501468276977539062e+01
1.502242469787597656e+01
1.501584720611572266e+01
1.501546478271484375e+01
1.501664066314697266e+01
1.501406192779541016e+01
1.501530075073242188e+01
1.501520729064941406e+01
1.501462841033935547e+01
1.501496315002441406e+01
1.501538848876953125e+01
1.501492118835449219e+01
1.501401329040527344e+01
1.501358890533447266e+01
1.501368236541748047e+01
1.501446533203125000e+01
1.501367568969726562e+01
1.501395320892333984e+01
1.501477432250976562e+01
1.501495361328125000e+01
1.501454448699951172e+01
1.501586723327636719e+01
1.501645946502685547e+01
1.501471519470214844e+01
1.501685714721679688e+01
1.501404857635498047e+01
1.501418113708496094e+01
1.501511192321777344e+01
1.501589202880859375e+01
1.501471233367919922e+01
1.501634407043457031e+01
1.501507186889648438e+01
1.501533412933349609e+01
1.501523590087890625e+01
1.501466083526611328e+01
1.501525306701660156e+01
1.501474857330322266e+01
1.501535701751708984e+01
1.501649856567382812e+01
1.501546287536621094e+01
1.502016067504882812e+01
1.502093601226806641e+01
1.501540946960449219e+01
1.502522850036621094e+01
1.501557445526123047e+01
1.502440071105957031e+01
1.501725578308105469e+01
1.502232074737548828e+01
1.501088333129882812e+01
1.501693439483642578e+01
1.501075077056884766e+01
1.501410007476806641e+01
1.501312446594238281e+01
1.500842380523681641e+01
1.501702308654785156e+01
1.500726795196533203e+01
1.501460647583007812e+01
1.501385021209716797e+01
1.501285648345947266e+01
1.500840663909912109e+01
1.500696372985839844e+01
1.500740146636962891e+01
1.500905704498291016e+01
1.501002788543701172e+01
1.501338958740234375e+01
1.500742626190185547e+01
