4.081922531127929688e+01
4.032321929931640625e+01
3.976095962524414062e+01
3.914430618286132812e+01
3.849784469604492188e+01
3.775512313842773438e+01
3.689802932739257812e+01
3.596841049194335938e+01
3.505004501342773438e+01
3.408087158203125000e+01
3.312842941284179688e+01
3.218688201904296875e+01
3.125993537902832031e+01
3.035666656494140625e+01
2.949445915222167969e+01
2.867863655090332031e+01
2.792196273803710938e+01
2.722394561767578125e+01
2.661371803283691406e+01
2.608146667480468750e+01
2.562748146057128906e+01
2.524916648864746094e+01
2.494150161743164062e+01
2.469781875610351562e+01
2.451059341430664062e+01
2.437220954895019531e+01
2.427547264099121094e+01
2.421385383605957031e+01
2.418155860900878906e+01
2.417342376708984375e+01
2.418479537963867188e+01
2.421141624450683594e+01
2.424936294555664062e+01
2.429502677917480469e+01
2.434516716003417969e+01
2.439692878723144531e+01
2.444790649414062500e+01
2.449616241455078125e+01
2.454023742675781250e+01
2.457912254333496094e+01
2.461224746704101562e+01
2.463938522338867188e+01
2.466063308715820312e+01
2.467630958557128906e+01
2.468691253662109375e+01
2.469305992126464844e+01
2.469542694091796875e+01
2.469470024108886719e+01
2.469156646728515625e+01
2.468665313720703125e+01
2.468054008483886719e+01
2.467373085021972656e+01
2.466664886474609375e+01
2.465965080261230469e+01
2.465300369262695312e+01
2.464691543579101562e+01
2.464152526855468750e+01
2.463691329956054688e+01
2.463312339782714844e+01
2.463014602661132812e+01
2.462795066833496094e+01
2.462648391723632812e+01
2.462566947937011719e+01
2.462542915344238281e+01
2.462566947937011719e+01
2.462630653381347656e+01
2.462725448608398438e+01
2.462844085693359375e+01
2.462978553771972656e+01
2.463124275207519531e+01
2.463274955749511719e+01
2.463426971435546875e+01
2.463577651977539062e+01
2.463724327087402344e+01
2.463866615295410156e+01
2.464006042480468750e+01
2.464150810241699219e+01
2.464327430725097656e+01
2.464661026000976562e+01
2.465950965881347656e+01
2.468433570861816406e+01
2.470883941650390625e+01
2.470732307434082031e+01
2.469005012512207031e+01
2.467102050781250000e+01
2.465184402465820312e+01
2.463336372375488281e+01
2.461636543273925781e+01
2.460138702392578125e+01
2.458872795104980469e+01
2.457849502563476562e+01
2.457064628601074219e+01
2.456503677368164062e+01
2.456146240234375000e+01
2.455967140197753906e+01
2.455938720703125000e+01
2.456033325195312500e+01
2.456223869323730469e+01
2.456484031677246094e+01
2.456790542602539062e+01
2.457122611999511719e+01
2.457462310791015625e+01
2.457794189453125000e+01
2.458107185363769531e+01
2.458392143249511719e+01
2.458643150329589844e+01
2.458856773376464844e+01
2.459031295776367188e+01
2.459166908264160156e+01
2.459265708923339844e+01
2.459330749511718750e+01
2.459365272521972656e+01
2.459373664855957031e+01
2.459360885620117188e+01
2.459330368041992188e+01
2.459286689758300781e+01
2.459233856201171875e+01
2.459175491333007812e+01
2.459114265441894531e+01
2.459052658081054688e+01
2.458992576599121094e+01
2.458935737609863281e+01
2.458882713317871094e+01
2.458834457397460938e+01
2.458790969848632812e+01
2.458751869201660156e+01
2.458717155456542969e+01
2.458686637878417969e+01
2.458658981323242188e+01
2.458633804321289062e+01
2.458610725402832031e+01
2.458588600158691406e+01
2.458566665649414062e+01
2.458544921875000000e+01
2.458522796630859375e+01
2.458499336242675781e+01
2.458474922180175781e+01
2.458448982238769531e+01
2.458422088623046875e+01
2.458394813537597656e+01
2.458367538452148438e+01
2.458341217041015625e+01
2.458318328857421875e+01
2.458301544189453125e+01
2.458294677734375000e+01
2.458301925659179688e+01
2.458328628540039062e+01
2.458376693725585938e+01
2.458445358276367188e+01
2.458527565002441406e+01
2.458611106872558594e+01
2.458681678771972656e+01
2.458727264404296875e+01
2.458739280700683594e+01
2.458715820312500000e+01
2.458660697937011719e+01
2.458582878112792969e+01
2.458492279052734375e+01
2.458400344848632812e+01
2.458315849304199219e+01
2.458244132995605469e+01
2.458185577392578125e+01
2.458138084411621094e+01
2.458097267150878906e+01
2.458059310913085938e+01
2.458021354675292969e+01
2.457981872558593750e+01
2.457942390441894531e+01
2.457904052734375000e+01
2.457869529724121094e+01
2.457839584350585938e+01
2.457816123962402344e+01
2.457798385620117188e+01
2.457785987854003906e+01
2.457779312133789062e+01
2.457786560058593750e+01
2.457873725891113281e+01
2.458069038391113281e+01
2.457918167114257812e+01
2.457854652404785156e+01
2.457816123962402344e+01
2.457774353027343750e+01
2.457777976989746094e+01
2.458009910583496094e+01
2.458508300781250000e+01
2.458129119873046875e+01
2.457834434509277344e+01
2.457690811157226562e+01
2.457627105712890625e+01
2.457269859313964844e+01
2.455986404418945312e+01
2.455118942260742188e+01
2.454891204833984375e+01
2.454864692687988281e+01
2.454771804809570312e+01
2.454594230651855469e+01
2.454328536987304688e+01
2.456789970397949219e+01
2.453268432617187500e+01
2.452316284179687500e+01
2.451655006408691406e+01
2.451370239257812500e+01
2.451245689392089844e+01
2.451299858093261719e+01
2.451353836059570312e+01
2.450989341735839844e+01
2.450375747680664062e+01
2.449629974365234375e+01
2.448866844177246094e+01
2.448187637329101562e+01
2.447637367248535156e+01
2.447260475158691406e+01
2.454943656921386719e+01
2.455226516723632812e+01
2.455009460449218750e+01
2.453534507751464844e+01
2.451955032348632812e+01
2.450522232055664062e+01
2.448765945434570312e+01
2.446470832824707031e+01
2.443324851989746094e+01
2.439028167724609375e+01
2.432924079895019531e+01
2.432226562500000000e+01
2.433307266235351562e+01
2.437005615234375000e+01
2.436694145202636719e+01
2.434951972961425781e+01
2.435140800476074219e+01
2.436654663085937500e+01
2.437995338439941406e+01
2.436862182617187500e+01
2.435802268981933594e+01
2.436011314392089844e+01
2.437060737609863281e+01
2.437183189392089844e+01
2.436452102661132812e+01
2.436227607727050781e+01
2.436585426330566406e+01
2.436665153503417969e+01
2.435853958129882812e+01
2.434927940368652344e+01
2.434542846679687500e+01
2.434436988830566406e+01
2.433979797363281250e+01
2.433278083801269531e+01
2.432820320129394531e+01
2.432587242126464844e+01
2.432180595397949219e+01
2.431526947021484375e+01
2.430989456176757812e+01
2.430715560913085938e+01
2.430473518371582031e+01
2.430090332031250000e+01
2.429715156555175781e+01
2.429477310180664062e+01
2.429266738891601562e+01
2.428954505920410156e+01
2.428620338439941406e+01
2.428387260437011719e+01
2.428216743469238281e+01
2.428002548217773438e+01
2.427753639221191406e+01
2.427543258666992188e+01
2.427364158630371094e+01
2.427151679992675781e+01
2.426904869079589844e+01
2.426679039001464844e+01
2.426486968994140625e+01
2.426287078857421875e+01
2.426064491271972656e+01
2.425845909118652344e+01
2.425644302368164062e+01
2.425437164306640625e+01
2.425212287902832031e+01
2.424988365173339844e+01
2.424779510498046875e+01
2.424575996398925781e+01
2.424365425109863281e+01
2.424153709411621094e+01
2.423950958251953125e+01
2.423752403259277344e+01
2.423549461364746094e+01
2.423344993591308594e+01
2.423147392272949219e+01
2.422955894470214844e+01
2.422765159606933594e+01
2.422573852539062500e+01
2.422386550903320312e+01
2.422203826904296875e+01
2.422021675109863281e+01
2.421839141845703125e+01
2.421658515930175781e+01
2.421482086181640625e+01
2.421307754516601562e+01
2.421133422851562500e+01
2.420960807800292969e+01
2.420791053771972656e+01
2.420622634887695312e+01
2.420454597473144531e+01
2.420287513732910156e+01
2.420122337341308594e+01
2.419959259033203125e+01
2.419796752929687500e+01
2.419635581970214844e+01
2.419475555419921875e+01
2.419317245483398438e+01
2.419159889221191406e+01
2.419003677368164062e+01
2.418847846984863281e+01
2.418694305419921875e+01
2.418541526794433594e+01
2.418389892578125000e+01
2.418239212036132812e+01
2.418089866638183594e+01
2.417941856384277344e+01
2.417794799804687500e+01
2.417648696899414062e+01
2.417503929138183594e+01
2.417360115051269531e+01
2.417217063903808594e+01
2.417075347900390625e+01
2.416934394836425781e+01
2.416794586181640625e+01
2.416656303405761719e+01
2.416518592834472656e+01
2.416381645202636719e+01
2.416245841979980469e+01
2.416110992431640625e+01
2.415976905822753906e+01
2.415843963623046875e+01
2.415711975097656250e+01
2.415580940246582031e+01
2.415451049804687500e+01
2.415321540832519531e+01
2.415193367004394531e+01
2.415065956115722656e+01
2.414939117431640625e+01
2.414813804626464844e+01
2.414689064025878906e+01
2.414564895629882812e+01
2.414442062377929688e+01
2.414319801330566406e+01
2.414198493957519531e+01
2.414077949523925781e+01
2.413958358764648438e+01
2.413839530944824219e+01
2.413721466064453125e+01
2.413604736328125000e+01
2.413488388061523438e+01
2.413372802734375000e+01
2.413258361816406250e+01
2.413144493103027344e+01
2.413031768798828125e+01
2.412919616699218750e+01
2.412808227539062500e+01
2.412697601318359375e+01
2.412587928771972656e+01
2.412479019165039062e+01
2.412371253967285156e+01
2.412263679504394531e+01
2.412157440185546875e+01
2.412051582336425781e+01
2.411946868896484375e+01
2.411842918395996094e+01
2.411739730834960938e+01
2.411637115478515625e+01
2.411535835266113281e+01
2.411434745788574219e+01
2.411334609985351562e+01
2.411235237121582031e+01
2.411137008666992188e+01
2.411039352416992188e+01
2.410942649841308594e+01
2.410846519470214844e+01
2.410751342773437500e+01
2.410657119750976562e+01
2.410563850402832031e+01
2.410470962524414062e+01
2.410379219055175781e+01
2.410288238525390625e+01
2.410198211669921875e+01
2.410109138488769531e+01
2.410021018981933594e+01
2.409933853149414062e+01
2.409847640991210938e+01
2.409762191772460938e+01
2.409677886962890625e+01
2.409594535827636719e+01
2.409512519836425781e+01
2.409431076049804688e+01
2.409350967407226562e+01
2.409271430969238281e+01
2.409192085266113281e+01
2.409110260009765625e+01
2.409013938903808594e+01
2.408755111694335938e+01
2.405893516540527344e+01
2.405201148986816406e+01
2.405447387695312500e+01
2.405734825134277344e+01
2.406006431579589844e+01
2.406227684020996094e+01
2.406373405456542969e+01
2.406425094604492188e+01
2.406374359130859375e+01
2.406234359741210938e+01
2.406054687500000000e+01
2.405909538269042969e+01
2.405804061889648438e+01
2.405669975280761719e+01
2.405456542968750000e+01
2.405164527893066406e+01
2.404831504821777344e+01
2.404515838623046875e+01
2.404265022277832031e+01
2.404073333740234375e+01
2.403903198242187500e+01
2.403730583190917969e+01
2.403559875488281250e+01
2.403413772583007812e+01
2.403316116333007812e+01
2.403268432617187500e+01
2.403249168395996094e+01
2.403231620788574219e+01
2.403205490112304688e+01
2.403175544738769531e+01
2.403153228759765625e+01
2.403141593933105469e+01
2.403130722045898438e+01
2.403106307983398438e+01
2.403063392639160156e+01
2.403008079528808594e+01
2.402949714660644531e+01
2.402893829345703125e+01
2.402836418151855469e+01
2.402771949768066406e+01
2.402700805664062500e+01
2.402627372741699219e+01
2.402558517456054688e+01
2.402494239807128906e+01
2.402432060241699219e+01
2.402369117736816406e+01
2.402304649353027344e+01
2.402242279052734375e+01
2.402183723449707031e+01
2.402127456665039062e+01
2.402071952819824219e+01
2.402015113830566406e+01
2.401958656311035156e+01
2.401903724670410156e+01
2.401851272583007812e+01
2.401799774169921875e+01
2.401747894287109375e+01
2.401696014404296875e+01
2.401645469665527344e+01
2.401596450805664062e+01
2.401548194885253906e+01
2.401500129699707031e+01
2.401451492309570312e+01
2.401403617858886719e+01
2.401356506347656250e+01
2.401309394836425781e+01
2.401262283325195312e+01
2.401215171813964844e+01
2.401167869567871094e+01
2.401121330261230469e+01
2.401075363159179688e+01
2.401029396057128906e+01
2.400983619689941406e+01
2.400938415527343750e+01
2.400893783569335938e+01
2.400849533081054688e+01
2.400805854797363281e+01
2.400762557983398438e+01
2.400719642639160156e+01
2.400677490234375000e+01
2.400635528564453125e+01
2.400594139099121094e+01
2.400552749633789062e+01
2.400512313842773438e+01
2.400471687316894531e+01
2.400431823730468750e+01
2.400392532348632812e+01
2.400353431701660156e+01
2.400314140319824219e+01
2.400275993347167969e+01
2.400238227844238281e+01
2.400200080871582031e+01
2.400162887573242188e+01
2.400125694274902344e+01
2.400089263916015625e+01
2.400052833557128906e+01
2.400016593933105469e+01
2.399980926513671875e+01
2.399945640563964844e+01
2.399910354614257812e+01
2.399875831604003906e+01
2.399841308593750000e+01
2.399807548522949219e+01
2.399773979187011719e+01
2.399740600585937500e+01
2.399707984924316406e+01
2.399675941467285156e+01
2.399644088745117188e+01
2.399612998962402344e+01
2.399583053588867188e+01
2.399553680419921875e+01
2.399525451660156250e+01
2.399498367309570312e+01
2.399472808837890625e+01
2.399449539184570312e+01
2.399429512023925781e+01
2.399413299560546875e+01
2.399402427673339844e+01
2.399400520324707031e+01
2.399411773681640625e+01
2.399445915222167969e+01
2.399520111083984375e+01
2.399649047851562500e+01
2.399779510498046875e+01
2.399926376342773438e+01
2.400381660461425781e+01
2.400852966308593750e+01
2.400877189636230469e+01
2.400589561462402344e+01
2.400674247741699219e+01
2.400992774963378906e+01
2.401045989990234375e+01
2.400953483581542969e+01
2.400696182250976562e+01
2.400213050842285156e+01
2.399554824829101562e+01
2.399732208251953125e+01
2.400562286376953125e+01
2.401083183288574219e+01
2.401329612731933594e+01
2.401302528381347656e+01
2.401013565063476562e+01
2.400520515441894531e+01
2.399931144714355469e+01
2.399369049072265625e+01
2.398914718627929688e+01
2.398581504821777344e+01
2.398336982727050781e+01
2.398138236999511719e+01
2.397961425781250000e+01
2.398440361022949219e+01
2.399342727661132812e+01
2.399930381774902344e+01
2.400242233276367188e+01
2.400324249267578125e+01
2.400201034545898438e+01
2.399881744384765625e+01
2.399922180175781250e+01
2.400230026245117188e+01
2.400259780883789062e+01
2.400097846984863281e+01
2.400181961059570312e+01
2.400373458862304688e+01
2.400263023376464844e+01
2.400055313110351562e+01
2.400128364562988281e+01
2.400242042541503906e+01
2.400027084350585938e+01
2.399754142761230469e+01
2.399804496765136719e+01
2.399891853332519531e+01
2.399649047851562500e+01
2.399359512329101562e+01
2.399437713623046875e+01
2.399571228027343750e+01
2.399348640441894531e+01
2.399022865295410156e+01
2.399197769165039062e+01
2.399549484252929688e+01
2.399486541748046875e+01
2.399105644226074219e+01
2.398595619201660156e+01
2.399024772644042969e+01
2.400092697143554688e+01
2.400703811645507812e+01
2.400910758972167969e+01
2.400770568847656250e+01
2.400336074829101562e+01
2.399676513671875000e+01
2.398905181884765625e+01
2.398143386840820312e+01
2.397465705871582031e+01
2.396886444091796875e+01
2.396375846862792969e+01
2.395928573608398438e+01
2.396688842773437500e+01
2.398411750793457031e+01
2.399777030944824219e+01
2.400694847106933594e+01
2.401145744323730469e+01
2.401156044006347656e+01
2.400788116455078125e+01
2.400148391723632812e+01
2.399378204345703125e+01
2.398601531982421875e+01
2.397896957397460938e+01
2.397303009033203125e+01
2.396844482421875000e+01
2.396539688110351562e+01
2.396388816833496094e+01
2.396367454528808594e+01
2.396427154541015625e+01
2.396498680114746094e+01
2.396830177307128906e+01
2.397647285461425781e+01
2.398528099060058594e+01
2.399109268188476562e+01
2.399418640136718750e+01
2.399719619750976562e+01
2.400436592102050781e+01
2.401210021972656250e+01
2.401504898071289062e+01
2.401465415954589844e+01
2.401355361938476562e+01
2.401730537414550781e+01
2.402397346496582031e+01
2.402899169921875000e+01
2.403195571899414062e+01
2.403025436401367188e+01
2.402344703674316406e+01
2.401353073120117188e+01
2.400319290161132812e+01
2.399323463439941406e+01
2.399098014831542969e+01
2.399386024475097656e+01
2.399333763122558594e+01
2.398925399780273438e+01
2.399121284484863281e+01
2.399680519104003906e+01
2.399713706970214844e+01
2.399488830566406250e+01
2.399154090881347656e+01
2.398718452453613281e+01
2.398082923889160156e+01
2.398003196716308594e+01
2.398244285583496094e+01
2.397960853576660156e+01
2.397481155395507812e+01
2.397539329528808594e+01
2.397652816772460938e+01
2.396990394592285156e+01
2.395561218261718750e+01
2.393375968933105469e+01
2.390869712829589844e+01
2.389687156677246094e+01
2.389450645446777344e+01
2.388638687133789062e+01
2.387346649169921875e+01
2.385785293579101562e+01
2.384197425842285156e+01
2.382779693603515625e+01
2.381648254394531250e+01
2.380832481384277344e+01
2.380304527282714844e+01
2.380009841918945312e+01
2.379897880554199219e+01
2.379927444458007812e+01
2.380060195922851562e+01
2.380235862731933594e+01
2.380883598327636719e+01
2.381814193725585938e+01
2.382521247863769531e+01
2.383032417297363281e+01
2.383360290527343750e+01
2.383531188964843750e+01
2.383572006225585938e+01
2.383499145507812500e+01
2.383335685729980469e+01
2.383689498901367188e+01
2.384447288513183594e+01
2.384929656982421875e+01
2.385082626342773438e+01
2.384912490844726562e+01
2.384483909606933594e+01
2.383893013000488281e+01
2.383243751525878906e+01
2.382627487182617188e+01
2.382101821899414062e+01
2.381688499450683594e+01
2.381366539001464844e+01
2.381118011474609375e+01
2.380943679809570312e+01
2.380840301513671875e+01
2.380801582336425781e+01
2.380822563171386719e+01
2.380898666381835938e+01
2.381019210815429688e+01
2.381167221069335938e+01
2.381321716308593750e+01
2.381452560424804688e+01
2.381602478027343750e+01
2.382175827026367188e+01
2.383028030395507812e+01
2.383634376525878906e+01
2.383934402465820312e+01
2.383923721313476562e+01
2.383647537231445312e+01
2.383186340332031250e+01
2.382636642456054688e+01
2.382088661193847656e+01
2.381601905822753906e+01
2.381198883056640625e+01
2.380877494812011719e+01
2.380626869201660156e+01
2.380438613891601562e+01
2.380308914184570312e+01
2.380235481262207031e+01
2.380213928222656250e+01
2.380239105224609375e+01
2.380307006835937500e+01
2.380408287048339844e+01
2.380531692504882812e+01
2.380664634704589844e+01
2.380794334411621094e+01
2.380907630920410156e+01
2.380993652343750000e+01
2.381042671203613281e+01
2.381044578552246094e+01
2.380985450744628906e+01
2.381092453002929688e+01
2.381292343139648438e+01
2.381340026855468750e+01
2.381248855590820312e+01
2.381088447570800781e+01
2.381241798400878906e+01
2.381619262695312500e+01
2.381815528869628906e+01
2.381799125671386719e+01
2.381587409973144531e+01
2.381210136413574219e+01
2.332519531250000000e+01
2.246964263916015625e+01
2.161893653869628906e+01
2.093400382995605469e+01
2.047001838684082031e+01
2.021055603027343750e+01
2.009640884399414062e+01
2.006273651123046875e+01
2.006437683105468750e+01
2.008250236511230469e+01
2.011402893066406250e+01
2.016381645202636719e+01
2.023164558410644531e+01
2.031018829345703125e+01
2.038805770874023438e+01
2.045471382141113281e+01
2.050030136108398438e+01
2.052149009704589844e+01
2.052105903625488281e+01
2.050057029724121094e+01
2.046516990661621094e+01
2.042218971252441406e+01
2.038827705383300781e+01
2.032848548889160156e+01
1.973642158508300781e+01
1.871829986572265625e+01
1.766186714172363281e+01
1.674959754943847656e+01
1.605596923828125000e+01
1.558718299865722656e+01
1.536598587036132812e+01
1.534609508514404297e+01
1.536610794067382812e+01
1.532968997955322266e+01
1.537203788757324219e+01
1.529177665710449219e+01
1.518255424499511719e+01
1.515434265136718750e+01
1.513569545745849609e+01
1.498558139801025391e+01
1.488132858276367188e+01
1.480912303924560547e+01
1.476146793365478516e+01
1.473318481445312500e+01
1.472218322753906250e+01
1.472448635101318359e+01
1.473287296295166016e+01
1.474150276184082031e+01
1.474781036376953125e+01
1.475113201141357422e+01
1.475174140930175781e+01
1.475042819976806641e+01
1.474803543090820312e+01
1.474517631530761719e+01
1.474219512939453125e+01
1.473926544189453125e+01
1.473647594451904297e+01
1.473386001586914062e+01
1.473142528533935547e+01
1.472922801971435547e+01
1.472758674621582031e+01
1.472738552093505859e+01
1.472931289672851562e+01
1.473249816894531250e+01
1.473517799377441406e+01
1.473624229431152344e+01
1.473549175262451172e+01
1.473334789276123047e+01
1.473061561584472656e+01
1.472823619842529297e+01
1.472679519653320312e+01
1.472613906860351562e+01
1.472567367553710938e+01
1.472493553161621094e+01
1.472379016876220703e+01
1.472236442565917969e+01
1.472090816497802734e+01
1.471969509124755859e+01
1.471889400482177734e+01
1.471848011016845703e+01
1.471827030181884766e+01
1.471805477142333984e+01
1.471771240234375000e+01
1.471722984313964844e+01
1.471667098999023438e+01
1.471614265441894531e+01
1.471575260162353516e+01
1.471558094024658203e+01
1.471564579010009766e+01
1.471588802337646484e+01
1.471617984771728516e+01
1.471640110015869141e+01
1.471647644042968750e+01
1.471638774871826172e+01
1.471615982055664062e+01
1.471584320068359375e+01
1.471546745300292969e+01
1.471503734588623047e+01
1.471459007263183594e+01
1.471419048309326172e+01
1.471388244628906250e+01
1.471366500854492188e+01
1.471350288391113281e+01
1.471337318420410156e+01
1.471328258514404297e+01
1.471325778961181641e+01
1.471330261230468750e+01
1.471339416503906250e+01
1.471348953247070312e+01
1.471357250213623047e+01
1.471364116668701172e+01
1.471370124816894531e+01
1.471374702453613281e+01
1.471376991271972656e+01
1.471376705169677734e+01
1.471375465393066406e+01
1.471373558044433594e+01
1.471371078491210938e+01
1.471367168426513672e+01
1.471362400054931641e+01
1.471356678009033203e+01
1.471351242065429688e+01
1.471345424652099609e+01
1.471339130401611328e+01
1.471332550048828125e+01
1.471325969696044922e+01
1.471319103240966797e+01
1.471311855316162109e+01
1.471303653717041016e+01
1.471294975280761719e+01
1.471285915374755859e+01
1.471276664733886719e+01
1.471267318725585938e+01
1.471258068084716797e+01
1.471249294281005859e+01
1.471241092681884766e+01
1.471233558654785156e+01
1.471226978302001953e+01
1.471221160888671875e+01
1.471216297149658203e+01
1.471212387084960938e+01
1.471209430694580078e+01
1.471207141876220703e+01
1.471205806732177734e+01
1.471204853057861328e+01
1.471204662322998047e+01
1.471204662322998047e+01
1.471204757690429688e+01
1.471205139160156250e+01
1.471205520629882812e+01
1.471205806732177734e+01
1.471205902099609375e+01
1.471205711364746094e+01
1.471205139160156250e+01
1.471204376220703125e+01
1.471203041076660156e+01
1.471201229095458984e+01
1.471198940277099609e+01
1.471195983886718750e+01
1.471192359924316406e+01
1.471188068389892578e+01
1.471183013916015625e+01
1.471177291870117188e+01
1.471170616149902344e+01
1.471163177490234375e+01
1.471154785156250000e+01
1.471145725250244141e+01
1.471135711669921875e+01
1.471124935150146484e+01
1.471113395690917969e+01
1.471101284027099609e+01
1.471088409423828125e+01
1.471074867248535156e+01
1.471061038970947266e+01
1.471046638488769531e+01
1.471032047271728516e+01
1.471017265319824219e+01
1.471002292633056641e+01
1.470987033843994141e+01
1.470971870422363281e+01
1.470956707000732422e+01
1.470941734313964844e+01
1.470926666259765625e+01
1.470911979675292969e+01
1.470897579193115234e+01
1.470883178710937500e+01
1.470869255065917969e+01
1.470855426788330078e+01
1.470841884613037109e+01
1.470828819274902344e+01
1.470815753936767578e+01
1.470803165435791016e+01
1.470790767669677734e+01
1.470778751373291016e+01
1.470766735076904297e+01
1.470755100250244141e+01
1.470743656158447266e+01
1.470732402801513672e+01
1.470721340179443359e+01
1.470710468292236328e+01
1.470699501037597656e+01
1.470688819885253906e+01
1.470678138732910156e+01
1.470667457580566406e+01
1.470656681060791016e+01
1.470645904541015625e+01
1.470635128021240234e+01
1.470624160766601562e+01
1.470613098144531250e+01
1.470601844787597656e+01
1.470590496063232422e+01
1.470578670501708984e+01
1.470566654205322266e+01
1.470554733276367188e+01
1.470542430877685547e+01
1.470529842376708984e+01
1.470516490936279297e+01
1.470502567291259766e+01
1.470488643646240234e+01
1.470474529266357422e+01
1.470460033416748047e+01
1.470445251464843750e+01
1.470430088043212891e+01
1.470414257049560547e+01
1.470398139953613281e+01
1.470381927490234375e+01
1.470365524291992188e+01
1.470349216461181641e+01
1.470332145690917969e+01
1.470315074920654297e+01
1.470296955108642578e+01
1.470279598236083984e+01
1.470260620117187500e+01
1.470244216918945312e+01
1.470225048065185547e+01
1.470209217071533203e+01
1.470192146301269531e+01
1.470172309875488281e+01
1.470157527923583984e+01
1.470136833190917969e+01
1.428295516967773438e+01
1.351878070831298828e+01
1.270397567749023438e+01
1.204367160797119141e+01
1.162045001983642578e+01
1.143408584594726562e+01
1.142153453826904297e+01
1.148899841308593750e+01
1.155450439453125000e+01
1.157639503479003906e+01
1.155354022979736328e+01
1.150763034820556641e+01
1.146380138397216797e+01
1.143864727020263672e+01
1.143653392791748047e+01
1.145176124572753906e+01
1.147342586517333984e+01
1.149092197418212891e+01
1.149773406982421875e+01
1.149268627166748047e+01
1.147881984710693359e+01
1.146094226837158203e+01
1.144355964660644531e+01
