3.115811157226562500e+01
3.071762847900390625e+01
3.028112602233886719e+01
2.983050537109375000e+01
2.932712936401367188e+01
2.876958084106445312e+01
2.816044616699218750e+01
2.746537399291992188e+01
2.671193313598632812e+01
2.591581726074218750e+01
2.508320999145507812e+01
2.422970008850097656e+01
2.336415100097656250e+01
2.250372314453125000e+01
2.166565132141113281e+01
2.085064315795898438e+01
2.009769248962402344e+01
1.941268157958984375e+01
1.884236717224121094e+01
1.840684700012207031e+01
1.808359909057617188e+01
1.785607719421386719e+01
1.772216033935546875e+01
1.766861152648925781e+01
1.765373420715332031e+01
1.765304756164550781e+01
1.766563987731933594e+01
1.766956138610839844e+01
1.766242980957031250e+01
1.764455986022949219e+01
1.761927986145019531e+01
1.759297180175781250e+01
1.757284355163574219e+01
1.755763244628906250e+01
1.754753494262695312e+01
1.754146575927734375e+01
1.753775978088378906e+01
1.753475761413574219e+01
1.753120231628417969e+01
1.752643013000488281e+01
1.752035522460937500e+01
1.751333427429199219e+01
1.750594902038574219e+01
1.749865531921386719e+01
1.748865127563476562e+01
1.738200759887695312e+01
1.738002395629882812e+01
1.737896156311035156e+01
1.737844467163085938e+01
1.737821006774902344e+01
1.737807273864746094e+01
1.737794876098632812e+01
1.737782287597656250e+01
1.737772750854492188e+01
1.737770652770996094e+01
1.737779426574707031e+01
1.737799263000488281e+01
1.737827682495117188e+01
1.737860298156738281e+01
1.737893486022949219e+01
1.737922477722167969e+01
1.737944984436035156e+01
1.737959480285644531e+01
1.737965774536132812e+01
1.737964439392089844e+01
1.737955665588378906e+01
1.737939643859863281e+01
1.737915039062500000e+01
1.737879562377929688e+01
1.737829589843750000e+01
1.737766647338867188e+01
1.737721061706542969e+01
1.737759780883789062e+01
1.737792968750000000e+01
1.737702369689941406e+01
1.737635803222656250e+01
1.737619972229003906e+01
1.737611770629882812e+01
1.737597656250000000e+01
1.737583732604980469e+01
1.737585830688476562e+01
1.737604713439941406e+01
1.737607765197753906e+01
1.737589454650878906e+01
1.737577056884765625e+01
1.737575149536132812e+01
1.737575912475585938e+01
1.737577629089355469e+01
1.737583160400390625e+01
1.737590217590332031e+01
1.737590217590332031e+01
1.737582206726074219e+01
1.737573242187500000e+01
1.737566757202148438e+01
1.737562561035156250e+01
1.737559890747070312e+01
1.737560272216796875e+01
1.737559890747070312e+01
1.737553787231445312e+01
1.737544250488281250e+01
1.737534713745117188e+01
1.737527275085449219e+01
1.737521934509277344e+01
1.737518310546875000e+01
1.737514877319335938e+01
1.737509918212890625e+01
1.737503623962402344e+01
1.737497520446777344e+01
1.737492561340332031e+01
1.737489128112792969e+01
1.737486457824707031e+01
1.737483406066894531e+01
1.737479209899902344e+01
1.737473869323730469e+01
1.737468719482421875e+01
1.737463760375976562e+01
1.737459564208984375e+01
1.737455558776855469e+01
1.737451171875000000e+01
1.737446594238281250e+01
1.737441635131835938e+01
1.737436866760253906e+01
1.737432670593261719e+01
1.737429046630859375e+01
1.737425422668457031e+01
1.737421607971191406e+01
1.737417602539062500e+01
1.737413406372070312e+01
1.737409400939941406e+01
1.737405395507812500e+01
1.737401390075683594e+01
1.737397003173828125e+01
1.737392425537109375e+01
1.737387466430664062e+01
1.737382888793945312e+01
1.737378311157226562e+01
1.737373542785644531e+01
1.737368965148925781e+01
1.737364006042480469e+01
1.737359237670898438e+01
1.737354660034179688e+01
1.737349891662597656e+01
1.737345504760742188e+01
1.737341117858886719e+01
1.737336349487304688e+01
1.737331962585449219e+01
1.737327575683593750e+01
1.737322998046875000e+01
1.737318611145019531e+01
1.737314224243164062e+01
1.737309646606445312e+01
1.736993598937988281e+01
1.735457801818847656e+01
1.732871246337890625e+01
1.733193016052246094e+01
1.733464050292968750e+01
1.732036972045898438e+01
1.732957649230957031e+01
1.734301948547363281e+01
1.732620811462402344e+01
1.731809997558593750e+01
1.732142829895019531e+01
1.737140655517578125e+01
1.732171630859375000e+01
1.731616973876953125e+01
1.731522750854492188e+01
1.731939697265625000e+01
1.731689453125000000e+01
1.730983924865722656e+01
1.730862998962402344e+01
1.731073570251464844e+01
1.731534957885742188e+01
1.731311798095703125e+01
1.731621932983398438e+01
1.731870460510253906e+01
1.730990219116210938e+01
1.732898902893066406e+01
1.733734130859375000e+01
1.733109855651855469e+01
1.732809829711914062e+01
1.732777404785156250e+01
1.733154487609863281e+01
1.733036804199218750e+01
1.732649421691894531e+01
1.732340621948242188e+01
1.732544326782226562e+01
1.734955596923828125e+01
1.734931564331054688e+01
1.735210609436035156e+01
1.734796714782714844e+01
1.732074165344238281e+01
1.731936073303222656e+01
1.731846427917480469e+01
1.731789016723632812e+01
1.731703376770019531e+01
1.731673240661621094e+01
1.731567573547363281e+01
1.731451606750488281e+01
1.731440544128417969e+01
1.731370925903320312e+01
1.731296730041503906e+01
1.731223487854003906e+01
1.731172752380371094e+01
1.731187820434570312e+01
1.731118583679199219e+01
1.731116676330566406e+01
1.731072425842285156e+01
1.730995559692382812e+01
1.730927467346191406e+01
1.731096458435058594e+01
1.730916023254394531e+01
1.730939292907714844e+01
1.730904579162597656e+01
1.729952621459960938e+01
1.696994781494140625e+01
1.641939163208007812e+01
1.577131271362304688e+01
1.517406082153320312e+01
1.471657657623291016e+01
1.444571208953857422e+01
1.436210441589355469e+01
1.439771652221679688e+01
1.447481250762939453e+01
1.452908706665039062e+01
1.453543949127197266e+01
1.450343132019042969e+01
1.445731544494628906e+01
1.441438293457031250e+01
1.437658786773681641e+01
1.434823226928710938e+01
1.432797813415527344e+01
1.431631660461425781e+01
1.431313705444335938e+01
1.431610488891601562e+01
1.432137203216552734e+01
1.432607173919677734e+01
1.432501411437988281e+01
1.432050323486328125e+01
1.414661979675292969e+01
1.370621490478515625e+01
1.320903396606445312e+01
1.279428863525390625e+01
1.252226066589355469e+01
1.240820217132568359e+01
1.242484474182128906e+01
1.251230907440185547e+01
1.260484123229980469e+01
1.264842033386230469e+01
1.264393901824951172e+01
1.260430717468261719e+01
1.255243301391601562e+01
1.250285625457763672e+01
1.246130847930908203e+01
1.243019104003906250e+01
1.241027545928955078e+01
1.240058517456054688e+01
1.239894104003906250e+01
1.240202045440673828e+01
1.240919208526611328e+01
1.240740203857421875e+01
1.240601158142089844e+01
1.240243816375732422e+01
1.239867973327636719e+01
1.239783191680908203e+01
1.239693927764892578e+01
1.239883422851562500e+01
1.240115642547607422e+01
1.240304088592529297e+01
1.240547180175781250e+01
1.240743350982666016e+01
1.240837478637695312e+01
1.240841484069824219e+01
1.240766239166259766e+01
1.240621662139892578e+01
1.240399169921875000e+01
1.240174484252929688e+01
1.239966964721679688e+01
1.239794921875000000e+01
1.239653110504150391e+01
1.239555454254150391e+01
1.239499759674072266e+01
1.239475440979003906e+01
1.239476776123046875e+01
1.239492797851562500e+01
1.239515209197998047e+01
1.239528274536132812e+01
1.239531803131103516e+01
1.239523220062255859e+01
1.239506816864013672e+01
1.239481830596923828e+01
1.239453411102294922e+01
1.239420413970947266e+01
1.239385986328125000e+01
1.239347743988037109e+01
1.239311981201171875e+01
1.239273452758789062e+01
1.239240550994873047e+01
1.239200496673583984e+01
1.239169120788574219e+01
1.239122104644775391e+01
1.239093971252441406e+01
1.239040279388427734e+01
1.239019298553466797e+01
1.238969707489013672e+01
1.238943481445312500e+01
1.238917922973632812e+01
1.238891983032226562e+01
1.238886642456054688e+01
1.238856029510498047e+01
1.238848972320556641e+01
1.238816261291503906e+01
1.238800811767578125e+01
1.238764953613281250e+01
1.238747024536132812e+01
1.238709068298339844e+01
1.238691616058349609e+01
1.238650894165039062e+01
1.238632297515869141e+01
1.238592433929443359e+01
1.238571166992187500e+01
1.238542461395263672e+01
1.238518905639648438e+01
1.238500785827636719e+01
1.238474655151367188e+01
1.238457202911376953e+01
1.238430213928222656e+01
1.238410186767578125e+01
1.238385105133056641e+01
1.238363552093505859e+01
1.238340854644775391e+01
1.238317489624023438e+01
1.238296604156494141e+01
1.238271236419677734e+01
1.238252925872802734e+01
1.238225460052490234e+01
1.238211631774902344e+01
1.238179969787597656e+01
1.238171482086181641e+01
1.238133621215820312e+01
1.238127517700195312e+01
1.238089942932128906e+01
1.238074684143066406e+01
1.238056468963623047e+01
1.238035488128662109e+01
1.238033771514892578e+01
1.238008403778076172e+01
1.238008689880371094e+01
1.237999629974365234e+01
1.238217067718505859e+01
1.238809967041015625e+01
1.237945556640625000e+01
1.238186359405517578e+01
1.238010311126708984e+01
1.237611484527587891e+01
1.237401866912841797e+01
1.237282085418701172e+01
1.237186336517333984e+01
1.237103557586669922e+01
1.237080764770507812e+01
1.237063789367675781e+01
1.237006282806396484e+01
1.236941432952880859e+01
1.236795711517333984e+01
1.236688995361328125e+01
1.236723804473876953e+01
1.236559581756591797e+01
1.236419677734375000e+01
1.236589908599853516e+01
1.236337280273437500e+01
1.236595916748046875e+01
1.236274528503417969e+01
1.236345958709716797e+01
1.236217498779296875e+01
1.236280059814453125e+01
1.236195659637451172e+01
1.236119747161865234e+01
1.238644599914550781e+01
1.247322177886962891e+01
1.246402740478515625e+01
1.245030212402343750e+01
1.245600509643554688e+01
1.245430946350097656e+01
1.244511222839355469e+01
1.243924713134765625e+01
1.243759727478027344e+01
1.243891239166259766e+01
1.243897819519042969e+01
1.244161128997802734e+01
1.244287395477294922e+01
1.244244194030761719e+01
1.244339275360107422e+01
1.244124317169189453e+01
1.244170951843261719e+01
1.244021320343017578e+01
1.243941497802734375e+01
1.244209766387939453e+01
1.243891811370849609e+01
1.243959999084472656e+01
1.243976211547851562e+01
1.243976211547851562e+01
1.244119071960449219e+01
1.244091224670410156e+01
1.244111442565917969e+01
1.243992614746093750e+01
1.244352912902832031e+01
1.243936252593994141e+01
1.243980598449707031e+01
1.243960094451904297e+01
1.243899154663085938e+01
1.244129180908203125e+01
1.243945217132568359e+01
1.243983078002929688e+01
1.243920135498046875e+01
1.244191169738769531e+01
1.243926811218261719e+01
1.243976211547851562e+01
1.243953514099121094e+01
1.243971061706542969e+01
1.243943881988525391e+01
1.243947696685791016e+01
1.243909549713134766e+01
1.243911075592041016e+01
1.243970489501953125e+01
1.243947315216064453e+01
1.243914318084716797e+01
1.243971538543701172e+01
1.243981838226318359e+01
1.243977737426757812e+01
1.249785041809082031e+01
1.253695678710937500e+01
1.253912448883056641e+01
1.251161861419677734e+01
1.248314094543457031e+01
1.250688171386718750e+01
1.252712249755859375e+01
1.250234985351562500e+01
1.246082496643066406e+01
1.243947124481201172e+01
1.245985889434814453e+01
1.243762779235839844e+01
1.245261096954345703e+01
1.246184635162353516e+01
1.246334362030029297e+01
1.245540618896484375e+01
1.244609451293945312e+01
1.244193553924560547e+01
1.243970203399658203e+01
1.243834018707275391e+01
1.243809700012207031e+01
1.243840980529785156e+01
1.243971061706542969e+01
1.244217300415039062e+01
1.244528865814208984e+01
1.244623088836669922e+01
1.244716262817382812e+01
1.244753932952880859e+01
1.244628810882568359e+01
1.244509315490722656e+01
1.244417381286621094e+01
1.244290065765380859e+01
1.244199943542480469e+01
1.244167995452880859e+01
1.244119930267333984e+01
1.244082260131835938e+01
1.244087982177734375e+01
1.244057941436767578e+01
1.244007778167724609e+01
1.243991279602050781e+01
1.243952751159667969e+01
1.243904685974121094e+01
1.243898105621337891e+01
1.243889999389648438e+01
1.243876552581787109e+01
1.243892955780029297e+01
1.243903541564941406e+01
1.243897438049316406e+01
1.243901634216308594e+01
1.243892955780029297e+01
1.243863964080810547e+01
1.243839263916015625e+01
1.243803596496582031e+01
1.243749046325683594e+01
1.243686103820800781e+01
1.243583965301513672e+01
1.243394088745117188e+01
1.243036365509033203e+01
1.242376804351806641e+01
1.241516113281250000e+01
1.240936565399169922e+01
1.240622901916503906e+01
1.240135288238525391e+01
1.239435386657714844e+01
1.238736534118652344e+01
1.237931537628173828e+01
1.236808967590332031e+01
1.235655689239501953e+01
1.234192943572998047e+01
1.236642265319824219e+01
1.233067417144775391e+01
1.232738208770751953e+01
1.232308292388916016e+01
1.231870841979980469e+01
1.231625556945800781e+01
1.231577014923095703e+01
1.231510066986083984e+01
1.232081604003906250e+01
1.232055091857910156e+01
1.231870651245117188e+01
1.231778526306152344e+01
1.231241035461425781e+01
1.230253314971923828e+01
1.230130100250244141e+01
1.231683158874511719e+01
1.232362937927246094e+01
1.234587287902832031e+01
1.236210823059082031e+01
1.232200813293457031e+01
1.230461406707763672e+01
1.230530929565429688e+01
1.230681896209716797e+01
1.231421184539794922e+01
1.231375026702880859e+01
1.231367492675781250e+01
1.231356048583984375e+01
1.232124328613281250e+01
1.232204246520996094e+01
1.231799507141113281e+01
1.231997585296630859e+01
1.232452678680419922e+01
1.232310771942138672e+01
1.232069015502929688e+01
1.231865882873535156e+01
1.231569194793701172e+01
1.231521129608154297e+01
1.231269550323486328e+01
1.231446456909179688e+01
1.230817890167236328e+01
1.230608081817626953e+01
1.230348873138427734e+01
1.230644607543945312e+01
1.231040763854980469e+01
1.230956077575683594e+01
1.230588436126708984e+01
1.230180072784423828e+01
1.229860496520996094e+01
1.229580974578857422e+01
1.229304885864257812e+01
1.229096126556396484e+01
1.228898620605468750e+01
1.228609657287597656e+01
1.228241825103759766e+01
1.227869606018066406e+01
1.227580642700195312e+01
1.227423286437988281e+01
1.227330017089843750e+01
1.227289390563964844e+01
1.227445125579833984e+01
1.227646064758300781e+01
1.227512931823730469e+01
1.227128028869628906e+01
1.226620006561279297e+01
1.226450824737548828e+01
1.226470661163330078e+01
1.226515007019042969e+01
1.226332283020019531e+01
1.226080703735351562e+01
1.225916194915771484e+01
1.225835418701171875e+01
1.225860786437988281e+01
1.226042175292968750e+01
1.226080417633056641e+01
1.225911903381347656e+01
1.225657844543457031e+01
1.225374698638916016e+01
1.225051784515380859e+01
1.224917507171630859e+01
1.224883842468261719e+01
1.224880123138427734e+01
1.224775505065917969e+01
1.224600124359130859e+01
1.224430084228515625e+01
1.224294471740722656e+01
1.224193382263183594e+01
1.224112987518310547e+01
1.224021053314208984e+01
1.223899173736572266e+01
1.223769283294677734e+01
1.223650169372558594e+01
1.223544883728027344e+01
1.223447513580322266e+01
1.223343849182128906e+01
1.223220634460449219e+01
1.223077011108398438e+01
1.222924518585205078e+01
1.222776603698730469e+01
1.222644233703613281e+01
1.222526454925537109e+01
1.222409725189208984e+01
1.222283458709716797e+01
1.222148990631103516e+01
1.222016811370849609e+01
1.221894073486328125e+01
1.221776676177978516e+01
1.221653747558593750e+01
1.221522712707519531e+01
1.221390628814697266e+01
1.221262645721435547e+01
1.221134185791015625e+01
1.220999526977539062e+01
1.220859432220458984e+01
1.220720672607421875e+01
1.220585536956787109e+01
1.220451354980468750e+01
1.220315456390380859e+01
1.220178413391113281e+01
1.220041847229003906e+01
1.219906044006347656e+01
1.219770431518554688e+01
1.219634246826171875e+01
1.219498538970947266e+01
1.219364356994628906e+01
1.219230842590332031e+01
1.219095897674560547e+01
1.218958759307861328e+01
1.218819141387939453e+01
1.218678188323974609e+01
1.218536186218261719e+01
1.218393135070800781e+01
1.218250465393066406e+01
1.218108749389648438e+01
1.217967700958251953e+01
1.217825794219970703e+01
1.217683315277099609e+01
1.217544174194335938e+01
1.217408275604248047e+01
1.217271137237548828e+01
1.217128944396972656e+01
1.216984462738037109e+01
1.216840076446533203e+01
1.216694641113281250e+01
1.216543292999267578e+01
1.216388702392578125e+01
1.216235065460205078e+01
1.216075897216796875e+01
1.215920925140380859e+01
1.215760231018066406e+01
1.215598678588867188e+01
1.215436744689941406e+01
1.215274810791015625e+01
1.215106296539306641e+01
1.214936828613281250e+01
1.214763927459716797e+01
1.214585971832275391e+01
1.214403057098388672e+01
1.214216041564941406e+01
1.214020919799804688e+01
1.213820552825927734e+01
1.213616180419921875e+01
1.213402080535888672e+01
1.213182926177978516e+01
1.212958145141601562e+01
1.212723731994628906e+01
1.212484455108642578e+01
1.212242984771728516e+01
1.211997604370117188e+01
1.211737632751464844e+01
1.211448383331298828e+01
1.211138057708740234e+01
1.210833358764648438e+01
1.210537624359130859e+01
1.210248088836669922e+01
1.209957122802734375e+01
1.209683132171630859e+01
1.209443378448486328e+01
1.209233665466308594e+01
1.209039020538330078e+01
1.208851623535156250e+01
1.208672714233398438e+01
1.208503627777099609e+01
1.208343982696533203e+01
1.208189010620117188e+01
1.208030509948730469e+01
1.207865238189697266e+01
1.207703113555908203e+01
1.207542419433593750e+01
1.207375907897949219e+01
1.207203960418701172e+01
1.207088947296142578e+01
1.207112312316894531e+01
1.206923675537109375e+01
1.206613063812255859e+01
1.207221412658691406e+01
1.206888008117675781e+01
1.207195758819580078e+01
1.207032775878906250e+01
1.206758308410644531e+01
1.206504535675048828e+01
1.206070041656494141e+01
1.205529308319091797e+01
1.205594730377197266e+01
1.205640888214111328e+01
1.205183792114257812e+01
1.204718017578125000e+01
1.204628086090087891e+01
1.204688072204589844e+01
1.204450321197509766e+01
1.204013633728027344e+01
1.203797531127929688e+01
1.203669071197509766e+01
1.203400135040283203e+01
1.203153419494628906e+01
1.202940559387207031e+01
1.202739238739013672e+01
1.202531433105468750e+01
1.202340412139892578e+01
1.202168846130371094e+01
1.201999092102050781e+01
1.201820659637451172e+01
1.201666069030761719e+01
1.201512050628662109e+01
1.201340770721435547e+01
1.201190471649169922e+01
1.201040554046630859e+01
1.200882816314697266e+01
1.200728130340576172e+01
1.200581073760986328e+01
1.200438594818115234e+01
1.200338459014892578e+01
1.200275135040283203e+01
1.200217628479003906e+01
1.200118350982666016e+01
1.199994564056396484e+01
1.199880981445312500e+01
1.199770355224609375e+01
1.199665832519531250e+01
1.199566268920898438e+01
1.199488162994384766e+01
1.199413871765136719e+01
1.199268913269042969e+01
1.198931407928466797e+01
1.198412799835205078e+01
1.197793292999267578e+01
1.196968078613281250e+01
1.195815181732177734e+01
1.194599151611328125e+01
1.193860244750976562e+01
1.193942737579345703e+01
1.194055747985839844e+01
1.194145011901855469e+01
1.194208717346191406e+01
1.194002151489257812e+01
1.195954608917236328e+01
1.194543838500976562e+01
1.195181179046630859e+01
1.194059276580810547e+01
1.194734668731689453e+01
1.194369029998779297e+01
1.191746425628662109e+01
1.189467906951904297e+01
1.185683917999267578e+01
1.183366394042968750e+01
1.183310794830322266e+01
1.183730792999267578e+01
1.183199214935302734e+01
1.183032131195068359e+01
1.183594036102294922e+01
1.183775424957275391e+01
1.184238719940185547e+01
1.184043025970458984e+01
1.183736228942871094e+01
1.183748149871826172e+01
1.183477878570556641e+01
1.183565139770507812e+01
1.183854007720947266e+01
1.184023666381835938e+01
1.184016609191894531e+01
1.184328365325927734e+01
1.184295558929443359e+01
1.184330749511718750e+01
1.184461116790771484e+01
1.184273433685302734e+01
1.184290885925292969e+01
1.184284210205078125e+01
1.184046745300292969e+01
1.184014225006103516e+01
1.183999443054199219e+01
1.184010124206542969e+01
1.183960628509521484e+01
1.184051322937011719e+01
1.184183788299560547e+01
1.184128379821777344e+01
1.184162235260009766e+01
1.184167194366455078e+01
1.184175205230712891e+01
1.184174823760986328e+01
1.184192848205566406e+01
1.184254550933837891e+01
1.184320449829101562e+01
1.184408950805664062e+01
1.184443092346191406e+01
1.184509944915771484e+01
1.184561347961425781e+01
1.184584140777587891e+01
1.184597015380859375e+01
1.184625816345214844e+01
1.184656429290771484e+01
1.184675788879394531e+01
1.184707736968994141e+01
1.184734535217285156e+01
1.184769725799560547e+01
1.184795761108398438e+01
1.184818077087402344e+01
1.184841156005859375e+01
1.184874629974365234e+01
1.184894466400146484e+01
1.184918689727783203e+01
1.184942913055419922e+01
1.184969711303710938e+01
1.184981632232666016e+01
1.185005378723144531e+01
1.185009574890136719e+01
1.185037422180175781e+01
1.185028743743896484e+01
1.185067367553710938e+01
1.185033512115478516e+01
1.185109043121337891e+01
1.185017681121826172e+01
1.185180091857910156e+01
1.184975051879882812e+01
1.185357475280761719e+01
1.184932422637939453e+01
1.185508823394775391e+01
1.185023784637451172e+01
1.185052490234375000e+01
1.185329246520996094e+01
1.184953212738037109e+01
1.185273361206054688e+01
1.184939956665039062e+01
1.185167503356933594e+01
1.184949493408203125e+01
1.185014343261718750e+01
1.185006046295166016e+01
1.184957599639892578e+01
1.185008525848388672e+01
1.184862136840820312e+01
1.184939670562744141e+01
1.184823322296142578e+01
1.184879016876220703e+01
1.184807968139648438e+01
1.184872341156005859e+01
1.184805297851562500e+01
1.184917163848876953e+01
1.184755134582519531e+01
1.184937477111816406e+01
1.184731769561767578e+01
1.184882164001464844e+01
1.184752273559570312e+01
1.184750652313232422e+01
1.184834957122802734e+01
1.184702014923095703e+01
1.184845066070556641e+01
1.184664344787597656e+01
1.184785842895507812e+01
1.184633827209472656e+01
1.184855175018310547e+01
1.184616756439208984e+01
1.185005474090576172e+01
1.184741783142089844e+01
1.184711265563964844e+01
1.184999656677246094e+01
1.184667587280273438e+01
1.184839057922363281e+01
1.184528541564941406e+01
1.184578704833984375e+01
1.184614658355712891e+01
1.184543704986572266e+01
1.184610557556152344e+01
1.184625911712646484e+01
1.184611892700195312e+01
1.184511375427246094e+01
1.184555244445800781e+01
1.184468746185302734e+01
1.184462738037109375e+01
1.184472560882568359e+01
1.184463596343994141e+01
1.184470081329345703e+01
1.184478664398193359e+01
1.184446907043457031e+01
1.184444427490234375e+01
1.184438037872314453e+01
1.184413242340087891e+01
1.184411907196044922e+01
1.184422016143798828e+01
1.184402370452880859e+01
1.184404373168945312e+01
1.184391021728515625e+01
1.184384918212890625e+01
1.184360313415527344e+01
1.184372425079345703e+01
1.184333419799804688e+01
1.184375572204589844e+01
1.184310817718505859e+01
1.184394168853759766e+01
1.184282207489013672e+01
1.184451484680175781e+01
1.184262752532958984e+01
1.184487628936767578e+01
1.184298992156982422e+01
1.184347629547119141e+01
1.184404850006103516e+01
1.184252643585205078e+01
1.184410572052001953e+01
1.184186267852783203e+01
1.184318733215332031e+01
1.184133815765380859e+01
1.184601497650146484e+01
1.184198570251464844e+01
1.184523487091064453e+01
1.184617900848388672e+01
1.184380245208740234e+01
1.184821128845214844e+01
1.184247875213623047e+01
1.184170436859130859e+01
1.184193706512451172e+01
1.184055042266845703e+01
1.184165287017822266e+01
1.184097003936767578e+01
1.184146404266357422e+01
1.184127330780029297e+01
1.184175682067871094e+01
1.184059429168701172e+01
1.184161186218261719e+01
1.184012794494628906e+01
1.184214019775390625e+01
1.183973503112792969e+01
1.184160614013671875e+01
1.184169101715087891e+01
1.184022140502929688e+01
1.184209346771240234e+01
1.183970260620117188e+01
1.184097480773925781e+01
1.183905220031738281e+01
1.184182739257812500e+01
1.183935642242431641e+01
1.184230804443359375e+01
1.184224796295166016e+01
1.184077453613281250e+01
1.184603977203369141e+01
1.184018611907958984e+01
1.183981132507324219e+01
1.183922386169433594e+01
1.183883094787597656e+01
1.183952426910400391e+01
1.183980464935302734e+01
1.183961486816406250e+01
1.184048461914062500e+01
1.184177589416503906e+01
1.183931064605712891e+01
1.183854293823242188e+01
1.183803844451904297e+01
1.183908176422119141e+01
1.183722972869873047e+01
1.184024333953857422e+01
1.183815860748291016e+01
1.183927440643310547e+01
1.184251689910888672e+01
1.183867359161376953e+01
1.184040927886962891e+01
1.183939933776855469e+01
1.184179210662841797e+01
1.183835029602050781e+01
1.184038734436035156e+01
1.183914089202880859e+01
1.183917236328125000e+01
1.184367370605468750e+01
1.183833122253417969e+01
1.183769035339355469e+01
1.183754825592041016e+01
1.183717155456542969e+01
1.183883094787597656e+01
1.183956050872802734e+01
1.183777046203613281e+01
1.184289550781250000e+01
1.184417343139648438e+01
1.184083271026611328e+01
1.184278774261474609e+01
1.183674621582031250e+01
1.183693790435791016e+01
1.183899497985839844e+01
1.184072017669677734e+01
1.183697414398193359e+01
1.184453964233398438e+01
1.184465217590332031e+01
1.184472560882568359e+01
1.183824443817138672e+01
1.183638858795166016e+01
1.183660697937011719e+01
1.184453868865966797e+01
1.183710956573486328e+01
1.183234596252441406e+01
