4.032781219482421875e+01
3.856285858154296875e+01
3.661405181884765625e+01
3.438830184936523438e+01
3.224465560913085938e+01
3.014811515808105469e+01
2.802369308471679688e+01
2.589946365356445312e+01
2.380087280273437500e+01
2.172762298583984375e+01
1.966681480407714844e+01
1.772632980346679688e+01
1.590121746063232422e+01
1.423857021331787109e+01
1.276261043548583984e+01
1.148055839538574219e+01
1.038653373718261719e+01
9.472946166992187500e+00
8.731651306152343750e+00
8.150010108947753906e+00
7.712986946105957031e+00
7.406895160675048828e+00
7.215352535247802734e+00
7.122860431671142578e+00
7.120426654815673828e+00
7.204078674316406250e+00
7.340315341949462891e+00
7.470134735107421875e+00
7.580825328826904297e+00
7.673090934753417969e+00
7.744375705718994141e+00
7.793339729309082031e+00
7.825122833251953125e+00
7.848290443420410156e+00
7.867355346679687500e+00
7.880856513977050781e+00
7.885130405426025391e+00
7.878971099853515625e+00
7.863174915313720703e+00
7.838399887084960938e+00
7.806177139282226562e+00
7.771245002746582031e+00
7.739465236663818359e+00
7.714079380035400391e+00
7.695333480834960938e+00
7.683193683624267578e+00
7.677643299102783203e+00
7.677120208740234375e+00
7.678827762603759766e+00
7.680877208709716797e+00
7.682763099670410156e+00
7.684173107147216797e+00
7.684590339660644531e+00
7.684165477752685547e+00
7.683717250823974609e+00
7.683630466461181641e+00
7.683574676513671875e+00
7.683292865753173828e+00
7.682816505432128906e+00
7.681933879852294922e+00
7.680171966552734375e+00
7.677328109741210938e+00
7.673603057861328125e+00
7.669275283813476562e+00
7.664533615112304688e+00
7.659600734710693359e+00
7.654796600341796875e+00
7.650381565093994141e+00
7.646423339843750000e+00
7.642834663391113281e+00
7.639507293701171875e+00
7.636360168457031250e+00
7.633321285247802734e+00
7.630301952362060547e+00
7.627235412597656250e+00
7.624122619628906250e+00
7.621018886566162109e+00
7.617992877960205078e+00
7.615077495574951172e+00
7.612272262573242188e+00
7.609558105468750000e+00
7.606918334960937500e+00
7.604324340820312500e+00
7.601738929748535156e+00
7.599122047424316406e+00
7.596447944641113281e+00
7.593715190887451172e+00
7.590943336486816406e+00
7.588152408599853516e+00
7.585358142852783203e+00
7.582568168640136719e+00
7.579786777496337891e+00
7.577013492584228516e+00
7.574244976043701172e+00
7.571472167968750000e+00
7.568685054779052734e+00
7.565879344940185547e+00
7.563061714172363281e+00
7.560248851776123047e+00
7.557453632354736328e+00
7.554676532745361328e+00
7.551863670349121094e+00
7.548861503601074219e+00
7.545408248901367188e+00
7.541283607482910156e+00
7.536561965942382812e+00
7.531659126281738281e+00
7.527081489562988281e+00
7.523148536682128906e+00
7.519910812377929688e+00
7.517217159271240234e+00
7.514825820922851562e+00
7.512500286102294922e+00
7.510060787200927734e+00
7.507405281066894531e+00
7.504499435424804688e+00
7.501365661621093750e+00
7.498076438903808594e+00
7.494743824005126953e+00
7.491477012634277344e+00
7.488341331481933594e+00
7.485329627990722656e+00
7.482371807098388672e+00
7.479375362396240234e+00
7.476257801055908203e+00
7.472975254058837891e+00
7.469528198242187500e+00
7.465953826904296875e+00
7.462309837341308594e+00
7.458655357360839844e+00
7.455029964447021484e+00
7.451441287994384766e+00
7.447865009307861328e+00
7.444252014160156250e+00
7.440554141998291016e+00
7.436737537384033203e+00
7.432790279388427734e+00
7.428724288940429688e+00
7.424569606781005859e+00
7.420377254486083984e+00
7.416240215301513672e+00
7.413464069366455078e+00
7.506790637969970703e+00
7.399974822998046875e+00
7.393633842468261719e+00
7.389419078826904297e+00
7.387093067169189453e+00
7.385937213897705078e+00
7.384747505187988281e+00
7.382272243499755859e+00
7.377833366394042969e+00
7.371785640716552734e+00
7.365282535552978516e+00
7.359498023986816406e+00
7.355000972747802734e+00
7.351645469665527344e+00
7.348809242248535156e+00
7.345709323883056641e+00
7.341673851013183594e+00
7.336395263671875000e+00
7.330083370208740234e+00
7.323375225067138672e+00
7.317034721374511719e+00
7.311638355255126953e+00
7.307330608367919922e+00
7.303462505340576172e+00
7.298524379730224609e+00
7.291135787963867188e+00
7.281386852264404297e+00
7.270851135253906250e+00
7.261186122894287109e+00
7.252924442291259766e+00
7.245598793029785156e+00
7.238642692565917969e+00
7.231989383697509766e+00
7.225977420806884766e+00
7.220863819122314453e+00
7.216422080993652344e+00
7.212021350860595703e+00
7.207104682922363281e+00
7.201583862304687500e+00
7.195708751678466797e+00
7.189650535583496094e+00
7.183288574218750000e+00
7.176449775695800781e+00
7.169209480285644531e+00
7.161888599395751953e+00
7.154776096343994141e+00
7.147911071777343750e+00
7.141122817993164062e+00
7.134237289428710938e+00
7.127218246459960938e+00
7.120118141174316406e+00
7.112934589385986328e+00
7.105559825897216797e+00
7.097871780395507812e+00
7.089856624603271484e+00
7.081610679626464844e+00
7.073230266571044922e+00
7.064721584320068359e+00
7.056013107299804688e+00
7.047047138214111328e+00
7.037827014923095703e+00
7.028375625610351562e+00
7.018666267395019531e+00
7.008612632751464844e+00
6.989987850189208984e+00
6.966318607330322266e+00
6.950896739959716797e+00
6.941988468170166016e+00
6.932075977325439453e+00
6.919366359710693359e+00
6.907427787780761719e+00
6.899082660675048828e+00
6.894196510314941406e+00
6.890585899353027344e+00
6.884584903717041016e+00
6.863931655883789062e+00
6.834289550781250000e+00
6.813232898712158203e+00
6.799012184143066406e+00
6.784203529357910156e+00
6.768057823181152344e+00
6.754241943359375000e+00
6.745817661285400391e+00
6.742408275604248047e+00
6.740329742431640625e+00
6.732567787170410156e+00
6.718493461608886719e+00
6.704133033752441406e+00
6.689972400665283203e+00
6.673073291778564453e+00
6.653990745544433594e+00
6.636293411254882812e+00
6.622190475463867188e+00
6.610609054565429688e+00
6.598797321319580078e+00
6.585233688354492188e+00
6.570860385894775391e+00
6.556965351104736328e+00
6.542391777038574219e+00
6.525079727172851562e+00
6.489623546600341797e+00
6.455355167388916016e+00
6.434449195861816406e+00
6.411497592926025391e+00
6.390244007110595703e+00
6.378515720367431641e+00
6.375966548919677734e+00
6.375383853912353516e+00
6.370500564575195312e+00
6.367540359497070312e+00
6.325174331665039062e+00
6.382191181182861328e+00
6.530301570892333984e+00
6.448615550994873047e+00
6.271296024322509766e+00
6.168710708618164062e+00
6.165355205535888672e+00
6.217894554138183594e+00
6.285360336303710938e+00
6.259530544281005859e+00
6.197714805603027344e+00
6.129311084747314453e+00
6.038986682891845703e+00
6.080046176910400391e+00
6.169407367706298828e+00
6.184574127197265625e+00
6.186314105987548828e+00
6.265472412109375000e+00
6.322261333465576172e+00
6.308327198028564453e+00
6.256227016448974609e+00
6.211230754852294922e+00
6.185018539428710938e+00
6.253117084503173828e+00
6.248410224914550781e+00
6.217382431030273438e+00
6.256824016571044922e+00
6.315612792968750000e+00
6.194431781768798828e+00
6.228879928588867188e+00
6.317307472229003906e+00
6.321648597717285156e+00
6.267019748687744141e+00
6.185914039611816406e+00
6.167525768280029297e+00
6.126267910003662109e+00
6.105562686920166016e+00
6.110026359558105469e+00
6.094258308410644531e+00
6.094215393066406250e+00
6.074065685272216797e+00
6.035889148712158203e+00
6.018640041351318359e+00
5.998466968536376953e+00
5.980855941772460938e+00
5.980884075164794922e+00
5.975302219390869141e+00
5.965847015380859375e+00
5.969073295593261719e+00
5.968417644500732422e+00
5.962216377258300781e+00
5.963450431823730469e+00
5.960267066955566406e+00
5.953207015991210938e+00
5.952742099761962891e+00
5.948554992675781250e+00
5.941458702087402344e+00
5.938606262207031250e+00
5.932410240173339844e+00
5.925580978393554688e+00
5.921777725219726562e+00
5.914783954620361328e+00
5.908035278320312500e+00
5.902548789978027344e+00
5.894804000854492188e+00
5.888647079467773438e+00
5.882744312286376953e+00
5.875453472137451172e+00
5.869872570037841797e+00
5.863905906677246094e+00
5.857795715332031250e+00
5.853197097778320312e+00
5.847876071929931641e+00
5.842946052551269531e+00
5.838756084442138672e+00
5.833952903747558594e+00
5.829910755157470703e+00
5.825986862182617188e+00
5.821664810180664062e+00
5.817982673645019531e+00
5.814072132110595703e+00
5.810163021087646484e+00
5.806701183319091797e+00
5.802903175354003906e+00
5.799283027648925781e+00
5.795829296112060547e+00
5.792139530181884766e+00
5.788718700408935547e+00
5.785273551940917969e+00
5.781702518463134766e+00
5.778347492218017578e+00
5.774898052215576172e+00
5.771468162536621094e+00
5.768193244934082031e+00
5.764819622039794922e+00
5.761532306671142578e+00
5.758334159851074219e+00
5.755087375640869141e+00
5.751959800720214844e+00
5.748864173889160156e+00
5.745752334594726562e+00
5.742743968963623047e+00
5.739740848541259766e+00
5.736752033233642578e+00
5.733839035034179688e+00
5.730913162231445312e+00
5.748080253601074219e+00
5.738310337066650391e+00
5.718090534210205078e+00
5.730163574218750000e+00
5.715449333190917969e+00
5.703777790069580078e+00
5.706338882446289062e+00
5.711999416351318359e+00
5.697523117065429688e+00
5.688502311706542969e+00
5.698586940765380859e+00
5.684170246124267578e+00
5.683870792388916016e+00
5.687168598175048828e+00
5.692608356475830078e+00
5.682892799377441406e+00
5.672046184539794922e+00
5.682148933410644531e+00
5.671191692352294922e+00
5.666151046752929688e+00
5.669788837432861328e+00
5.678793907165527344e+00
5.666085720062255859e+00
5.655435562133789062e+00
5.667268276214599609e+00
5.656537055969238281e+00
5.651210308074951172e+00
5.674793720245361328e+00
5.660033702850341797e+00
5.636806488037109375e+00
5.654352188110351562e+00
5.651772975921630859e+00
5.648706436157226562e+00
5.645744800567626953e+00
5.631488800048828125e+00
5.639207839965820312e+00
5.639824390411376953e+00
5.643118381500244141e+00
5.637615203857421875e+00
5.623461723327636719e+00
5.632991313934326172e+00
5.635012626647949219e+00
5.636905670166015625e+00
5.632125854492187500e+00
5.620005130767822266e+00
5.628108978271484375e+00
5.631083488464355469e+00
5.633940219879150391e+00
5.628735065460205078e+00
5.631238937377929688e+00
5.632837295532226562e+00
5.614663124084472656e+00
5.619111537933349609e+00
5.626116275787353516e+00
5.623178958892822266e+00
5.625899791717529297e+00
5.613344192504882812e+00
5.605916023254394531e+00
5.615317821502685547e+00
5.613330364227294922e+00
5.615887641906738281e+00
5.627068996429443359e+00
5.610378742218017578e+00
5.598850250244140625e+00
5.611632347106933594e+00
5.613649368286132812e+00
5.611710071563720703e+00
5.619745731353759766e+00
5.609740734100341797e+00
5.597163677215576172e+00
5.606608867645263672e+00
5.612850666046142578e+00
5.612611770629882812e+00
5.617189407348632812e+00
5.606747150421142578e+00
5.596206665039062500e+00
5.605024814605712891e+00
5.620827674865722656e+00
5.612133026123046875e+00
5.600469589233398438e+00
5.601257324218750000e+00
5.599013805389404297e+00
5.608965873718261719e+00
5.611645221710205078e+00
5.602398395538330078e+00
5.596071243286132812e+00
5.594210147857666016e+00
5.609280586242675781e+00
5.612649440765380859e+00
5.599250316619873047e+00
5.590781688690185547e+00
5.604029655456542969e+00
5.613457679748535156e+00
5.590931892395019531e+00
5.593739509582519531e+00
5.610074520111083984e+00
5.604637145996093750e+00
5.588033676147460938e+00
5.594984054565429688e+00
5.609858989715576172e+00
5.593531131744384766e+00
5.590333938598632812e+00
5.609477996826171875e+00
5.606437206268310547e+00
5.581464767456054688e+00
5.594125270843505859e+00
5.618101119995117188e+00
5.598279953002929688e+00
5.578298568725585938e+00
5.591489315032958984e+00
5.615480422973632812e+00
5.618647098541259766e+00
5.605240345001220703e+00
5.601534843444824219e+00
5.616720199584960938e+00
5.628807544708251953e+00
5.624568462371826172e+00
5.616483211517333984e+00
5.620102882385253906e+00
5.628679275512695312e+00
5.628651142120361328e+00
5.621151447296142578e+00
5.617346763610839844e+00
5.620515346527099609e+00
5.621761798858642578e+00
5.616725921630859375e+00
5.611452579498291016e+00
5.611229419708251953e+00
5.612490653991699219e+00
5.610438346862792969e+00
5.606658935546875000e+00
5.605460643768310547e+00
5.606759548187255859e+00
5.606961727142333984e+00
5.605266094207763672e+00
5.604286670684814453e+00
5.605294227600097656e+00
5.606451988220214844e+00
5.606270313262939453e+00
5.605769634246826172e+00
5.606349945068359375e+00
5.607493877410888672e+00
5.607900142669677734e+00
5.607635974884033203e+00
5.607723712921142578e+00
5.608346462249755859e+00
5.608732700347900391e+00
5.608551979064941406e+00
5.608331203460693359e+00
5.608465671539306641e+00
5.612298488616943359e+00
5.606260776519775391e+00
5.592900276184082031e+00
5.606586933135986328e+00
5.631781578063964844e+00
5.622463703155517578e+00
5.586673259735107422e+00
5.595568656921386719e+00
5.631731033325195312e+00
5.627495288848876953e+00
5.602404594421386719e+00
5.589412212371826172e+00
5.599770545959472656e+00
5.607612609863281250e+00
5.601813793182373047e+00
5.604301452636718750e+00
5.610090732574462891e+00
5.601683139801025391e+00
5.599302291870117188e+00
5.616153717041015625e+00
5.619197845458984375e+00
5.606306076049804688e+00
5.598291397094726562e+00
5.608570575714111328e+00
5.617297649383544922e+00
5.609200477600097656e+00
5.602460384368896484e+00
5.597691059112548828e+00
5.606193065643310547e+00
5.616809368133544922e+00
5.604885101318359375e+00
5.597992420196533203e+00
5.608232021331787109e+00
5.607452869415283203e+00
5.603589534759521484e+00
5.607714653015136719e+00
5.603756904602050781e+00
5.604465484619140625e+00
5.612617492675781250e+00
5.606608867645263672e+00
5.603376865386962891e+00
5.610685348510742188e+00
5.606838226318359375e+00
5.604619026184082031e+00
5.613535404205322266e+00
5.608013153076171875e+00
5.591699600219726562e+00
5.601972579956054688e+00
5.626921176910400391e+00
5.619524955749511719e+00
5.588614940643310547e+00
5.595351219177246094e+00
5.629427909851074219e+00
5.626645088195800781e+00
5.592729091644287109e+00
5.590705394744873047e+00
5.619740486145019531e+00
5.620888710021972656e+00
5.593544483184814453e+00
5.592777729034423828e+00
5.618769168853759766e+00
5.618224620819091797e+00
5.593000888824462891e+00
5.596191883087158203e+00
5.623311042785644531e+00
5.619917392730712891e+00
5.592970371246337891e+00
5.597487926483154297e+00
5.626369476318359375e+00
5.622268199920654297e+00
5.593443393707275391e+00
5.596740245819091797e+00
5.625517368316650391e+00
5.622008323669433594e+00
5.593458652496337891e+00
5.595569133758544922e+00
5.623059749603271484e+00
5.620262145996093750e+00
5.593185424804687500e+00
5.595336437225341797e+00
5.621734142303466797e+00
5.618940353393554688e+00
5.593006134033203125e+00
5.595653057098388672e+00
5.621530532836914062e+00
5.618651390075683594e+00
5.593291759490966797e+00
5.596109390258789062e+00
5.621474742889404297e+00
5.618587970733642578e+00
5.593697071075439453e+00
5.596332073211669922e+00
5.620974540710449219e+00
5.618315696716308594e+00
5.594096183776855469e+00
5.596472740173339844e+00
5.620176792144775391e+00
5.617713451385498047e+00
5.594330310821533203e+00
5.596572875976562500e+00
5.619370460510253906e+00
5.617110252380371094e+00
5.594557762145996094e+00
5.596734523773193359e+00
5.618681430816650391e+00
5.616575717926025391e+00
5.594783782958984375e+00
5.596875667572021484e+00
5.618033885955810547e+00
5.616151332855224609e+00
5.595070838928222656e+00
5.597011089324951172e+00
5.617369651794433594e+00
5.615717887878417969e+00
5.595337867736816406e+00
5.597095012664794922e+00
5.616668701171875000e+00
5.615293025970458984e+00
5.595602512359619141e+00
5.597158908843994141e+00
5.615966796875000000e+00
5.614856243133544922e+00
5.595827102661132812e+00
5.597177028656005859e+00
5.615277290344238281e+00
5.614460945129394531e+00
5.596048355102539062e+00
5.597172737121582031e+00
5.614608764648437500e+00
5.614086627960205078e+00
5.596246719360351562e+00
5.597123146057128906e+00
5.613953590393066406e+00
5.613747119903564453e+00
5.596435070037841797e+00
5.597043991088867188e+00
5.613316059112548828e+00
5.613420963287353516e+00
5.596590995788574219e+00
5.596920967102050781e+00
5.612693309783935547e+00
5.613118648529052734e+00
5.596726417541503906e+00
5.596768379211425781e+00
5.612093448638916016e+00
5.612830162048339844e+00
5.596827983856201172e+00
5.596577644348144531e+00
5.611516952514648438e+00
5.612563610076904297e+00
5.596904754638671875e+00
5.596364498138427734e+00
5.610963821411132812e+00
5.612305164337158203e+00
5.596949100494384766e+00
5.596120834350585938e+00
5.610432147979736328e+00
5.612058162689208984e+00
5.596965789794921875e+00
5.595860958099365234e+00
5.609923839569091797e+00
5.611814022064208984e+00
5.596951484680175781e+00
5.595582008361816406e+00
5.609435558319091797e+00
5.611576080322265625e+00
5.596910476684570312e+00
5.595291614532470703e+00
5.608966827392578125e+00
5.611333370208740234e+00
5.596839904785156250e+00
5.594990253448486328e+00
5.608513355255126953e+00
5.611091613769531250e+00
5.596746921539306641e+00
5.594682693481445312e+00
5.608075141906738281e+00
5.610841751098632812e+00
5.596628665924072266e+00
5.594369411468505859e+00
5.607649326324462891e+00
5.610588550567626953e+00
5.596490383148193359e+00
5.594052791595458984e+00
5.607233524322509766e+00
5.610327720642089844e+00
5.596332550048828125e+00
5.593730449676513672e+00
5.606824874877929688e+00
5.610060691833496094e+00
5.596158981323242188e+00
5.593408584594726562e+00
5.606422901153564453e+00
5.609786510467529297e+00
5.595969200134277344e+00
5.593082904815673828e+00
5.606026649475097656e+00
5.609507560729980469e+00
5.595766544342041016e+00
5.592754840850830078e+00
5.605635643005371094e+00
5.609221935272216797e+00
5.595550537109375000e+00
5.592423915863037109e+00
5.605247974395751953e+00
5.608930110931396484e+00
5.595322132110595703e+00
5.592092037200927734e+00
5.604863166809082031e+00
5.608632087707519531e+00
5.595082759857177734e+00
5.591756343841552734e+00
5.604480266571044922e+00
5.608330726623535156e+00
5.594832420349121094e+00
5.591417789459228516e+00
5.604100227355957031e+00
5.608022689819335938e+00
5.594572067260742188e+00
5.591077804565429688e+00
5.603719711303710938e+00
5.607706546783447266e+00
5.594299793243408203e+00
5.590731620788574219e+00
5.603334903717041016e+00
5.607379913330078125e+00
5.594009876251220703e+00
5.590369701385498047e+00
5.602072238922119141e+00
5.609899997711181641e+00
5.601727962493896484e+00
5.593153953552246094e+00
5.597581863403320312e+00
5.601506233215332031e+00
5.600695133209228516e+00
5.599497795104980469e+00
5.593876838684082031e+00
5.594458103179931641e+00
5.601845264434814453e+00
5.599064826965332031e+00
5.593197822570800781e+00
5.594559669494628906e+00
5.594091892242431641e+00
5.594286918640136719e+00
5.597877025604248047e+00
5.594285011291503906e+00
5.591768741607666016e+00
5.596520423889160156e+00
5.595866680145263672e+00
5.593513011932373047e+00
5.596022605895996094e+00
5.594330787658691406e+00
5.593513011932373047e+00
5.597752094268798828e+00
5.595699787139892578e+00
5.593137741088867188e+00
5.596487045288085938e+00
5.595272064208984375e+00
5.593616962432861328e+00
5.596769332885742188e+00
5.594733238220214844e+00
5.592850208282470703e+00
5.596520900726318359e+00
5.594916343688964844e+00
5.592671394348144531e+00
5.595802783966064453e+00
5.594297885894775391e+00
5.592518806457519531e+00
5.595906257629394531e+00
5.594246864318847656e+00
5.592161655426025391e+00
5.595532894134521484e+00
5.594175338745117188e+00
5.592165946960449219e+00
5.595371723175048828e+00
5.593935012817382812e+00
5.591980457305908203e+00
5.595300674438476562e+00
5.593913555145263672e+00
5.591803550720214844e+00
5.591901779174804688e+00
5.594412326812744141e+00
5.594984054565429688e+00
5.593006610870361328e+00
5.596240043640136719e+00
5.596251964569091797e+00
5.592832565307617188e+00
5.594962596893310547e+00
5.595560073852539062e+00
5.593009471893310547e+00
5.594570636749267578e+00
5.594255924224853516e+00
5.591841220855712891e+00
5.593883037567138672e+00
5.593805789947509766e+00
5.591252326965332031e+00
5.592926025390625000e+00
5.592844963073730469e+00
5.590783596038818359e+00
5.592742919921875000e+00
5.592536449432373047e+00
5.587489128112792969e+00
5.591063976287841797e+00
5.602656841278076172e+00
5.601878166198730469e+00
5.586565017700195312e+00
5.585547924041748047e+00
5.602264881134033203e+00
5.605932235717773438e+00
5.588119983673095703e+00
5.581164836883544922e+00
5.594522953033447266e+00
5.601412296295166016e+00
5.594526290893554688e+00
5.591076850891113281e+00
5.591602802276611328e+00
5.593947887420654297e+00
5.599140644073486328e+00
5.597257137298583984e+00
5.590495109558105469e+00
5.591199398040771484e+00
5.594275474548339844e+00
5.589661121368408203e+00
5.589222431182861328e+00
5.598453044891357422e+00
5.598183155059814453e+00
5.584037303924560547e+00
5.583741188049316406e+00
5.599542140960693359e+00
5.601489067077636719e+00
5.584030151367187500e+00
5.579473018646240234e+00
5.593801021575927734e+00
5.599564075469970703e+00
5.592028617858886719e+00
5.588691234588623047e+00
5.594410419464111328e+00
5.597556591033935547e+00
5.591019630432128906e+00
5.590416908264160156e+00
5.599946498870849609e+00
5.600086688995361328e+00
5.585571289062500000e+00
5.583336830139160156e+00
5.597481250762939453e+00
5.599758625030517578e+00
5.588686466217041016e+00
5.582044601440429688e+00
5.587193965911865234e+00
5.596861362457275391e+00
5.600751399993896484e+00
5.594974517822265625e+00
5.583547592163085938e+00
5.588023185729980469e+00
5.600430488586425781e+00
5.595688819885253906e+00
5.589170932769775391e+00
5.594015121459960938e+00
5.594719409942626953e+00
5.584701061248779297e+00
5.584577083587646484e+00
5.595312118530273438e+00
5.594253063201904297e+00
5.579493999481201172e+00
5.578485488891601562e+00
5.593438148498535156e+00
5.596997737884521484e+00
5.587365150451660156e+00
5.584959030151367188e+00
5.592832088470458984e+00
5.596352577209472656e+00
5.588473796844482422e+00
5.586807727813720703e+00
5.596904754638671875e+00
5.598161697387695312e+00
5.589140892028808594e+00
5.585110187530517578e+00
5.589064121246337891e+00
5.594826698303222656e+00
5.594441890716552734e+00
5.584014415740966797e+00
5.581005573272705078e+00
5.596640586853027344e+00
5.600539207458496094e+00
5.581566333770751953e+00
5.582549571990966797e+00
5.600385189056396484e+00
5.597531795501708984e+00
5.582146167755126953e+00
5.580298900604248047e+00
5.590807914733886719e+00
5.604087829589843750e+00
5.597849369049072266e+00
5.573738098144531250e+00
5.579454421997070312e+00
5.605588912963867188e+00
5.603905200958251953e+00
5.582378864288330078e+00
5.573279857635498047e+00
5.581914901733398438e+00
5.593505382537841797e+00
5.590909957885742188e+00
5.577819824218750000e+00
5.577824115753173828e+00
5.590676307678222656e+00
5.596693515777587891e+00
5.590615272521972656e+00
5.584137916564941406e+00
5.584840297698974609e+00
5.588897228240966797e+00
5.593866825103759766e+00
5.594776153564453125e+00
5.591115951538085938e+00
5.589844703674316406e+00
5.590580940246582031e+00
5.592765808105468750e+00
5.592261791229248047e+00
5.586533069610595703e+00
5.588161468505859375e+00
5.594994068145751953e+00
5.591427803039550781e+00
5.587462902069091797e+00
5.591393470764160156e+00
5.591164588928222656e+00
5.589891433715820312e+00
5.595166206359863281e+00
5.595822334289550781e+00
5.588397026062011719e+00
5.591138362884521484e+00
5.592920303344726562e+00
5.583709239959716797e+00
5.585989475250244141e+00
5.589405059814453125e+00
5.579231262207031250e+00
5.579534053802490234e+00
5.585768699645996094e+00
5.579032421112060547e+00
5.574682712554931641e+00
5.582745552062988281e+00
5.586082458496093750e+00
5.586453914642333984e+00
5.587172985076904297e+00
5.581255912780761719e+00
5.586428642272949219e+00
5.594192981719970703e+00
5.585845470428466797e+00
5.584745407104492188e+00
5.591852188110351562e+00
5.589134693145751953e+00
5.587792396545410156e+00
5.592142105102539062e+00
5.589339733123779297e+00
5.587215423583984375e+00
5.593495845794677734e+00
5.594831466674804688e+00
5.586412906646728516e+00
5.587318897247314453e+00
5.588920116424560547e+00
5.581591606140136719e+00
5.583161354064941406e+00
5.584426403045654297e+00
5.578517913818359375e+00
5.583007812500000000e+00
5.584361076354980469e+00
5.577618122100830078e+00
5.581054687500000000e+00
5.583979129791259766e+00
5.581042766571044922e+00
5.584680080413818359e+00
5.588082313537597656e+00
5.584205150604248047e+00
5.582380294799804688e+00
5.586321353912353516e+00
5.586264610290527344e+00
5.581978797912597656e+00
5.584822654724121094e+00
5.589060306549072266e+00
5.585796833038330078e+00
5.585180759429931641e+00
5.588399410247802734e+00
5.586730003356933594e+00
5.586689949035644531e+00
5.590323448181152344e+00
5.589977741241455078e+00
5.586634635925292969e+00
5.584672927856445312e+00
5.586445808410644531e+00
5.586285114288330078e+00
5.581742286682128906e+00
5.582899570465087891e+00
5.587113380432128906e+00
5.584127426147460938e+00
