4.724914932250976562e+01
4.666640853881835938e+01
4.601765441894531250e+01
4.532764434814453125e+01
4.460110092163085938e+01
4.382458114624023438e+01
4.301788711547851562e+01
4.217464828491210938e+01
4.127563095092773438e+01
4.030244064331054688e+01
3.912594223022460938e+01
3.781635665893554688e+01
3.629542160034179688e+01
3.454164123535156250e+01
3.279185867309570312e+01
3.102919960021972656e+01
2.915430450439453125e+01
2.757456588745117188e+01
2.622927284240722656e+01
2.501847457885742188e+01
2.395739555358886719e+01
2.305430030822753906e+01
2.232878875732421875e+01
2.169842720031738281e+01
2.121292686462402344e+01
2.083993339538574219e+01
2.056369400024414062e+01
2.037088203430175781e+01
2.024628829956054688e+01
2.017777633666992188e+01
2.015653419494628906e+01
2.017305374145507812e+01
2.021818351745605469e+01
2.028287506103515625e+01
2.035849571228027344e+01
2.043849754333496094e+01
2.052546119689941406e+01
2.073011398315429688e+01
2.079596710205078125e+01
2.085336303710937500e+01
2.089783668518066406e+01
2.092521858215332031e+01
2.094144058227539062e+01
2.095399665832519531e+01
2.097506713867187500e+01
2.103207206726074219e+01
2.103635406494140625e+01
2.102969169616699219e+01
2.103393363952636719e+01
2.101369285583496094e+01
2.096492576599121094e+01
2.090781021118164062e+01
2.084729003906250000e+01
2.075571441650390625e+01
2.064439964294433594e+01
2.055000305175781250e+01
2.047925949096679688e+01
2.043048477172851562e+01
2.039265632629394531e+01
2.035842132568359375e+01
2.033790779113769531e+01
2.033306312561035156e+01
2.033424377441406250e+01
2.033484077453613281e+01
2.033450889587402344e+01
2.033326911926269531e+01
2.033156776428222656e+01
2.033002471923828125e+01
2.032903289794921875e+01
2.032858276367187500e+01
2.032830429077148438e+01
2.032772064208984375e+01
2.032672500610351562e+01
2.032582855224609375e+01
2.032584381103515625e+01
2.032723617553710938e+01
2.032969665527343750e+01
2.033185386657714844e+01
2.033164405822753906e+01
2.032762908935546875e+01
2.031990623474121094e+01
2.030979919433593750e+01
2.029900550842285156e+01
2.028879928588867188e+01
2.027845954895019531e+01
2.028573417663574219e+01
2.032093429565429688e+01
2.035237121582031250e+01
2.033686637878417969e+01
2.029647445678710938e+01
2.026835060119628906e+01
2.025609397888183594e+01
2.025729179382324219e+01
2.028085899353027344e+01
2.032446670532226562e+01
2.036796379089355469e+01
2.034920883178710938e+01
2.025988578796386719e+01
2.020037651062011719e+01
2.017071914672851562e+01
2.015867805480957031e+01
2.015316581726074219e+01
2.014784431457519531e+01
2.014053726196289062e+01
2.013317489624023438e+01
2.012891387939453125e+01
2.012880325317382812e+01
2.013196372985839844e+01
2.013617897033691406e+01
2.013907241821289062e+01
2.013799095153808594e+01
2.013243675231933594e+01
2.012511444091796875e+01
2.011958503723144531e+01
2.011692428588867188e+01
2.011529159545898438e+01
2.011266899108886719e+01
2.010831260681152344e+01
2.010305786132812500e+01
2.009855270385742188e+01
2.009469032287597656e+01
2.009066963195800781e+01
2.008762931823730469e+01
2.008564758300781250e+01
2.008371543884277344e+01
2.008166313171386719e+01
2.007874298095703125e+01
2.007477188110351562e+01
2.007187652587890625e+01
2.007086563110351562e+01
2.007079887390136719e+01
2.006974983215332031e+01
2.006676292419433594e+01
2.006390953063964844e+01
2.006328773498535156e+01
2.006349945068359375e+01
2.006222724914550781e+01
2.005956840515136719e+01
2.005666160583496094e+01
2.005729675292968750e+01
2.006027221679687500e+01
2.006015205383300781e+01
2.005704879760742188e+01
2.005207824707031250e+01
2.004650878906250000e+01
2.004261779785156250e+01
2.004109191894531250e+01
2.004088020324707031e+01
2.004138374328613281e+01
2.004087638854980469e+01
2.003830337524414062e+01
2.003474807739257812e+01
2.003248023986816406e+01
2.003232002258300781e+01
2.003176498413085938e+01
2.002912712097167969e+01
2.002842903137207031e+01
2.002938652038574219e+01
2.002787208557128906e+01
2.002439498901367188e+01
2.011400794982910156e+01
2.001239395141601562e+01
2.001238059997558594e+01
2.001597023010253906e+01
2.001627540588378906e+01
2.001314544677734375e+01
2.000796699523925781e+01
2.000246238708496094e+01
1.999928474426269531e+01
1.999919891357421875e+01
2.000070190429687500e+01
2.000103950500488281e+01
1.999873352050781250e+01
1.999509048461914062e+01
1.999168777465820312e+01
1.999538803100585938e+01
2.000537109375000000e+01
2.001088523864746094e+01
2.001021385192871094e+01
2.000440216064453125e+01
1.999606513977050781e+01
1.998765754699707031e+01
1.998047637939453125e+01
1.997650527954101562e+01
1.997603797912597656e+01
1.997738838195800781e+01
1.997968482971191406e+01
1.998104286193847656e+01
1.998006439208984375e+01
1.997760772705078125e+01
1.997438240051269531e+01
1.997072410583496094e+01
1.996685409545898438e+01
1.997010040283203125e+01
1.998009300231933594e+01
1.998509597778320312e+01
1.998369407653808594e+01
1.997695922851562500e+01
1.996756935119628906e+01
1.995800209045410156e+01
1.994937133789062500e+01
1.994176292419433594e+01
1.993692588806152344e+01
1.993779754638671875e+01
1.994134902954101562e+01
1.994262123107910156e+01
1.994200515747070312e+01
1.994021797180175781e+01
1.993774223327636719e+01
1.993467140197753906e+01
1.993092155456542969e+01
1.992828750610351562e+01
1.988577461242675781e+01
1.955584144592285156e+01
1.957429122924804688e+01
1.961456489562988281e+01
1.966824913024902344e+01
1.973255729675292969e+01
1.980548095703125000e+01
2.003247070312500000e+01
2.019429206848144531e+01
2.037511825561523438e+01
2.038701248168945312e+01
2.037665557861328125e+01
2.033225822448730469e+01
2.026000404357910156e+01
2.018905067443847656e+01
2.012793922424316406e+01
2.007313728332519531e+01
2.007166481018066406e+01
2.039707374572753906e+01
2.075838088989257812e+01
2.077153396606445312e+01
2.064031028747558594e+01
2.048686408996582031e+01
2.012768745422363281e+01
1.989206123352050781e+01
1.969556045532226562e+01
1.954562377929687500e+01
1.930482292175292969e+01
1.930893707275390625e+01
1.937381553649902344e+01
1.944763565063476562e+01
1.978326797485351562e+01
2.005542182922363281e+01
2.008793258666992188e+01
2.013667488098144531e+01
2.015430641174316406e+01
2.001553344726562500e+01
1.995333290100097656e+01
1.993014526367187500e+01
1.992079353332519531e+01
1.985735130310058594e+01
1.942723464965820312e+01
1.942066192626953125e+01
1.945175361633300781e+01
1.951045989990234375e+01
1.957259178161621094e+01
1.960387802124023438e+01
1.961278915405273438e+01
1.962405776977539062e+01
1.965017509460449219e+01
1.980011558532714844e+01
1.967779541015625000e+01
1.961947441101074219e+01
1.959271240234375000e+01
1.957300949096679688e+01
1.955574607849121094e+01
1.954151916503906250e+01
1.953234672546386719e+01
1.952883148193359375e+01
1.952919006347656250e+01
1.952895355224609375e+01
1.952429962158203125e+01
1.951449966430664062e+01
1.950080108642578125e+01
1.948533058166503906e+01
1.946990394592285156e+01
1.945542716979980469e+01
1.944199562072753906e+01
1.942937660217285156e+01
1.941753578186035156e+01
1.940678596496582031e+01
1.939753150939941406e+01
1.938986015319824219e+01
1.938341522216796875e+01
1.937754631042480469e+01
1.937166213989257812e+01
1.936547851562500000e+01
1.935906028747558594e+01
1.935265159606933594e+01
1.934643363952636719e+01
1.934040641784667969e+01
1.933440780639648438e+01
1.932824897766113281e+01
1.932185173034667969e+01
1.931527328491210938e+01
1.930863761901855469e+01
1.930204391479492188e+01
1.929550552368164062e+01
1.928896903991699219e+01
1.928239440917968750e+01
1.927577781677246094e+01
1.926919746398925781e+01
1.926272583007812500e+01
1.925639915466308594e+01
1.925020217895507812e+01
1.924407768249511719e+01
1.923796844482421875e+01
1.923185539245605469e+01
1.922575569152832031e+01
1.921968269348144531e+01
1.921365356445312500e+01
1.920766639709472656e+01
1.920172119140625000e+01
1.919581031799316406e+01
1.918996047973632812e+01
1.918419647216796875e+01
1.917853164672851562e+01
1.917296981811523438e+01
1.916749382019042969e+01
1.916208648681640625e+01
1.915672874450683594e+01
1.915140533447265625e+01
1.914609146118164062e+01
1.914069366455078125e+01
1.913459587097167969e+01
1.911998367309570312e+01
1.902123451232910156e+01
1.874714279174804688e+01
1.886495590209960938e+01
1.993482971191406250e+01
2.000028800964355469e+01
1.962854766845703125e+01
1.891128540039062500e+01
1.796217346191406250e+01
1.784428024291992188e+01
1.799011802673339844e+01
1.819086456298828125e+01
1.805026435852050781e+01
1.798320579528808594e+01
1.799448776245117188e+01
1.804397773742675781e+01
1.802153778076171875e+01
1.801236152648925781e+01
1.802068328857421875e+01
1.800053596496582031e+01
1.797358322143554688e+01
1.796879196166992188e+01
1.793231010437011719e+01
1.791094017028808594e+01
1.790995025634765625e+01
1.791113853454589844e+01
1.790036201477050781e+01
1.786810111999511719e+01
1.784777069091796875e+01
1.784809875488281250e+01
1.786003875732421875e+01
1.785934257507324219e+01
1.785397338867187500e+01
1.785372543334960938e+01
1.785582733154296875e+01
1.785086441040039062e+01
1.784735107421875000e+01
1.785164070129394531e+01
1.785874366760253906e+01
1.786011314392089844e+01
1.785604286193847656e+01
1.785215759277343750e+01
1.785042381286621094e+01
1.784872627258300781e+01
1.784565734863281250e+01
1.784377861022949219e+01
1.784379959106445312e+01
1.784349822998046875e+01
1.784107398986816406e+01
1.783813476562500000e+01
1.783684730529785156e+01
1.783694076538085938e+01
1.783663749694824219e+01
1.783530616760253906e+01
1.783377647399902344e+01
1.783255577087402344e+01
1.783131217956542969e+01
1.782973480224609375e+01
1.782825279235839844e+01
1.782734107971191406e+01
1.782674980163574219e+01
1.782590484619140625e+01
1.782473373413085938e+01
1.782371139526367188e+01
1.782312011718750000e+01
1.782274627685546875e+01
1.782224845886230469e+01
1.782161140441894531e+01
1.782102584838867188e+01
1.782054710388183594e+01
1.782005882263183594e+01
1.781947135925292969e+01
1.781886672973632812e+01
1.781832695007324219e+01
1.781782722473144531e+01
1.781728935241699219e+01
1.781672096252441406e+01
1.781619453430175781e+01
1.781574821472167969e+01
1.781532859802246094e+01
1.781488418579101562e+01
1.781443977355957031e+01
1.781404495239257812e+01
1.781370544433593750e+01
1.781338119506835938e+01
1.781303787231445312e+01
1.781268882751464844e+01
1.781236648559570312e+01
1.781207275390625000e+01
1.781179237365722656e+01
1.781150817871093750e+01
1.781122779846191406e+01
1.781096458435058594e+01
1.781071472167968750e+01
1.781047630310058594e+01
1.781024360656738281e+01
1.781002426147460938e+01
1.780981826782226562e+01
1.780962181091308594e+01
1.780943298339843750e+01
1.780925559997558594e+01
1.780908393859863281e+01
1.780891990661621094e+01
1.780876731872558594e+01
1.780862045288085938e+01
1.780848121643066406e+01
1.780834579467773438e+01
1.780821800231933594e+01
1.780809593200683594e+01
1.780798149108886719e+01
1.780787467956542969e+01
1.780776977539062500e+01
1.780767250061035156e+01
1.780758094787597656e+01
1.780749893188476562e+01
1.780751800537109375e+01
1.780760383605957031e+01
1.780758666992187500e+01
1.780744171142578125e+01
1.780727767944335938e+01
1.780718612670898438e+01
1.780716514587402344e+01
1.780714225769042969e+01
1.780706214904785156e+01
1.780694961547851562e+01
1.780687141418457031e+01
1.780684661865234375e+01
1.780684280395507812e+01
1.780683326721191406e+01
1.780712318420410156e+01
1.780789947509765625e+01
1.780890464782714844e+01
1.780943679809570312e+01
1.780941963195800781e+01
1.780955505371093750e+01
1.781016921997070312e+01
1.781123733520507812e+01
1.781239318847656250e+01
1.781344795227050781e+01
1.781473922729492188e+01
1.781648254394531250e+01
1.781881713867187500e+01
1.782139396667480469e+01
1.782341003417968750e+01
1.782412528991699219e+01
1.782363700866699219e+01
1.782311820983886719e+01
1.782315444946289062e+01
1.782294845581054688e+01
1.782206153869628906e+01
1.782123756408691406e+01
1.782093238830566406e+01
1.782077598571777344e+01
1.782024002075195312e+01
1.781939315795898438e+01
1.781867408752441406e+01
1.781826400756835938e+01
1.781802558898925781e+01
1.781781005859375000e+01
1.781749343872070312e+01
1.781705284118652344e+01
1.781666183471679688e+01
1.781655883789062500e+01
1.781669044494628906e+01
1.781681442260742188e+01
1.781681823730468750e+01
1.781681442260742188e+01
1.781690788269042969e+01
1.781683158874511719e+01
1.781671142578125000e+01
1.781704139709472656e+01
1.781777763366699219e+01
1.781804084777832031e+01
1.781745529174804688e+01
1.781681442260742188e+01
1.781649208068847656e+01
1.781628417968750000e+01
1.781651496887207031e+01
1.781716537475585938e+01
1.781708717346191406e+01
1.781599044799804688e+01
1.781556320190429688e+01
1.781637001037597656e+01
1.781698989868164062e+01
1.781627845764160156e+01
1.781524658203125000e+01
1.781507873535156250e+01
1.781596565246582031e+01
1.781718063354492188e+01
1.781725120544433594e+01
1.781597328186035156e+01
1.781484985351562500e+01
1.781497764587402344e+01
1.781598472595214844e+01
1.781703376770019531e+01
1.781707572937011719e+01
1.781618690490722656e+01
1.781549835205078125e+01
1.781582450866699219e+01
1.781643486022949219e+01
1.781649398803710938e+01
1.781672477722167969e+01
1.781649589538574219e+01
1.781536102294921875e+01
1.781638145446777344e+01
1.781872940063476562e+01
1.781876373291015625e+01
1.781761932373046875e+01
1.781633567810058594e+01
1.781494903564453125e+01
1.781530952453613281e+01
1.781889533996582031e+01
1.781499862670898438e+01
1.781411361694335938e+01
1.781311988830566406e+01
1.781230545043945312e+01
1.781161880493164062e+01
1.781131553649902344e+01
1.781171607971191406e+01
1.781220245361328125e+01
1.781251335144042969e+01
1.781340980529785156e+01
1.781429672241210938e+01
1.781401634216308594e+01
1.781327056884765625e+01
1.781339073181152344e+01
1.781474685668945312e+01
1.781602287292480469e+01
1.781565856933593750e+01
1.781475257873535156e+01
1.781516838073730469e+01
1.781609153747558594e+01
1.781602478027343750e+01
1.781537246704101562e+01
1.781496810913085938e+01
1.781524658203125000e+01
1.781602287292480469e+01
1.781674385070800781e+01
1.781674575805664062e+01
1.781587409973144531e+01
1.781524085998535156e+01
1.781536293029785156e+01
1.781590843200683594e+01
1.781707000732421875e+01
1.781752014160156250e+01
1.781642532348632812e+01
1.781571960449218750e+01
1.781583786010742188e+01
1.781613540649414062e+01
1.781678962707519531e+01
1.781713676452636719e+01
1.781721878051757812e+01
1.781742858886718750e+01
1.781693840026855469e+01
1.781631278991699219e+01
1.781662940979003906e+01
1.781717109680175781e+01
1.781783103942871094e+01
1.781844902038574219e+01
1.781779670715332031e+01
1.781686592102050781e+01
1.781705474853515625e+01
1.781772994995117188e+01
1.781851577758789062e+01
1.781902885437011719e+01
1.781894111633300781e+01
1.781857872009277344e+01
1.781775283813476562e+01
1.781744575500488281e+01
1.781884002685546875e+01
1.781972885131835938e+01
1.781890869140625000e+01
1.781887435913085938e+01
1.781880569458007812e+01
1.781780433654785156e+01
1.782006645202636719e+01
1.782182693481445312e+01
1.781721115112304688e+01
1.781098937988281250e+01
1.780812072753906250e+01
1.781270790100097656e+01
1.782068824768066406e+01
1.781999778747558594e+01
1.781596946716308594e+01
1.781617927551269531e+01
1.781957817077636719e+01
1.782353782653808594e+01
1.782486343383789062e+01
1.782164192199707031e+01
1.781743431091308594e+01
1.781600761413574219e+01
1.781763648986816406e+01
1.782126235961914062e+01
1.782447242736816406e+01
1.782388496398925781e+01
1.782147216796875000e+01
1.782064247131347656e+01
1.782167434692382812e+01
1.782357406616210938e+01
1.782363891601562500e+01
1.782201576232910156e+01
1.782169914245605469e+01
1.782268714904785156e+01
1.782354736328125000e+01
1.782321548461914062e+01
1.782236862182617188e+01
1.782270812988281250e+01
1.782310867309570312e+01
1.782319831848144531e+01
1.782356834411621094e+01
1.782338905334472656e+01
1.782364463806152344e+01
1.782386589050292969e+01
1.782366180419921875e+01
1.782395362854003906e+01
1.782406234741210938e+01
1.782464027404785156e+01
1.782500267028808594e+01
1.782486534118652344e+01
1.782506370544433594e+01
1.782507133483886719e+01
1.782581520080566406e+01
1.782714080810546875e+01
1.782718276977539062e+01
1.782710838317871094e+01
1.782674980163574219e+01
1.782640647888183594e+01
1.782817649841308594e+01
1.782942390441894531e+01
1.782930374145507812e+01
1.783150100708007812e+01
1.783268737792968750e+01
1.783028221130371094e+01
1.783487319946289062e+01
1.784497070312500000e+01
1.784269905090332031e+01
1.782939529418945312e+01
1.781752204895019531e+01
1.780998039245605469e+01
1.781280899047851562e+01
1.782495689392089844e+01
1.783987998962402344e+01
1.785334968566894531e+01
1.786221504211425781e+01
1.786648178100585938e+01
1.786936378479003906e+01
1.787168693542480469e+01
1.787282562255859375e+01
1.787356567382812500e+01
1.787175559997558594e+01
1.786560440063476562e+01
1.785975074768066406e+01
1.785575675964355469e+01
1.785347747802734375e+01
1.785448455810546875e+01
1.785503578186035156e+01
1.785103034973144531e+01
1.784664726257324219e+01
1.784677314758300781e+01
1.785345268249511719e+01
1.786118698120117188e+01
1.786182212829589844e+01
1.785962295532226562e+01
1.786281204223632812e+01
1.787091255187988281e+01
1.787220191955566406e+01
1.786408615112304688e+01
1.785342216491699219e+01
1.784286689758300781e+01
1.783679580688476562e+01
1.783215904235839844e+01
1.782946586608886719e+01
1.782890129089355469e+01
1.783054542541503906e+01
1.783482933044433594e+01
1.784177398681640625e+01
1.785019111633300781e+01
1.785629463195800781e+01
1.785708236694335938e+01
1.785418891906738281e+01
1.784529876708984375e+01
1.782649803161621094e+01
1.782867050170898438e+01
1.783409881591796875e+01
1.784235191345214844e+01
1.784539413452148438e+01
1.784527587890625000e+01
1.784779548645019531e+01
1.785116767883300781e+01
1.785443115234375000e+01
1.785778427124023438e+01
1.785963058471679688e+01
1.785842895507812500e+01
1.785605621337890625e+01
1.785410499572753906e+01
1.785310745239257812e+01
1.785292243957519531e+01
1.785274505615234375e+01
1.785159111022949219e+01
1.784996032714843750e+01
1.784906005859375000e+01
1.784901809692382812e+01
1.784938049316406250e+01
1.784977912902832031e+01
1.785009574890136719e+01
1.785037422180175781e+01
1.785069656372070312e+01
1.785116577148437500e+01
1.785189247131347656e+01
1.785292434692382812e+01
1.785416793823242188e+01
1.785553932189941406e+01
1.785724830627441406e+01
1.785916328430175781e+01
1.785985755920410156e+01
1.786034774780273438e+01
1.786082839965820312e+01
1.786132049560546875e+01
1.786200141906738281e+01
1.786224937438964844e+01
1.786275100708007812e+01
1.786348724365234375e+01
1.786461639404296875e+01
1.786584854125976562e+01
1.786649513244628906e+01
1.786652183532714844e+01
1.786613082885742188e+01
1.786581230163574219e+01
1.786548042297363281e+01
1.786534118652343750e+01
1.786514663696289062e+01
1.786524581909179688e+01
1.786556053161621094e+01
1.786595344543457031e+01
1.786623001098632812e+01
1.786643981933593750e+01
1.786635398864746094e+01
1.786659049987792969e+01
1.786670875549316406e+01
1.786727523803710938e+01
1.786724472045898438e+01
1.786554718017578125e+01
1.786810302734375000e+01
1.787193107604980469e+01
1.787012863159179688e+01
1.786268234252929688e+01
1.785614967346191406e+01
1.784980773925781250e+01
1.784295654296875000e+01
1.783974647521972656e+01
1.784069442749023438e+01
1.784461212158203125e+01
1.784882736206054688e+01
1.785396575927734375e+01
1.786286354064941406e+01
1.786892700195312500e+01
1.786620712280273438e+01
1.786402702331542969e+01
1.786573028564453125e+01
1.786988067626953125e+01
1.787360572814941406e+01
1.787347984313964844e+01
1.787256431579589844e+01
1.787165451049804688e+01
1.786930084228515625e+01
1.786760711669921875e+01
1.787203788757324219e+01
1.787800216674804688e+01
1.787400817871093750e+01
1.786518096923828125e+01
1.785749816894531250e+01
1.785204887390136719e+01
1.784986877441406250e+01
1.784993934631347656e+01
1.785206985473632812e+01
1.785461997985839844e+01
1.785586166381835938e+01
1.785841178894042969e+01
1.786540794372558594e+01
1.787099838256835938e+01
1.786859893798828125e+01
1.786626625061035156e+01
1.786803817749023438e+01
1.787191772460937500e+01
1.787389755249023438e+01
1.787751579284667969e+01
1.788499641418457031e+01
1.790205001831054688e+01
1.789750289916992188e+01
1.787575721740722656e+01
1.785103225708007812e+01
1.782990646362304688e+01
1.782625961303710938e+01
1.782493209838867188e+01
1.782693099975585938e+01
1.783235168457031250e+01
1.783956718444824219e+01
1.784445571899414062e+01
1.784444046020507812e+01
1.784540748596191406e+01
1.785228538513183594e+01
1.785766029357910156e+01
1.785770797729492188e+01
1.786089134216308594e+01
1.786725807189941406e+01
1.787380027770996094e+01
1.787677764892578125e+01
1.787632179260253906e+01
1.787564659118652344e+01
1.787665176391601562e+01
1.787852668762207031e+01
1.787889480590820312e+01
1.787676239013671875e+01
1.787374114990234375e+01
1.787159729003906250e+01
1.787057685852050781e+01
1.787015151977539062e+01
1.786995124816894531e+01
1.786990928649902344e+01
1.786993980407714844e+01
1.787030029296875000e+01
1.787202072143554688e+01
1.787310409545898438e+01
1.787278556823730469e+01
1.787284469604492188e+01
1.787460899353027344e+01
1.787607765197753906e+01
1.787565231323242188e+01
1.787830352783203125e+01
1.788073158264160156e+01
1.787831497192382812e+01
1.787288475036621094e+01
1.786582183837890625e+01
1.785919380187988281e+01
1.785561752319335938e+01
1.785638427734375000e+01
1.785878372192382812e+01
1.786087417602539062e+01
1.786478424072265625e+01
1.787266731262207031e+01
1.787706565856933594e+01
1.787390518188476562e+01
1.787227821350097656e+01
1.787335014343261719e+01
1.787592887878417969e+01
1.787815284729003906e+01
1.787836837768554688e+01
1.787784957885742188e+01
1.788083839416503906e+01
1.788412666320800781e+01
1.788171768188476562e+01
1.787604713439941406e+01
1.787471389770507812e+01
1.787694931030273438e+01
1.787516021728515625e+01
1.787565994262695312e+01
1.787885856628417969e+01
1.787607574462890625e+01
1.787868118286132812e+01
1.786227798461914062e+01
1.784638786315917969e+01
1.784090805053710938e+01
1.783816337585449219e+01
1.783782958984375000e+01
1.784010696411132812e+01
1.784338569641113281e+01
1.784946441650390625e+01
1.785473823547363281e+01
1.785932731628417969e+01
1.786667060852050781e+01
1.787376785278320312e+01
1.787746047973632812e+01
1.788031578063964844e+01
1.788202476501464844e+01
1.788040733337402344e+01
1.787833023071289062e+01
1.787802696228027344e+01
1.787931442260742188e+01
1.788241958618164062e+01
1.788213539123535156e+01
1.787755012512207031e+01
1.787741470336914062e+01
1.787963294982910156e+01
1.787769317626953125e+01
1.787465667724609375e+01
1.787944602966308594e+01
1.789326286315917969e+01
1.825027847290039062e+01
1.827747535705566406e+01
1.819824409484863281e+01
1.792747306823730469e+01
1.780881309509277344e+01
1.788316726684570312e+01
2.044106674194335938e+01
2.199502372741699219e+01
2.247839355468750000e+01
2.536969375610351562e+01
2.066408348083496094e+01
1.960162353515625000e+01
1.814365959167480469e+01
1.751240158081054688e+01
1.748024368286132812e+01
1.757557296752929688e+01
1.816738128662109375e+01
1.826149940490722656e+01
1.810457992553710938e+01
1.829965782165527344e+01
1.846665000915527344e+01
1.885008430480957031e+01
1.888829994201660156e+01
1.889279174804687500e+01
1.884972000122070312e+01
1.871442604064941406e+01
1.858761215209960938e+01
1.846850585937500000e+01
1.836284828186035156e+01
1.829353904724121094e+01
1.821485519409179688e+01
1.815350341796875000e+01
1.811413574218750000e+01
1.800191688537597656e+01
1.781598663330078125e+01
1.783096313476562500e+01
1.786526489257812500e+01
1.794476890563964844e+01
1.808191490173339844e+01
1.823513221740722656e+01
1.835149574279785156e+01
1.840936470031738281e+01
1.841019248962402344e+01
1.836831665039062500e+01
1.830337333679199219e+01
1.823266601562500000e+01
1.816781425476074219e+01
1.809412956237792969e+01
1.801354026794433594e+01
1.792828941345214844e+01
1.786810302734375000e+01
1.782870483398437500e+01
1.779843521118164062e+01
1.777028656005859375e+01
1.778515625000000000e+01
1.783539962768554688e+01
1.788411712646484375e+01
1.791684150695800781e+01
1.793650245666503906e+01
1.793426513671875000e+01
1.792816734313964844e+01
1.794192695617675781e+01
1.796859741210937500e+01
1.797305679321289062e+01
1.795217514038085938e+01
1.793882942199707031e+01
1.793537330627441406e+01
1.793570709228515625e+01
1.792050170898437500e+01
1.790285301208496094e+01
1.789468002319335938e+01
1.789342308044433594e+01
1.789092445373535156e+01
1.788350868225097656e+01
1.787998580932617188e+01
1.788110733032226562e+01
1.788456916809082031e+01
1.788545608520507812e+01
1.788447952270507812e+01
1.788503456115722656e+01
1.788705635070800781e+01
1.788912582397460938e+01
1.788930320739746094e+01
1.788827896118164062e+01
1.788756942749023438e+01
1.788733863830566406e+01
