4.537213897705078125e+01
4.497014617919921875e+01
4.448144149780273438e+01
4.379755020141601562e+01
4.304392242431640625e+01
4.222893142700195312e+01
4.139770889282226562e+01
4.050470352172851562e+01
3.953885269165039062e+01
3.853677749633789062e+01
3.751090240478515625e+01
3.646902847290039062e+01
3.541705322265625000e+01
3.435996246337890625e+01
3.330260848999023438e+01
3.225008773803710938e+01
3.120793533325195312e+01
3.018219375610351562e+01
2.917923545837402344e+01
2.820559310913085938e+01
2.726769828796386719e+01
2.637162780761718750e+01
2.552288436889648438e+01
2.472619819641113281e+01
2.398536491394042969e+01
2.330312538146972656e+01
2.268111801147460938e+01
2.211982345581054688e+01
2.161864471435546875e+01
2.117595863342285156e+01
2.078927421569824219e+01
2.045538139343261719e+01
2.017054176330566406e+01
1.993065834045410156e+01
1.973145675659179688e+01
1.956863403320312500e+01
1.943797111511230469e+01
1.933541679382324219e+01
1.925716781616210938e+01
1.919969367980957031e+01
1.915975570678710938e+01
1.913441848754882812e+01
1.912104415893554688e+01
1.911728668212890625e+01
1.912106895446777344e+01
1.913057327270507812e+01
1.914423942565917969e+01
1.916072082519531250e+01
1.917889785766601562e+01
1.919783592224121094e+01
1.921677970886230469e+01
1.923514747619628906e+01
1.925248336791992188e+01
1.926846885681152344e+01
1.928289031982421875e+01
1.929562759399414062e+01
1.930663681030273438e+01
1.931593322753906250e+01
1.932358169555664062e+01
1.932968521118164062e+01
1.933437347412109375e+01
1.933778762817382812e+01
1.934007453918457031e+01
1.934139633178710938e+01
1.934189796447753906e+01
1.934172630310058594e+01
1.934101676940917969e+01
1.933988952636718750e+01
1.933845138549804688e+01
1.933680725097656250e+01
1.933503341674804688e+01
1.933320236206054688e+01
1.933137321472167969e+01
1.932958602905273438e+01
1.932788085937500000e+01
1.932628440856933594e+01
1.932481384277343750e+01
1.932347679138183594e+01
1.932228279113769531e+01
1.932122802734375000e+01
1.932031250000000000e+01
1.931953048706054688e+01
1.931887054443359375e+01
1.931832695007324219e+01
1.931788444519042969e+01
1.931753540039062500e+01
1.931726455688476562e+01
1.931706619262695312e+01
1.931692695617675781e+01
1.931683349609375000e+01
1.931678199768066406e+01
1.931676292419433594e+01
1.931676864624023438e+01
1.931679344177246094e+01
1.931683158874511719e+01
1.931687927246093750e+01
1.931693077087402344e+01
1.931698417663574219e+01
1.931703567504882812e+01
1.931708717346191406e+01
1.931713676452636719e+01
1.931718254089355469e+01
1.931721878051757812e+01
1.931724929809570312e+01
1.931727600097656250e+01
1.931729316711425781e+01
1.931730651855468750e+01
1.931731224060058594e+01
1.931731224060058594e+01
1.931731033325195312e+01
1.931729698181152344e+01
1.931728553771972656e+01
1.931726646423339844e+01
1.931724166870117188e+01
1.931721115112304688e+01
1.931716918945312500e+01
1.931711196899414062e+01
1.931697463989257812e+01
1.931646347045898438e+01
1.931524848937988281e+01
1.931329727172851562e+01
1.931088638305664062e+01
1.931036376953125000e+01
1.942954254150390625e+01
1.936077117919921875e+01
1.929771423339843750e+01
1.927926826477050781e+01
1.928227424621582031e+01
1.937936782836914062e+01
1.954175949096679688e+01
1.937218475341796875e+01
1.923735809326171875e+01
1.916091537475585938e+01
1.910914230346679688e+01
1.906702041625976562e+01
1.901789855957031250e+01
1.894915199279785156e+01
1.885867691040039062e+01
1.875526428222656250e+01
1.864783859252929688e+01
1.854604721069335938e+01
1.845921134948730469e+01
1.838913345336914062e+01
1.833320426940917969e+01
1.828529167175292969e+01
1.824004745483398438e+01
1.819417762756347656e+01
1.814716529846191406e+01
1.810303878784179688e+01
1.806649208068847656e+01
1.803731155395507812e+01
1.801038551330566406e+01
1.798332023620605469e+01
1.795698547363281250e+01
1.793299674987792969e+01
1.791257286071777344e+01
1.789670562744140625e+01
1.788538551330566406e+01
1.787726020812988281e+01
1.787020683288574219e+01
1.786281204223632812e+01
1.785523033142089844e+01
1.784850311279296875e+01
1.784329795837402344e+01
1.783935546875000000e+01
1.783581733703613281e+01
1.783195304870605469e+01
1.782763290405273438e+01
1.782327270507812500e+01
1.781938171386718750e+01
1.781615829467773438e+01
1.781342315673828125e+01
1.781082344055175781e+01
1.780809402465820312e+01
1.780517387390136719e+01
1.780215263366699219e+01
1.779912948608398438e+01
1.779613304138183594e+01
1.779311561584472656e+01
1.778999328613281250e+01
1.778672981262207031e+01
1.778336334228515625e+01
1.777999496459960938e+01
1.777671241760253906e+01
1.777353096008300781e+01
1.777036476135253906e+01
1.776706504821777344e+01
1.776351928710937500e+01
1.775969505310058594e+01
1.775566482543945312e+01
1.775153541564941406e+01
1.774739646911621094e+01
1.774328804016113281e+01
1.773920631408691406e+01
1.773513221740722656e+01
1.773104286193847656e+01
1.772690582275390625e+01
1.772258186340332031e+01
1.771747398376464844e+01
1.770750236511230469e+01
1.768071937561035156e+01
1.768612289428710938e+01
1.770079612731933594e+01
1.770821952819824219e+01
1.769515609741210938e+01
1.768054580688476562e+01
1.767048072814941406e+01
1.766639900207519531e+01
1.766632080078125000e+01
1.766676712036132812e+01
1.766463088989257812e+01
1.765880775451660156e+01
1.765145111083984375e+01
1.764547729492187500e+01
1.764232444763183594e+01
1.764179039001464844e+01
1.764249038696289062e+01
1.764264869689941406e+01
1.764118576049804688e+01
1.763833808898925781e+01
1.763503837585449219e+01
1.763215065002441406e+01
1.763007545471191406e+01
1.762863349914550781e+01
1.762730789184570312e+01
1.762558364868164062e+01
1.762326049804687500e+01
1.762051010131835938e+01
1.761772537231445312e+01
1.761526679992675781e+01
1.761329841613769531e+01
1.761174011230468750e+01
1.761039733886718750e+01
1.760906028747558594e+01
1.760764503479003906e+01
1.760619163513183594e+01
1.760481071472167969e+01
1.760360908508300781e+01
1.760262298583984375e+01
1.760181617736816406e+01
1.760110473632812500e+01
1.760039710998535156e+01
1.759965515136718750e+01
1.759887886047363281e+01
1.759810638427734375e+01
1.759737968444824219e+01
1.759671783447265625e+01
1.759611511230468750e+01
1.759554481506347656e+01
1.759497261047363281e+01
1.759438133239746094e+01
1.759376716613769531e+01
1.759313774108886719e+01
1.759252357482910156e+01
1.759192848205566406e+01
1.759135437011718750e+01
1.759080123901367188e+01
1.759025001525878906e+01
1.758968925476074219e+01
1.758911705017089844e+01
1.758853340148925781e+01
1.758794784545898438e+01
1.758736610412597656e+01
1.758679580688476562e+01
1.758623886108398438e+01
1.758568572998046875e+01
1.758513832092285156e+01
1.758459663391113281e+01
1.758406257629394531e+01
1.758354187011718750e+01
1.758303833007812500e+01
1.758255386352539062e+01
1.758208656311035156e+01
1.758163452148437500e+01
1.758119201660156250e+01
1.758075523376464844e+01
1.758032417297363281e+01
1.757989120483398438e+01
1.757945823669433594e+01
1.757902336120605469e+01
1.757858467102050781e+01
1.757814598083496094e+01
1.757769966125488281e+01
1.757725334167480469e+01
1.757680320739746094e+01
1.757635307312011719e+01
1.757590103149414062e+01
1.757545280456542969e+01
1.757501220703125000e+01
1.757457160949707031e+01
1.757414054870605469e+01
1.757371520996093750e+01
1.757329177856445312e+01
1.757287597656250000e+01
1.757246780395507812e+01
1.757206535339355469e+01
1.757167053222656250e+01
1.757127761840820312e+01
1.757089424133300781e+01
1.757051467895507812e+01
1.757014083862304688e+01
1.756977081298828125e+01
1.756940841674804688e+01
1.756904792785644531e+01
1.756869316101074219e+01
1.756834220886230469e+01
1.756799507141113281e+01
1.756765365600585938e+01
1.756731414794921875e+01
1.756698036193847656e+01
1.756665039062500000e+01
1.756632423400878906e+01
1.756599807739257812e+01
1.756568145751953125e+01
1.756536483764648438e+01
1.756505966186523438e+01
1.756475257873535156e+01
1.756445312500000000e+01
1.756415748596191406e+01
1.756386566162109375e+01
1.756357955932617188e+01
1.756329727172851562e+01
1.756301498413085938e+01
1.756274223327636719e+01
1.756247138977050781e+01
1.756220245361328125e+01
1.756194114685058594e+01
1.756168174743652344e+01
1.756142425537109375e+01
1.756117248535156250e+01
1.756092453002929688e+01
1.756067848205566406e+01
1.756043815612792969e+01
1.756019973754882812e+01
1.755996513366699219e+01
1.755973815917968750e+01
1.755950736999511719e+01
1.755928230285644531e+01
1.755906677246093750e+01
1.755884933471679688e+01
1.755863761901855469e+01
1.755842781066894531e+01
1.755822181701660156e+01
1.755802154541015625e+01
1.755782318115234375e+01
1.755762863159179688e+01
1.755743980407714844e+01
1.755725479125976562e+01
1.755707359313964844e+01
1.755689430236816406e+01
1.755672073364257812e+01
1.755655097961425781e+01
1.755638885498046875e+01
1.755622673034667969e+01
1.755607032775878906e+01
1.755591773986816406e+01
1.755577278137207031e+01
1.755563163757324219e+01
1.755549240112304688e+01
1.755536079406738281e+01
1.755523681640625000e+01
1.755511665344238281e+01
1.755500030517578125e+01
1.755489349365234375e+01
1.755479240417480469e+01
1.755469703674316406e+01
1.755461120605468750e+01
1.755453109741210938e+01
1.755445861816406250e+01
1.755439376831054688e+01
1.755433845520019531e+01
1.755429077148437500e+01
1.755425453186035156e+01
1.755422592163085938e+01
1.755420875549316406e+01
1.755420494079589844e+01
1.755420875549316406e+01
1.755422401428222656e+01
1.755425453186035156e+01
1.755429458618164062e+01
1.755434799194335938e+01
1.755441856384277344e+01
1.755449676513671875e+01
1.755459022521972656e+01
1.755469512939453125e+01
1.755481147766113281e+01
1.755493927001953125e+01
1.755507659912109375e+01
1.755522346496582031e+01
1.755537796020507812e+01
1.755553817749023438e+01
1.755570030212402344e+01
1.755586624145507812e+01
1.755602836608886719e+01
1.755619049072265625e+01
1.755634117126464844e+01
1.755648612976074219e+01
1.755661964416503906e+01
1.755673980712890625e+01
1.755684089660644531e+01
1.755692672729492188e+01
1.755699348449707031e+01
1.755704116821289062e+01
1.755706596374511719e+01
1.755706977844238281e+01
1.755705451965332031e+01
1.755701637268066406e+01
1.755695915222167969e+01
1.755688476562500000e+01
1.755678939819335938e+01
1.755667877197265625e+01
1.755655288696289062e+01
1.755641746520996094e+01
1.755627250671386719e+01
1.755611610412597656e+01
1.755595016479492188e+01
1.755578422546386719e+01
1.755561256408691406e+01
1.755543708801269531e+01
1.755526161193847656e+01
1.755508422851562500e+01
1.755490875244140625e+01
1.755473327636718750e+01
1.755456161499023438e+01
1.755438995361328125e+01
1.755422019958496094e+01
1.755405616760253906e+01
1.755389022827148438e+01
1.755373001098632812e+01
1.755356979370117188e+01
1.755341339111328125e+01
1.755325889587402344e+01
1.755310630798339844e+01
1.755295372009277344e+01
1.755280494689941406e+01
1.755265998840332031e+01
1.755251502990722656e+01
1.755237007141113281e+01
1.755222892761230469e+01
1.755208969116210938e+01
1.755195236206054688e+01
1.755181312561035156e+01
1.755168151855468750e+01
1.755154991149902344e+01
1.755141639709472656e+01
1.755128669738769531e+01
1.755115890502929688e+01
1.755103302001953125e+01
1.755090904235839844e+01
1.755078506469726562e+01
1.755066299438476562e+01
1.755054092407226562e+01
1.755042648315429688e+01
1.755030632019042969e+01
1.755018997192382812e+01
1.755007553100585938e+01
1.754996109008789062e+01
1.754984855651855469e+01
1.754973602294921875e+01
1.754962539672851562e+01
1.754951286315917969e+01
1.754940414428710938e+01
1.754929542541503906e+01
1.754918670654296875e+01
1.754907989501953125e+01
1.754897499084472656e+01
1.754886627197265625e+01
1.754876136779785156e+01
1.754865837097167969e+01
1.754855537414550781e+01
1.754845237731933594e+01
1.754834938049316406e+01
1.754824829101562500e+01
1.754814720153808594e+01
1.754804801940917969e+01
1.754794692993164062e+01
1.754784965515136719e+01
1.754775047302246094e+01
1.754765129089355469e+01
1.754755401611328125e+01
1.754745674133300781e+01
1.754736137390136719e+01
1.754726791381835938e+01
1.754717254638671875e+01
1.754707908630371094e+01
1.754698371887207031e+01
1.754689216613769531e+01
1.754680061340332031e+01
1.754670715332031250e+01
1.754661369323730469e+01
1.754652595520019531e+01
1.754643249511718750e+01
1.754634475708007812e+01
1.754625320434570312e+01
1.754616546630859375e+01
1.754607772827148438e+01
1.754599189758300781e+01
1.754590225219726562e+01
1.754581642150878906e+01
1.754572868347167969e+01
1.754564476013183594e+01
1.754555702209472656e+01
1.754547309875488281e+01
1.754538917541503906e+01
1.754530334472656250e+01
1.754522132873535156e+01
1.754513549804687500e+01
1.754505348205566406e+01
1.754497146606445312e+01
1.754488945007324219e+01
1.754480743408203125e+01
1.754472541809082031e+01
1.754464530944824219e+01
1.754456520080566406e+01
1.754448318481445312e+01
1.754440498352050781e+01
1.754432678222656250e+01
1.754424858093261719e+01
1.754417037963867188e+01
1.754409217834472656e+01
1.754401397705078125e+01
1.754393768310546875e+01
1.754385757446289062e+01
1.754378128051757812e+01
1.754370498657226562e+01
1.754362869262695312e+01
1.754355430603027344e+01
1.754347801208496094e+01
1.754340553283691406e+01
1.754332923889160156e+01
1.754325485229492188e+01
1.754318046569824219e+01
1.754310798645019531e+01
1.754303550720214844e+01
1.754296302795410156e+01
1.754289054870605469e+01
1.754281806945800781e+01
1.754274559020996094e+01
1.754267311096191406e+01
1.754260253906250000e+01
1.754253005981445312e+01
1.754246139526367188e+01
1.754239082336425781e+01
1.754231834411621094e+01
1.754224777221679688e+01
1.754217910766601562e+01
1.754211044311523438e+01
1.754203987121582031e+01
1.754197120666503906e+01
1.754190254211425781e+01
1.754183387756347656e+01
1.754176712036132812e+01
1.754169845581054688e+01
1.754162979125976562e+01
1.754156303405761719e+01
1.754149436950683594e+01
1.754142761230468750e+01
1.754136276245117188e+01
1.754129600524902344e+01
1.754122924804687500e+01
1.754116249084472656e+01
1.754109573364257812e+01
1.754103279113769531e+01
1.754096603393554688e+01
1.754089927673339844e+01
1.754083442687988281e+01
1.754076766967773438e+01
1.754070281982421875e+01
1.754063987731933594e+01
1.754057312011718750e+01
1.754050827026367188e+01
1.754044151306152344e+01
1.754037475585937500e+01
1.754031181335449219e+01
1.754024505615234375e+01
1.754017829895019531e+01
1.754011535644531250e+01
1.754004669189453125e+01
1.753998184204101562e+01
1.753991317749023438e+01
1.753984260559082031e+01
1.753977394104003906e+01
1.753970146179199219e+01
1.753963279724121094e+01
1.753955268859863281e+01
1.753947448730468750e+01
1.753939247131347656e+01
1.753930664062500000e+01
1.753920745849609375e+01
1.753910064697265625e+01
1.753898048400878906e+01
1.753884696960449219e+01
1.753870773315429688e+01
1.753750801086425781e+01
1.753583717346191406e+01
1.753458595275878906e+01
1.753347778320312500e+01
1.753252220153808594e+01
1.753161048889160156e+01
1.753098106384277344e+01
1.753047370910644531e+01
1.753014373779296875e+01
1.752987098693847656e+01
1.752977180480957031e+01
1.752958488464355469e+01
1.752958488464355469e+01
1.752929115295410156e+01
1.752954101562500000e+01
1.752913093566894531e+01
1.752900123596191406e+01
1.752859497070312500e+01
1.752834320068359375e+01
1.752815055847167969e+01
1.752783012390136719e+01
1.752800750732421875e+01
1.752845382690429688e+01
1.752872276306152344e+01
1.752966499328613281e+01
1.752979660034179688e+01
1.752995491027832031e+01
1.753001594543457031e+01
1.753019714355468750e+01
1.753022956848144531e+01
1.753002357482910156e+01
1.753024482727050781e+01
1.753087806701660156e+01
1.753087997436523438e+01
1.753123855590820312e+01
1.753097724914550781e+01
1.753127861022949219e+01
1.753171730041503906e+01
1.752878761291503906e+01
1.753276062011718750e+01
1.755305290222167969e+01
1.755819892883300781e+01
1.755756759643554688e+01
1.754985237121582031e+01
1.753874397277832031e+01
1.752997970581054688e+01
1.752655601501464844e+01
1.752899932861328125e+01
1.753539085388183594e+01
1.754297447204589844e+01
1.754996681213378906e+01
1.755614471435546875e+01
1.756110000610351562e+01
1.756378364562988281e+01
1.756458282470703125e+01
1.756479644775390625e+01
1.756437110900878906e+01
1.756285858154296875e+01
1.756094360351562500e+01
1.755894088745117188e+01
1.755642890930175781e+01
1.755363082885742188e+01
1.755122756958007812e+01
1.754930114746093750e+01
1.754775047302246094e+01
1.754682922363281250e+01
1.754649543762207031e+01
1.754629516601562500e+01
1.754603195190429688e+01
1.754572486877441406e+01
1.754516983032226562e+01
1.754425621032714844e+01
1.754320335388183594e+01
1.754209518432617188e+01
1.754088401794433594e+01
1.753966522216796875e+01
1.753846359252929688e+01
1.753716087341308594e+01
1.753577613830566406e+01
1.753444290161132812e+01
1.753329086303710938e+01
1.753255081176757812e+01
1.753248023986816406e+01
1.753299713134765625e+01
1.753358268737792969e+01
1.753373908996582031e+01
1.753329467773437500e+01
1.753260040283203125e+01
1.753191375732421875e+01
1.753097152709960938e+01
1.752978324890136719e+01
1.752868461608886719e+01
1.752761268615722656e+01
1.752662658691406250e+01
1.752575302124023438e+01
1.752510261535644531e+01
1.752464294433593750e+01
1.752441406250000000e+01
1.752438163757324219e+01
1.752455711364746094e+01
1.752481651306152344e+01
1.752524375915527344e+01
1.752556037902832031e+01
1.752614021301269531e+01
1.752623367309570312e+01
1.752697753906250000e+01
1.752694702148437500e+01
1.752539443969726562e+01
1.752773284912109375e+01
1.753439140319824219e+01
1.753546714782714844e+01
1.753224945068359375e+01
1.752706718444824219e+01
1.752102088928222656e+01
1.751683044433593750e+01
1.751715660095214844e+01
1.752201843261718750e+01
1.752897453308105469e+01
1.753624343872070312e+01
1.754333877563476562e+01
1.755057907104492188e+01
1.755636024475097656e+01
1.755889320373535156e+01
1.755935287475585938e+01
1.755845069885253906e+01
1.755587005615234375e+01
1.755278778076171875e+01
1.755023956298828125e+01
1.754798698425292969e+01
1.754599761962890625e+01
1.754466819763183594e+01
1.754361915588378906e+01
1.754248046875000000e+01
1.754180908203125000e+01
1.754166221618652344e+01
1.754147911071777344e+01
1.754102706909179688e+01
1.753983306884765625e+01
1.753794670104980469e+01
1.753616333007812500e+01
1.753401374816894531e+01
1.753156089782714844e+01
1.752932167053222656e+01
1.752713775634765625e+01
1.752531051635742188e+01
1.752366447448730469e+01
1.752253150939941406e+01
1.752166748046875000e+01
1.752124404907226562e+01
1.752115440368652344e+01
1.752141952514648438e+01
1.752186012268066406e+01
1.752251815795898438e+01
1.752318763732910156e+01
1.752407455444335938e+01
1.752462577819824219e+01
1.752547645568847656e+01
1.752569007873535156e+01
1.752579879760742188e+01
1.752589035034179688e+01
1.752612304687500000e+01
1.752626419067382812e+01
1.752597236633300781e+01
1.752690315246582031e+01
1.752689933776855469e+01
1.752685356140136719e+01
1.752751731872558594e+01
1.752741813659667969e+01
1.752807044982910156e+01
1.752838134765625000e+01
1.752932548522949219e+01
1.753025436401367188e+01
1.752802848815917969e+01
1.752527046203613281e+01
1.752896499633789062e+01
1.754672431945800781e+01
1.755681800842285156e+01
1.755758094787597656e+01
1.754917144775390625e+01
1.753657722473144531e+01
1.752533721923828125e+01
1.751950645446777344e+01
1.752199935913085938e+01
1.753088378906250000e+01
1.754243659973144531e+01
1.755403709411621094e+01
1.756428337097167969e+01
1.757379913330078125e+01
1.758139038085937500e+01
1.758414459228515625e+01
1.758265876770019531e+01
1.757888412475585938e+01
1.757293510437011719e+01
1.756571578979492188e+01
1.755954933166503906e+01
1.755465507507324219e+01
1.755045890808105469e+01
1.754774665832519531e+01
1.754658508300781250e+01
1.754580497741699219e+01
1.754495048522949219e+01
1.754431724548339844e+01
1.754343986511230469e+01
1.754206085205078125e+01
1.754090309143066406e+01
1.754001235961914062e+01
1.753914833068847656e+01
1.753871536254882812e+01
1.753859710693359375e+01
1.753835678100585938e+01
1.753811264038085938e+01
1.753774070739746094e+01
1.753701210021972656e+01
1.753620338439941406e+01
1.753536415100097656e+01
1.753450012207031250e+01
1.753386306762695312e+01
1.753338432312011719e+01
1.753297615051269531e+01
1.753270721435546875e+01
1.753242301940917969e+01
1.753208732604980469e+01
1.753178215026855469e+01
1.753145027160644531e+01
1.753116798400878906e+01
1.753097343444824219e+01
1.753082275390625000e+01
1.753075027465820312e+01
1.753070640563964844e+01
1.753065109252929688e+01
1.753060150146484375e+01
1.753051757812500000e+01
1.753042411804199219e+01
1.753033638000488281e+01
1.753024482727050781e+01
1.753016471862792969e+01
1.753006935119628906e+01
1.752995681762695312e+01
1.752982330322265625e+01
1.752965164184570312e+01
1.752945518493652344e+01
1.752923393249511719e+01
1.752899932861328125e+01
1.752875137329101562e+01
1.752848815917968750e+01
1.752821540832519531e+01
1.752793121337890625e+01
1.752764511108398438e+01
1.752736473083496094e+01
1.752711296081542969e+01
1.752691268920898438e+01
1.752679443359375000e+01
1.752677917480468750e+01
1.752689361572265625e+01
1.752712631225585938e+01
1.752743721008300781e+01
1.752771186828613281e+01
1.752780151367187500e+01
1.752762413024902344e+01
1.752719879150390625e+01
1.752663803100585938e+01
1.752601814270019531e+01
1.752534103393554688e+01
1.752462577819824219e+01
1.752395629882812500e+01
1.752339553833007812e+01
1.752294921875000000e+01
1.752260780334472656e+01
1.752239418029785156e+01
1.752232742309570312e+01
1.752237319946289062e+01
1.752251052856445312e+01
1.752272987365722656e+01
1.752301025390625000e+01
1.752330970764160156e+01
1.752361297607421875e+01
1.752390480041503906e+01
1.752416229248046875e+01
1.752436637878417969e+01
1.752452659606933594e+01
1.752463531494140625e+01
1.752470016479492188e+01
1.752470970153808594e+01
1.752471542358398438e+01
1.752465248107910156e+01
1.752465057373046875e+01
1.752451896667480469e+01
1.752459716796875000e+01
1.752431869506835938e+01
1.752456092834472656e+01
1.752406692504882812e+01
1.752314376831054688e+01
1.752303314208984375e+01
1.752297019958496094e+01
1.752347564697265625e+01
1.752386093139648438e+01
1.752478790283203125e+01
1.752511978149414062e+01
1.752541542053222656e+01
1.752546691894531250e+01
1.752541160583496094e+01
1.752577018737792969e+01
1.752416038513183594e+01
1.752434921264648438e+01
1.752512359619140625e+01
1.752264785766601562e+01
1.752075004577636719e+01
1.751935386657714844e+01
1.751755142211914062e+01
1.751823234558105469e+01
1.752076148986816406e+01
1.752260398864746094e+01
1.752521705627441406e+01
1.752882003784179688e+01
1.753127861022949219e+01
1.753275489807128906e+01
1.753519058227539062e+01
1.753817939758300781e+01
1.754039764404296875e+01
1.754295158386230469e+01
1.754615020751953125e+01
1.754862785339355469e+01
1.755022430419921875e+01
1.755124092102050781e+01
1.755089569091796875e+01
1.754945564270019531e+01
1.754751968383789062e+01
1.754507255554199219e+01
1.754272842407226562e+01
1.754053306579589844e+01
1.753837585449218750e+01
1.753646469116210938e+01
1.753450965881347656e+01
1.753266143798828125e+01
1.753105926513671875e+01
1.752955627441406250e+01
1.752818679809570312e+01
1.752667045593261719e+01
1.752512931823730469e+01
1.752375984191894531e+01
1.752255249023437500e+01
1.752154159545898438e+01
1.752061843872070312e+01
1.751996231079101562e+01
1.751954269409179688e+01
1.751930236816406250e+01
1.751925086975097656e+01
1.751936912536621094e+01
1.751966476440429688e+01
1.752002906799316406e+01
1.752048873901367188e+01
1.752098846435546875e+01
1.752150344848632812e+01
1.752197837829589844e+01
1.752243423461914062e+01
1.752280616760253906e+01
1.752313232421875000e+01
1.752334594726562500e+01
1.752355003356933594e+01
1.752359199523925781e+01
1.752372741699218750e+01
1.752358627319335938e+01
1.752373313903808594e+01
1.752337646484375000e+01
1.752323532104492188e+01
1.752286720275878906e+01
1.752226066589355469e+01
1.752243423461914062e+01
1.752259063720703125e+01
1.752331924438476562e+01
1.752381896972656250e+01
1.752471733093261719e+01
1.752499008178710938e+01
1.752508926391601562e+01
1.752510261535644531e+01
1.752513694763183594e+01
1.752508163452148438e+01
1.752432060241699219e+01
1.752533340454101562e+01
1.752593994140625000e+01
1.752416419982910156e+01
1.752063369750976562e+01
1.751593589782714844e+01
1.751421737670898438e+01
1.751671028137207031e+01
1.752151489257812500e+01
1.752691459655761719e+01
1.753267669677734375e+01
1.753857612609863281e+01
1.754301071166992188e+01
1.754731369018554688e+01
1.755031394958496094e+01
1.754924011230468750e+01
1.754458236694335938e+01
1.753968429565429688e+01
1.753843116760253906e+01
1.753809738159179688e+01
1.753526496887207031e+01
1.753253936767578125e+01
1.752937889099121094e+01
1.752470207214355469e+01
1.752079200744628906e+01
1.752130317687988281e+01
1.752522659301757812e+01
1.752914047241210938e+01
1.753238105773925781e+01
1.753623390197753906e+01
