4.733884048461914062e+01
4.645880508422851562e+01
4.553661346435546875e+01
4.451203918457031250e+01
4.342987823486328125e+01
4.226451873779296875e+01
4.106208038330078125e+01
3.986190414428710938e+01
3.862265014648437500e+01
3.736718750000000000e+01
3.609789276123046875e+01
3.480264663696289062e+01
3.350223541259765625e+01
3.211414718627929688e+01
3.092183113098144531e+01
2.985096168518066406e+01
2.887363433837890625e+01
2.798859596252441406e+01
2.720098114013671875e+01
2.651275062561035156e+01
2.592264366149902344e+01
2.542658615112304688e+01
2.501834487915039062e+01
2.469029426574707031e+01
2.443412208557128906e+01
2.424134635925292969e+01
2.410364532470703125e+01
2.401300430297851562e+01
2.396179199218750000e+01
2.394277381896972656e+01
2.394915962219238281e+01
2.397467613220214844e+01
2.414538955688476562e+01
2.406049156188964844e+01
2.411137962341308594e+01
2.416281890869140625e+01
2.421204566955566406e+01
2.425703430175781250e+01
2.429644203186035156e+01
2.432951545715332031e+01
2.435601043701171875e+01
2.437606811523437500e+01
2.439012145996093750e+01
2.439880943298339844e+01
2.440287208557128906e+01
2.440310859680175781e+01
2.440028762817382812e+01
2.439513778686523438e+01
2.438828659057617188e+01
2.438025665283203125e+01
2.437137603759765625e+01
2.436173820495605469e+01
2.435130310058593750e+01
2.433998870849609375e+01
2.434607505798339844e+01
2.442422485351562500e+01
2.443318748474121094e+01
2.443837738037109375e+01
2.443451499938964844e+01
2.440348434448242188e+01
2.437380027770996094e+01
2.428683662414550781e+01
2.443425750732421875e+01
2.432713317871093750e+01
2.423108100891113281e+01
2.415261840820312500e+01
2.407264518737792969e+01
2.400499725341796875e+01
2.395998191833496094e+01
2.376183319091796875e+01
2.370658302307128906e+01
2.361446952819824219e+01
2.356209564208984375e+01
2.352610969543457031e+01
2.349718666076660156e+01
2.347114753723144531e+01
2.344423103332519531e+01
2.341451454162597656e+01
2.338342285156250000e+01
2.333764457702636719e+01
2.330504798889160156e+01
2.327292251586914062e+01
2.324143791198730469e+01
2.321069145202636719e+01
2.317872428894042969e+01
2.316667556762695312e+01
2.314266967773437500e+01
2.312193489074707031e+01
2.310445785522460938e+01
2.308997535705566406e+01
2.307819747924804688e+01
2.306901741027832031e+01
2.306285858154296875e+01
2.306137847900390625e+01
2.306927680969238281e+01
2.310601615905761719e+01
2.317961311340332031e+01
2.323552703857421875e+01
2.308935737609863281e+01
2.308437728881835938e+01
2.301276779174804688e+01
2.290225410461425781e+01
2.287677192687988281e+01
2.276168823242187500e+01
2.268339157104492188e+01
2.268906784057617188e+01
2.269439888000488281e+01
2.254424285888671875e+01
2.251139831542968750e+01
2.260796737670898438e+01
2.262471580505371094e+01
2.258283042907714844e+01
2.255209159851074219e+01
2.243874168395996094e+01
2.236882400512695312e+01
2.236200904846191406e+01
2.230943679809570312e+01
2.228152465820312500e+01
2.224352264404296875e+01
2.224665832519531250e+01
2.220016288757324219e+01
2.213690948486328125e+01
2.213529014587402344e+01
2.213656234741210938e+01
2.212604331970214844e+01
2.210114669799804688e+01
2.208105278015136719e+01
2.207010459899902344e+01
2.207060241699218750e+01
2.207351303100585938e+01
2.207390975952148438e+01
2.206608009338378906e+01
2.205762863159179688e+01
2.204889488220214844e+01
2.204375267028808594e+01
2.203792953491210938e+01
2.203302574157714844e+01
2.202634620666503906e+01
2.202211570739746094e+01
2.201669502258300781e+01
2.201150321960449219e+01
2.200313758850097656e+01
2.199546813964843750e+01
2.198690223693847656e+01
2.198114967346191406e+01
2.197504043579101562e+01
2.195539283752441406e+01
2.195193290710449219e+01
2.198324203491210938e+01
2.199411964416503906e+01
2.194116020202636719e+01
2.192929458618164062e+01
2.193930435180664062e+01
2.196737098693847656e+01
2.194044303894042969e+01
2.191613197326660156e+01
2.190002632141113281e+01
2.189357185363769531e+01
2.189218521118164062e+01
2.187087821960449219e+01
2.186258316040039062e+01
2.186244392395019531e+01
2.185676002502441406e+01
2.186193847656250000e+01
2.188282966613769531e+01
2.191018295288085938e+01
2.193060493469238281e+01
2.188365554809570312e+01
2.181549453735351562e+01
2.177506446838378906e+01
2.175688934326171875e+01
2.173940086364746094e+01
2.172892951965332031e+01
2.173134803771972656e+01
2.174403572082519531e+01
2.174507904052734375e+01
2.173609924316406250e+01
2.173515319824218750e+01
2.174030685424804688e+01
2.173502349853515625e+01
2.172488403320312500e+01
2.172494316101074219e+01
2.173351669311523438e+01
2.172877693176269531e+01
2.171921730041503906e+01
2.172060012817382812e+01
2.173074913024902344e+01
2.172721099853515625e+01
2.171541404724121094e+01
2.171385383605957031e+01
2.171979331970214844e+01
2.171133041381835938e+01
2.169629669189453125e+01
2.169207000732421875e+01
2.169644165039062500e+01
2.168699073791503906e+01
2.167234420776367188e+01
2.166957092285156250e+01
2.167590332031250000e+01
2.166929626464843750e+01
2.165680885314941406e+01
2.165538597106933594e+01
2.166210174560546875e+01
2.165561676025390625e+01
2.164348220825195312e+01
2.164213562011718750e+01
2.164894485473632812e+01
2.164317512512207031e+01
2.163240051269531250e+01
2.163243293762207031e+01
2.164047622680664062e+01
2.163638114929199219e+01
2.162697601318359375e+01
2.162758636474609375e+01
2.163545417785644531e+01
2.163142585754394531e+01
2.162227249145507812e+01
2.162275505065917969e+01
2.163024330139160156e+01
2.162654113769531250e+01
2.161811065673828125e+01
2.161891365051269531e+01
2.162632751464843750e+01
2.162302970886230469e+01
2.161507606506347656e+01
2.161579322814941406e+01
2.162266159057617188e+01
2.161943244934082031e+01
2.161185646057128906e+01
2.161252212524414062e+01
2.161900901794433594e+01
2.161605834960937500e+01
2.160902976989746094e+01
2.160975456237792969e+01
2.161588478088378906e+01
2.161313247680664062e+01
2.160651779174804688e+01
2.160716056823730469e+01
2.161281967163085938e+01
2.161022377014160156e+01
2.160402488708496094e+01
2.160460662841796875e+01
2.160980987548828125e+01
2.160736656188964844e+01
2.160157012939453125e+01
2.160205078125000000e+01
2.160674476623535156e+01
2.160441207885742188e+01
2.159900856018066406e+01
2.159940147399902344e+01
2.160363578796386719e+01
2.160148429870605469e+01
2.159654235839843750e+01
2.159691619873046875e+01
2.160074615478515625e+01
2.159876441955566406e+01
2.159423255920410156e+01
2.159453010559082031e+01
2.159789657592773438e+01
2.159600257873535156e+01
2.159181022644042969e+01
2.161279678344726562e+01
2.164158058166503906e+01
2.163618469238281250e+01
2.162541198730468750e+01
2.161633300781250000e+01
2.160871124267578125e+01
2.160132598876953125e+01
2.159118461608886719e+01
2.158253479003906250e+01
2.157923698425292969e+01
2.157801055908203125e+01
2.156825447082519531e+01
2.155611991882324219e+01
2.156756973266601562e+01
2.159257125854492188e+01
2.159394264221191406e+01
2.158593750000000000e+01
2.158123588562011719e+01
2.158008193969726562e+01
2.157733535766601562e+01
2.157275962829589844e+01
2.157151794433593750e+01
2.159951591491699219e+01
2.164482688903808594e+01
2.164484405517578125e+01
2.162705802917480469e+01
2.161316299438476562e+01
2.160700416564941406e+01
2.161813354492187500e+01
2.164081764221191406e+01
2.161337471008300781e+01
2.157436180114746094e+01
2.155666542053222656e+01
2.155418777465820312e+01
2.158652877807617188e+01
2.164048385620117188e+01
2.164870643615722656e+01
2.162588119506835938e+01
2.160452270507812500e+01
2.159248733520507812e+01
2.158745574951171875e+01
2.158271598815917969e+01
2.157845306396484375e+01
2.157746696472167969e+01
2.158090591430664062e+01
2.158755683898925781e+01
2.158981895446777344e+01
2.158567619323730469e+01
2.158211135864257812e+01
2.158326911926269531e+01
2.158782768249511719e+01
2.159117126464843750e+01
2.159165382385253906e+01
2.159152603149414062e+01
2.159231185913085938e+01
2.159316825866699219e+01
2.158577537536621094e+01
2.154934120178222656e+01
2.152072906494140625e+01
2.151235771179199219e+01
2.150876426696777344e+01
2.151154899597167969e+01
2.152009582519531250e+01
2.153065681457519531e+01
2.154024887084960938e+01
2.154411697387695312e+01
2.153941535949707031e+01
2.153029251098632812e+01
2.152204704284667969e+01
2.151745986938476562e+01
2.151672744750976562e+01
2.151745414733886719e+01
2.151720619201660156e+01
2.151578903198242188e+01
2.153171348571777344e+01
2.155674171447753906e+01
2.155373573303222656e+01
2.153998374938964844e+01
2.152974510192871094e+01
2.152312088012695312e+01
2.151804924011230469e+01
2.151335525512695312e+01
2.150856971740722656e+01
2.150301170349121094e+01
2.149555206298828125e+01
2.148680496215820312e+01
2.148013877868652344e+01
2.147900772094726562e+01
2.149611854553222656e+01
2.152195549011230469e+01
2.152372550964355469e+01
2.151764488220214844e+01
2.151406097412109375e+01
2.151276588439941406e+01
2.151220130920410156e+01
2.151055335998535156e+01
2.150892448425292969e+01
2.150764083862304688e+01
2.150385284423828125e+01
2.149727249145507812e+01
2.149220085144042969e+01
2.149130821228027344e+01
2.149460983276367188e+01
2.149956893920898438e+01
2.150208854675292969e+01
2.150165748596191406e+01
2.150033378601074219e+01
2.149983978271484375e+01
2.150008392333984375e+01
2.149983596801757812e+01
2.149897766113281250e+01
2.149811172485351562e+01
2.149795722961425781e+01
2.149811935424804688e+01
2.149758148193359375e+01
2.149661445617675781e+01
2.149601364135742188e+01
2.149647331237792969e+01
2.149733161926269531e+01
2.149718666076660156e+01
2.149590682983398438e+01
2.149432182312011719e+01
2.149345588684082031e+01
2.149311637878417969e+01
2.149233055114746094e+01
2.149110984802246094e+01
2.149004364013671875e+01
2.150332069396972656e+01
2.152584266662597656e+01
2.152347755432128906e+01
2.151350784301757812e+01
2.150779533386230469e+01
2.150502204895019531e+01
2.150278663635253906e+01
2.149876403808593750e+01
2.149525260925292969e+01
2.148731803894042969e+01
2.147959327697753906e+01
2.147216224670410156e+01
2.146684074401855469e+01
2.146601867675781250e+01
2.148137092590332031e+01
2.150703811645507812e+01
2.150621414184570312e+01
2.149949836730957031e+01
2.149848937988281250e+01
2.149938201904296875e+01
2.150008583068847656e+01
2.150016975402832031e+01
2.150013351440429688e+01
2.149819946289062500e+01
2.149189758300781250e+01
2.148387527465820312e+01
2.147832107543945312e+01
2.147627830505371094e+01
2.147805404663085938e+01
2.148262214660644531e+01
2.148554039001464844e+01
2.148518180847167969e+01
2.148443984985351562e+01
2.148474884033203125e+01
2.148575973510742188e+01
2.148725891113281250e+01
2.148907852172851562e+01
2.149011993408203125e+01
2.148943901062011719e+01
2.148783302307128906e+01
2.148668289184570312e+01
2.148630714416503906e+01
2.148633193969726562e+01
2.148640060424804688e+01
2.148631095886230469e+01
2.148573684692382812e+01
2.148456954956054688e+01
2.148333168029785156e+01
2.148260879516601562e+01
2.148233795166015625e+01
2.148208427429199219e+01
2.148168754577636719e+01
2.148137855529785156e+01
2.148111915588378906e+01
2.148077774047851562e+01
2.148054122924804688e+01
2.148071861267089844e+01
2.148107147216796875e+01
2.148111343383789062e+01
2.148086166381835938e+01
2.148070907592773438e+01
2.148064613342285156e+01
2.148042678833007812e+01
2.148013877868652344e+01
2.148007965087890625e+01
2.148011398315429688e+01
2.147989082336425781e+01
2.147953414916992188e+01
2.147941589355468750e+01
2.147946166992187500e+01
2.147933578491210938e+01
2.147908592224121094e+01
2.148895072937011719e+01
2.150457000732421875e+01
2.150377655029296875e+01
2.149852943420410156e+01
2.149562072753906250e+01
2.149338340759277344e+01
2.149048805236816406e+01
2.148708152770996094e+01
2.148259925842285156e+01
2.147453308105468750e+01
2.146766281127929688e+01
2.146309089660644531e+01
2.146177673339843750e+01
2.147149276733398438e+01
2.148754692077636719e+01
2.148718261718750000e+01
2.148515892028808594e+01
2.148649787902832031e+01
2.148775672912597656e+01
2.148844528198242188e+01
2.148960876464843750e+01
2.148982238769531250e+01
2.148621749877929688e+01
2.148032760620117188e+01
2.147594261169433594e+01
2.147406768798828125e+01
2.147518920898437500e+01
2.147837638854980469e+01
2.147967338562011719e+01
2.147888946533203125e+01
2.147870635986328125e+01
2.147950744628906250e+01
2.148068428039550781e+01
2.148210144042968750e+01
2.148337936401367188e+01
2.148362731933593750e+01
2.148284339904785156e+01
2.148204994201660156e+01
2.148193550109863281e+01
2.148227691650390625e+01
2.148234176635742188e+01
2.148179817199707031e+01
2.148100471496582031e+01
2.148023986816406250e+01
2.147953033447265625e+01
2.147908210754394531e+01
2.147913932800292969e+01
2.147937202453613281e+01
2.147927284240722656e+01
2.147898483276367188e+01
2.147900199890136719e+01
2.147927856445312500e+01
2.147941970825195312e+01
2.147937011718750000e+01
2.147937393188476562e+01
2.147935676574707031e+01
2.147910308837890625e+01
2.147878646850585938e+01
2.148821830749511719e+01
2.150247192382812500e+01
2.150157356262207031e+01
2.149797630310058594e+01
2.149639511108398438e+01
2.149459075927734375e+01
2.149193954467773438e+01
2.148864936828613281e+01
2.148374938964843750e+01
2.147641372680664062e+01
2.146891403198242188e+01
2.146340179443359375e+01
2.146059417724609375e+01
2.146870803833007812e+01
2.148747825622558594e+01
2.148599052429199219e+01
2.148345375061035156e+01
2.148637962341308594e+01
2.152545738220214844e+01
2.156342506408691406e+01
2.198492050170898438e+01
2.182742691040039062e+01
2.148880195617675781e+01
2.144388580322265625e+01
2.143284034729003906e+01
2.152496337890625000e+01
2.155872535705566406e+01
2.154096984863281250e+01
2.145059013366699219e+01
2.140333747863769531e+01
2.139312362670898438e+01
2.149035835266113281e+01
2.153957748413085938e+01
2.153703117370605469e+01
2.150646400451660156e+01
2.143011474609375000e+01
2.135745239257812500e+01
2.132072639465332031e+01
2.131078338623046875e+01
2.132019805908203125e+01
2.132922744750976562e+01
2.132597923278808594e+01
2.132632446289062500e+01
2.134181404113769531e+01
2.135967445373535156e+01
2.136743927001953125e+01
2.136449813842773438e+01
2.135729217529296875e+01
2.135253906250000000e+01
2.135179519653320312e+01
2.135122489929199219e+01
2.134794425964355469e+01
2.134396934509277344e+01
2.134291076660156250e+01
2.134547424316406250e+01
2.134736061096191406e+01
2.134441947937011719e+01
2.133889770507812500e+01
2.133427810668945312e+01
2.133020019531250000e+01
2.132611274719238281e+01
2.132205009460449219e+01
2.131673431396484375e+01
2.131059837341308594e+01
2.130636405944824219e+01
2.130367660522460938e+01
2.129962348937988281e+01
2.129683303833007812e+01
2.129464912414550781e+01
2.129134750366210938e+01
2.128932380676269531e+01
2.128672218322753906e+01
2.128375625610351562e+01
2.128291702270507812e+01
2.128161811828613281e+01
2.127933692932128906e+01
2.127857017517089844e+01
2.127797317504882812e+01
2.127678108215332031e+01
2.127622795104980469e+01
2.127582168579101562e+01
2.127544784545898438e+01
2.127522087097167969e+01
2.127455711364746094e+01
2.127416038513183594e+01
2.127432250976562500e+01
2.127404403686523438e+01
2.127367591857910156e+01
2.127381324768066406e+01
2.127373313903808594e+01
2.127341270446777344e+01
2.127338218688964844e+01
2.127338027954101562e+01
2.127330589294433594e+01
2.127326011657714844e+01
2.127305412292480469e+01
2.127288818359375000e+01
2.127298545837402344e+01
2.127307319641113281e+01
2.127318000793457031e+01
2.127351379394531250e+01
2.127380561828613281e+01
2.127394294738769531e+01
2.127406311035156250e+01
2.127412223815917969e+01
2.127404594421386719e+01
2.127378845214843750e+01
2.127328872680664062e+01
2.128461456298828125e+01
2.130062866210937500e+01
2.129745864868164062e+01
2.129256057739257812e+01
2.128677368164062500e+01
2.127859497070312500e+01
2.126701927185058594e+01
2.125332641601562500e+01
2.125516128540039062e+01
2.127030944824218750e+01
2.127020263671875000e+01
2.126280021667480469e+01
2.125593566894531250e+01
2.125061225891113281e+01
2.124562263488769531e+01
2.126630592346191406e+01
2.128967094421386719e+01
2.127527618408203125e+01
2.126052856445312500e+01
2.125599670410156250e+01
2.125226211547851562e+01
2.123260498046875000e+01
2.121387863159179688e+01
2.120335388183593750e+01
2.118897247314453125e+01
2.118212127685546875e+01
2.117634773254394531e+01
2.116484069824218750e+01
2.115768432617187500e+01
2.115665626525878906e+01
2.115595054626464844e+01
2.115457534790039062e+01
2.115374183654785156e+01
2.115279769897460938e+01
2.115240669250488281e+01
2.115494918823242188e+01
2.115622520446777344e+01
2.115541267395019531e+01
2.115626716613769531e+01
2.115756416320800781e+01
2.115813064575195312e+01
2.115864562988281250e+01
2.115830421447753906e+01
2.115734100341796875e+01
2.115704345703125000e+01
2.115645980834960938e+01
2.115503501892089844e+01
2.115391731262207031e+01
2.115269088745117188e+01
2.115090560913085938e+01
2.114946556091308594e+01
2.114783287048339844e+01
2.114576148986816406e+01
2.114416122436523438e+01
2.114270401000976562e+01
2.114098358154296875e+01
2.113942718505859375e+01
2.113803863525390625e+01
2.113703536987304688e+01
2.113684463500976562e+01
2.113683319091796875e+01
2.113652038574218750e+01
2.113646507263183594e+01
2.113677597045898438e+01
2.113689422607421875e+01
2.113673210144042969e+01
2.113661956787109375e+01
2.113664245605468750e+01
2.113672065734863281e+01
2.113695144653320312e+01
2.113785934448242188e+01
2.114099121093750000e+01
2.115109252929687500e+01
2.116067123413085938e+01
2.114401054382324219e+01
2.112718200683593750e+01
2.112119483947753906e+01
2.112297439575195312e+01
2.112904167175292969e+01
2.113179206848144531e+01
2.112596511840820312e+01
2.111914253234863281e+01
2.111657142639160156e+01
2.111824798583984375e+01
2.112141990661621094e+01
2.112381553649902344e+01
2.112366485595703125e+01
2.112085533142089844e+01
2.111787986755371094e+01
2.111648941040039062e+01
2.111631202697753906e+01
2.111701393127441406e+01
2.111799049377441406e+01
2.111752319335937500e+01
2.111560630798339844e+01
2.111392211914062500e+01
2.111301994323730469e+01
2.111255645751953125e+01
2.111261177062988281e+01
2.111268043518066406e+01
2.111193275451660156e+01
2.111068344116210938e+01
2.110980033874511719e+01
2.110948562622070312e+01
2.110943412780761719e+01
2.110924720764160156e+01
2.110884284973144531e+01
2.110845375061035156e+01
2.110807991027832031e+01
2.110764312744140625e+01
2.110745239257812500e+01
2.110758209228515625e+01
2.110754394531250000e+01
2.110714340209960938e+01
2.110678863525390625e+01
2.110667800903320312e+01
2.110658836364746094e+01
2.110637855529785156e+01
2.110621070861816406e+01
2.110616874694824219e+01
2.110599708557128906e+01
2.110560035705566406e+01
2.110531806945800781e+01
2.110531044006347656e+01
2.110523986816406250e+01
2.110492324829101562e+01
2.110465240478515625e+01
2.110456848144531250e+01
2.110442543029785156e+01
2.110411262512207031e+01
2.110389328002929688e+01
2.110387611389160156e+01
2.110378074645996094e+01
2.110345649719238281e+01
2.110321617126464844e+01
2.110319900512695312e+01
2.110312271118164062e+01
2.110284614562988281e+01
2.110264015197753906e+01
2.110262870788574219e+01
2.110254478454589844e+01
2.110226631164550781e+01
2.110206985473632812e+01
2.110207748413085938e+01
2.110201644897460938e+01
2.110174942016601562e+01
2.110155105590820312e+01
2.110155868530273438e+01
2.110149955749511719e+01
2.110124206542968750e+01
2.110105895996093750e+01
2.110107421875000000e+01
2.110102081298828125e+01
2.110076713562011719e+01
2.110058975219726562e+01
2.110061645507812500e+01
2.110057258605957031e+01
2.110033226013183594e+01
2.110016822814941406e+01
2.110019493103027344e+01
2.110016059875488281e+01
2.109992980957031250e+01
2.109977722167968750e+01
2.109981727600097656e+01
2.109979057312011719e+01
2.109957122802734375e+01
2.109942817687988281e+01
2.109947395324707031e+01
2.109945678710937500e+01
2.109925079345703125e+01
2.109911346435546875e+01
2.109916877746582031e+01
2.109915733337402344e+01
2.109895896911621094e+01
2.109882736206054688e+01
2.109888648986816406e+01
2.109888267517089844e+01
2.109868431091308594e+01
2.109855651855468750e+01
2.109861946105957031e+01
2.109861564636230469e+01
2.109842109680175781e+01
2.109829711914062500e+01
2.109835815429687500e+01
2.109835243225097656e+01
2.109815597534179688e+01
2.109802436828613281e+01
2.109807968139648438e+01
2.109806251525878906e+01
2.109785270690917969e+01
2.109771156311035156e+01
2.109774589538574219e+01
2.109770202636718750e+01
2.109746742248535156e+01
2.109729003906250000e+01
2.109728813171386719e+01
2.109723091125488281e+01
2.109707450866699219e+01
2.109685516357421875e+01
2.109651947021484375e+01
2.109624862670898438e+01
2.109587287902832031e+01
2.109561347961425781e+01
2.109540176391601562e+01
2.109506034851074219e+01
2.109460830688476562e+01
2.109431648254394531e+01
2.109444808959960938e+01
2.109389305114746094e+01
2.109234237670898438e+01
2.109153556823730469e+01
2.109146690368652344e+01
2.108731651306152344e+01
2.108466339111328125e+01
2.107761383056640625e+01
2.107653999328613281e+01
2.107483863830566406e+01
2.106975364685058594e+01
2.114150810241699219e+01
2.114167213439941406e+01
2.110048484802246094e+01
2.107662773132324219e+01
2.105259132385253906e+01
2.108031082153320312e+01
2.105002403259277344e+01
2.104160308837890625e+01
2.109010124206542969e+01
2.104446601867675781e+01
2.102957534790039062e+01
2.108367156982421875e+01
2.102647209167480469e+01
2.102183723449707031e+01
2.106171798706054688e+01
2.101839637756347656e+01
2.101475715637207031e+01
2.104401206970214844e+01
2.101448440551757812e+01
2.100974464416503906e+01
2.103509330749511719e+01
2.101070594787597656e+01
2.100572776794433594e+01
2.102751922607421875e+01
2.100687408447265625e+01
2.100242042541503906e+01
2.102248573303222656e+01
2.100279808044433594e+01
2.099777603149414062e+01
2.101754760742187500e+01
2.099758148193359375e+01
2.099246406555175781e+01
2.101155471801757812e+01
2.099250030517578125e+01
2.098769950866699219e+01
2.101339340209960938e+01
2.104281616210937500e+01
2.099741363525390625e+01
2.101571655273437500e+01
2.100559806823730469e+01
2.100913238525390625e+01
2.101805877685546875e+01
2.100255775451660156e+01
2.100029945373535156e+01
2.100895881652832031e+01
2.100006675720214844e+01
2.099897766113281250e+01
2.101420593261718750e+01
2.100237655639648438e+01
2.099158287048339844e+01
2.100060462951660156e+01
2.098971366882324219e+01
2.098731040954589844e+01
2.100013160705566406e+01
2.098994636535644531e+01
2.098841857910156250e+01
2.100175094604492188e+01
2.099185371398925781e+01
2.098871612548828125e+01
2.100246810913085938e+01
2.099269866943359375e+01
2.099051094055175781e+01
2.100744438171386719e+01
2.099636840820312500e+01
2.099382972717285156e+01
2.101564407348632812e+01
2.100046920776367188e+01
2.099687576293945312e+01
2.102443885803222656e+01
2.100189399719238281e+01
2.099831771850585938e+01
2.102620697021484375e+01
2.099992752075195312e+01
2.099760246276855469e+01
2.101810836791992188e+01
2.099620437622070312e+01
2.099485588073730469e+01
2.100843238830566406e+01
2.099295234680175781e+01
2.099190139770507812e+01
2.100158500671386719e+01
2.099091911315917969e+01
2.099021339416503906e+01
2.099749374389648438e+01
2.098952484130859375e+01
2.098908424377441406e+01
2.099478149414062500e+01
2.098861122131347656e+01
2.098850059509277344e+01
2.099308013916015625e+01
2.098799705505371094e+01
2.098800086975097656e+01
2.099164390563964844e+01
2.098722076416015625e+01
2.098734283447265625e+01
2.099030685424804688e+01
2.098641204833984375e+01
2.098666191101074219e+01
2.098905563354492188e+01
2.098560523986816406e+01
2.098596954345703125e+01
2.098787498474121094e+01
2.098484802246093750e+01
2.098530769348144531e+01
2.098680496215820312e+01
2.098412513732910156e+01
2.098463249206542969e+01
2.098579216003417969e+01
2.098342895507812500e+01
2.098395919799804688e+01
2.098483657836914062e+01
2.098277473449707031e+01
2.098331451416015625e+01
2.098395729064941406e+01
2.098216438293457031e+01
2.098268318176269531e+01
2.098313713073730469e+01
2.098155975341796875e+01
2.098203659057617188e+01
2.098233985900878906e+01
2.098094558715820312e+01
2.098139953613281250e+01
2.097939872741699219e+01
2.061855697631835938e+01
1.944304656982421875e+01
1.825409317016601562e+01
1.725546646118164062e+01
1.655252075195312500e+01
1.615382194519042969e+01
1.599427318572998047e+01
1.597620773315429688e+01
1.601082801818847656e+01
1.604409027099609375e+01
1.604606056213378906e+01
1.602176094055175781e+01
1.599985218048095703e+01
1.599282646179199219e+01
1.600596809387207031e+01
1.603785705566406250e+01
1.608137321472167969e+01
1.612378692626953125e+01
1.615790939331054688e+01
1.618023109436035156e+01
1.618735885620117188e+01
1.618137168884277344e+01
1.616835784912109375e+01
1.614956474304199219e+01
1.612888526916503906e+01
1.611116218566894531e+01
1.609510612487792969e+01
1.608251571655273438e+01
1.607569122314453125e+01
1.607043647766113281e+01
1.606755447387695312e+01
1.606840515136718750e+01
1.606862068176269531e+01
