2.941910505294799805e+00
2.827123641967773438e+00
2.708971977233886719e+00
2.591773986816406250e+00
2.477617025375366211e+00
2.367908000946044922e+00
2.255264997482299805e+00
2.140627861022949219e+00
2.029870986938476562e+00
1.925896525382995605e+00
1.830629706382751465e+00
1.745338201522827148e+00
1.670698046684265137e+00
1.606411099433898926e+00
1.538596630096435547e+00
1.476841926574707031e+00
1.423611760139465332e+00
1.379818677902221680e+00
1.345534920692443848e+00
1.320251941680908203e+00
1.303055524826049805e+00
1.292793154716491699e+00
1.288235187530517578e+00
1.288201212882995605e+00
1.291615366935729980e+00
1.297513008117675781e+00
1.305112481117248535e+00
1.313627839088439941e+00
1.322408795356750488e+00
1.330189108848571777e+00
1.336494803428649902e+00
1.340126872062683105e+00
1.345904350280761719e+00
1.349643826484680176e+00
1.347888231277465820e+00
1.328742504119873047e+00
1.307692885398864746e+00
1.285129189491271973e+00
1.260507583618164062e+00
1.236159563064575195e+00
1.233667612075805664e+00
1.243872523307800293e+00
1.245820045471191406e+00
1.244296669960021973e+00
1.232535362243652344e+00
1.212182044982910156e+00
1.208891391754150391e+00
1.203749299049377441e+00
1.197821974754333496e+00
1.191362380981445312e+00
1.182525157928466797e+00
1.177093386650085449e+00
1.173612952232360840e+00
1.170288324356079102e+00
1.167014718055725098e+00
1.165006160736083984e+00
1.163726449012756348e+00
1.162668228149414062e+00
1.161093473434448242e+00
1.121684074401855469e+00
1.135620832443237305e+00
1.190980553627014160e+00
1.204277873039245605e+00
1.205997705459594727e+00
1.204362511634826660e+00
1.192189097404479980e+00
1.167226552963256836e+00
1.122356772422790527e+00
1.117710113525390625e+00
1.155190229415893555e+00
1.171867966651916504e+00
1.163515925407409668e+00
1.129242181777954102e+00
1.093142390251159668e+00
1.003868937492370605e+00
9.694570899009704590e-01
9.337909221649169922e-01
8.610062599182128906e-01
8.552964329719543457e-01
8.521892428398132324e-01
8.560836911201477051e-01
8.653939962387084961e-01
8.597406744956970215e-01
8.301955461502075195e-01
7.899672985076904297e-01
7.814915180206298828e-01
7.805441021919250488e-01
7.804072499275207520e-01
7.759909033775329590e-01
7.718812823295593262e-01
7.713285088539123535e-01
7.721810936927795410e-01
7.692577242851257324e-01
7.903561592102050781e-01
8.056524991989135742e-01
7.775646448135375977e-01
7.652700543403625488e-01
7.738115787506103516e-01
7.676802277565002441e-01
8.025112152099609375e-01
8.837969303131103516e-01
8.498587608337402344e-01
7.831788063049316406e-01
7.656775712966918945e-01
7.751512527465820312e-01
7.799662947654724121e-01
7.801862955093383789e-01
7.701306939125061035e-01
7.656488418579101562e-01
7.807736396789550781e-01
7.937535047531127930e-01
7.936695814132690430e-01
7.777653932571411133e-01
7.667288780212402344e-01
7.636302709579467773e-01
7.652094960212707520e-01
7.661861777305603027e-01
7.648664116859436035e-01
7.630285620689392090e-01
7.618680596351623535e-01
7.611740231513977051e-01
7.608285546302795410e-01
7.608655691146850586e-01
7.608858346939086914e-01
7.605363130569458008e-01
7.598221898078918457e-01
7.587361931800842285e-01
7.576830983161926270e-01
7.567538619041442871e-01
7.559946179389953613e-01
7.554482817649841309e-01
7.550691962242126465e-01
7.546762228012084961e-01
7.541595697402954102e-01
7.536169290542602539e-01
7.531886696815490723e-01
7.529125809669494629e-01
7.526952624320983887e-01
7.524290084838867188e-01
7.521100640296936035e-01
7.520399689674377441e-01
7.515583634376525879e-01
7.513096332550048828e-01
7.510547637939453125e-01
7.508006691932678223e-01
7.505494356155395508e-01
7.503006458282470703e-01
7.500858306884765625e-01
7.498505115509033203e-01
7.496361136436462402e-01
7.494239211082458496e-01
7.492151856422424316e-01
7.490152716636657715e-01
7.488330602645874023e-01
7.486683130264282227e-01
7.485158443450927734e-01
7.483730912208557129e-01
7.485268712043762207e-01
7.480813264846801758e-01
7.479097843170166016e-01
7.477385997772216797e-01
7.475912570953369141e-01
7.474622130393981934e-01
7.473382949829101562e-01
7.472144365310668945e-01
7.470830678939819336e-01
7.469335794448852539e-01
7.467765808105468750e-01
7.466260790824890137e-01
7.464826703071594238e-01
7.463378906250000000e-01
7.461881637573242188e-01
7.460336089134216309e-01
7.458763122558593750e-01
7.457193732261657715e-01
7.455662488937377930e-01
7.454105615615844727e-01
7.452420592308044434e-01
7.450765371322631836e-01
7.449296712875366211e-01
7.447997927665710449e-01
7.446759343147277832e-01
7.445593476295471191e-01
7.444368600845336914e-01
7.442861199378967285e-01
7.441248297691345215e-01
7.439805269241333008e-01
7.440016865730285645e-01
7.437070012092590332e-01
7.435824871063232422e-01
7.434322834014892578e-01
7.432740926742553711e-01
7.431347966194152832e-01
7.430124878883361816e-01
7.428986430168151855e-01
7.427820563316345215e-01
7.426467537879943848e-01
7.424939870834350586e-01
7.423458695411682129e-01
7.422136068344116211e-01
7.420833706855773926e-01
7.419469356536865234e-01
7.418126463890075684e-01
7.416840791702270508e-01
7.415589094161987305e-01
7.414366602897644043e-01
7.413126230239868164e-01
7.411804199218750000e-01
7.410488128662109375e-01
7.409219145774841309e-01
7.408026456832885742e-01
7.406910061836242676e-01
7.410838007926940918e-01
7.405291199684143066e-01
7.404373884201049805e-01
7.402576208114624023e-01
7.401100993156433105e-01
7.400171756744384766e-01
7.399507761001586914e-01
7.399092912673950195e-01
7.398530840873718262e-01
7.397364974021911621e-01
7.395980954170227051e-01
7.394877672195434570e-01
7.393909692764282227e-01
7.393020391464233398e-01
7.392029762268066406e-01
7.391102910041809082e-01
7.390404343605041504e-01
7.389920353889465332e-01
7.389484047889709473e-01
7.388742566108703613e-01
7.387617230415344238e-01
7.386597394943237305e-01
7.385905981063842773e-01
7.385534644126892090e-01
7.385275363922119141e-01
7.384683489799499512e-01
7.383971214294433594e-01
7.386784553527832031e-01
7.384163737297058105e-01
7.384402155876159668e-01
7.383741140365600586e-01
7.382905483245849609e-01
7.381880879402160645e-01
7.381170988082885742e-01
7.380894422531127930e-01
7.380821704864501953e-01
7.380806803703308105e-01
7.382512092590332031e-01
7.382531166076660156e-01
7.382704019546508789e-01
7.380887866020202637e-01
7.379018068313598633e-01
7.378864288330078125e-01
7.379388213157653809e-01
7.379890680313110352e-01
7.379419803619384766e-01
7.378634810447692871e-01
7.378376722335815430e-01
7.378535270690917969e-01
7.378817796707153320e-01
7.379037737846374512e-01
7.379010319709777832e-01
7.378849983215332031e-01
7.378868460655212402e-01
7.379153966903686523e-01
7.379589676856994629e-01
7.380105257034301758e-01
7.380589842796325684e-01
7.380846738815307617e-01
7.380969524383544922e-01
7.381140589714050293e-01
7.381477952003479004e-01
7.381995320320129395e-01
7.382623553276062012e-01
7.383342981338500977e-01
7.384117245674133301e-01
7.384899854660034180e-01
7.385495305061340332e-01
7.385800480842590332e-01
7.386254668235778809e-01
7.386894226074218750e-01
7.387421131134033203e-01
7.387890219688415527e-01
7.388429641723632812e-01
7.389028668403625488e-01
7.389625310897827148e-01
7.390094995498657227e-01
7.390502691268920898e-01
7.390918731689453125e-01
7.391315698623657227e-01
7.391651272773742676e-01
7.391995787620544434e-01
7.392416596412658691e-01
7.392819523811340332e-01
7.392838001251220703e-01
7.386510372161865234e-01
7.398530244827270508e-01
7.396222949028015137e-01
7.394509911537170410e-01
7.396624088287353516e-01
7.411704659461975098e-01
7.398402690887451172e-01
7.399826049804687500e-01
7.395914196968078613e-01
7.376761436462402344e-01
7.393085956573486328e-01
7.379758358001708984e-01
7.379878163337707520e-01
7.381908297538757324e-01
7.375022768974304199e-01
7.375005483627319336e-01
7.377558350563049316e-01
7.379065752029418945e-01
7.375667691230773926e-01
7.373095750808715820e-01
7.372210025787353516e-01
7.372080683708190918e-01
7.373913526535034180e-01
7.374409437179565430e-01
7.372438311576843262e-01
7.372931241989135742e-01
7.375004291534423828e-01
7.376038432121276855e-01
7.371159791946411133e-01
7.381060123443603516e-01
7.383905053138732910e-01
7.384444475173950195e-01
7.383176684379577637e-01
7.382369637489318848e-01
7.381392717361450195e-01
7.379986047744750977e-01
7.378079891204833984e-01
7.375794649124145508e-01
7.373942136764526367e-01
7.372666597366333008e-01
7.371683716773986816e-01
7.370600104331970215e-01
7.371348142623901367e-01
7.369727492332458496e-01
7.368556857109069824e-01
7.366626262664794922e-01
7.365450263023376465e-01
7.365239858627319336e-01
7.365016341209411621e-01
7.363669872283935547e-01
7.362214326858520508e-01
7.361246347427368164e-01
7.360781431198120117e-01
7.360593676567077637e-01
7.360334992408752441e-01
7.359836101531982422e-01
7.359276413917541504e-01
7.358943819999694824e-01
7.358888387680053711e-01
7.358911037445068359e-01
7.358807921409606934e-01
7.358572483062744141e-01
7.358362078666687012e-01
7.358287572860717773e-01
7.358305454254150391e-01
7.358318567276000977e-01
7.358265519142150879e-01
7.358152866363525391e-01
7.357985973358154297e-01
7.357813715934753418e-01
7.357754111289978027e-01
7.357785105705261230e-01
7.357743978500366211e-01
7.357525229454040527e-01
7.357363700866699219e-01
7.357440590858459473e-01
7.357661724090576172e-01
7.357867956161499023e-01
7.357920408248901367e-01
7.357953190803527832e-01
7.358124256134033203e-01
7.358322143554687500e-01
7.358446121215820312e-01
7.358496785163879395e-01
7.358502149581909180e-01
7.358486652374267578e-01
7.358511090278625488e-01
7.358667254447937012e-01
7.358914017677307129e-01
7.359095215797424316e-01
7.359108328819274902e-01
7.359088659286499023e-01
7.359242439270019531e-01
7.359550595283508301e-01
7.359812855720520020e-01
7.359883785247802734e-01
7.359841465950012207e-01
7.359912991523742676e-01
7.360157966613769531e-01
7.360423803329467773e-01
7.360529899597167969e-01
7.360494136810302734e-01
7.360442876815795898e-01
7.360436916351318359e-01
7.360430955886840820e-01
7.360183000564575195e-01
7.359284162521362305e-01
7.357252240180969238e-01
7.353770136833190918e-01
7.370488047599792480e-01
7.372180223464965820e-01
7.369339466094970703e-01
7.372067570686340332e-01
7.370396852493286133e-01
7.367746233940124512e-01
7.366299033164978027e-01
7.366259694099426270e-01
7.366372346878051758e-01
7.366681694984436035e-01
7.367004156112670898e-01
7.367362380027770996e-01
7.367473244667053223e-01
7.366994619369506836e-01
7.366067171096801758e-01
7.364938855171203613e-01
7.364484667778015137e-01
7.364546060562133789e-01
7.364563941955566406e-01
7.364724278450012207e-01
7.364548444747924805e-01
7.364174723625183105e-01
7.363979816436767578e-01
7.363942861557006836e-01
7.363775968551635742e-01
7.363162040710449219e-01
7.362411618232727051e-01
7.362003326416015625e-01
7.362013459205627441e-01
7.362250685691833496e-01
7.362422943115234375e-01
7.362480759620666504e-01
7.362540364265441895e-01
7.362669706344604492e-01
7.362865805625915527e-01
7.362979650497436523e-01
7.362824678421020508e-01
7.362551689147949219e-01
7.362447381019592285e-01
7.362569570541381836e-01
7.362763881683349609e-01
7.362852096557617188e-01
7.362907528877258301e-01
7.363103628158569336e-01
7.363433241844177246e-01
7.363718748092651367e-01
7.363862395286560059e-01
7.364009022712707520e-01
7.364046573638916016e-01
7.364053130149841309e-01
7.364309430122375488e-01
7.364673614501953125e-01
7.365015149116516113e-01
7.365018725395202637e-01
7.364873290061950684e-01
7.364671826362609863e-01
7.364481091499328613e-01
7.364572882652282715e-01
7.364814877510070801e-01
7.365136146545410156e-01
7.365285158157348633e-01
7.365753650665283203e-01
7.365515828132629395e-01
7.364978790283203125e-01
7.365032434463500977e-01
7.365579009056091309e-01
7.366076707839965820e-01
7.366414666175842285e-01
7.365987300872802734e-01
7.365379333496093750e-01
7.365226745605468750e-01
7.365430593490600586e-01
7.365742921829223633e-01
7.365514636039733887e-01
7.365472912788391113e-01
7.365655303001403809e-01
7.366136312484741211e-01
7.365978956222534180e-01
7.365639805793762207e-01
7.365540862083435059e-01
7.365618348121643066e-01
7.365391254425048828e-01
7.365149855613708496e-01
7.365197539329528809e-01
7.365391254425048828e-01
7.365193963050842285e-01
7.365017533302307129e-01
7.365124821662902832e-01
7.365373373031616211e-01
7.365235090255737305e-01
7.365135550498962402e-01
7.365326881408691406e-01
7.365680932998657227e-01
7.365530133247375488e-01
7.365448474884033203e-01
7.365633249282836914e-01
7.365961670875549316e-01
7.365797758102416992e-01
7.365708351135253906e-01
7.365921139717102051e-01
7.367888689041137695e-01
7.366430163383483887e-01
7.365929484367370605e-01
7.365999221801757812e-01
7.366601824760437012e-01
7.366832494735717773e-01
7.367165684700012207e-01
7.366678118705749512e-01
7.366129755973815918e-01
7.366056442260742188e-01
7.366173863410949707e-01
7.366352677345275879e-01
7.366195917129516602e-01
7.365833520889282227e-01
7.365717887878417969e-01
7.365871071815490723e-01
7.365698218345642090e-01
7.365459799766540527e-01
7.365306615829467773e-01
7.365246415138244629e-01
7.365264296531677246e-01
7.365342378616333008e-01
7.365193367004394531e-01
7.364770770072937012e-01
7.364628314971923828e-01
7.364655733108520508e-01
7.364455461502075195e-01
7.364125251770019531e-01
7.363469600677490234e-01
7.361752390861511230e-01
7.356797456741333008e-01
7.383999228477478027e-01
7.375160455703735352e-01
7.371192574501037598e-01
7.370622754096984863e-01
7.370998859405517578e-01
7.370879650115966797e-01
7.370637655258178711e-01
7.370697259902954102e-01
7.370784878730773926e-01
7.376774549484252930e-01
7.372296452522277832e-01
7.372165918350219727e-01
7.371816635131835938e-01
7.370998859405517578e-01
7.370049357414245605e-01
7.369492650032043457e-01
7.368904948234558105e-01
7.368489503860473633e-01
7.368417382240295410e-01
7.367601394653320312e-01
7.366316914558410645e-01
7.366021275520324707e-01
7.366250157356262207e-01
7.366323471069335938e-01
7.366379499435424805e-01
7.365915179252624512e-01
7.365334630012512207e-01
7.365010976791381836e-01
7.364632487297058105e-01
7.364010810852050781e-01
7.363877296447753906e-01
7.364015579223632812e-01
7.364186048507690430e-01
7.364375591278076172e-01
7.364646792411804199e-01
7.365010380744934082e-01
7.364758849143981934e-01
7.366394996643066406e-01
7.364203333854675293e-01
7.364575266838073730e-01
7.364616394042968750e-01
7.365219593048095703e-01
7.365584373474121094e-01
7.366040349006652832e-01
7.366107702255249023e-01
7.365447282791137695e-01
7.364780902862548828e-01
7.364217042922973633e-01
7.364144921302795410e-01
7.364293336868286133e-01
7.364529967308044434e-01
7.364497780799865723e-01
7.364513278007507324e-01
7.364544272422790527e-01
7.364565134048461914e-01
7.364510893821716309e-01
7.364326119422912598e-01
7.364071011543273926e-01
7.364386320114135742e-01
7.364487648010253906e-01
7.364901304244995117e-01
7.364539504051208496e-01
7.363896369934082031e-01
7.363761067390441895e-01
7.363929152488708496e-01
7.364299893379211426e-01
7.364660501480102539e-01
7.364851236343383789e-01
7.364946603775024414e-01
7.364503741264343262e-01
7.367907762527465820e-01
7.364503145217895508e-01
7.364788651466369629e-01
7.365242838859558105e-01
7.365729212760925293e-01
7.366144061088562012e-01
7.366189360618591309e-01
7.366199493408203125e-01
7.365946173667907715e-01
7.365716099739074707e-01
7.365510463714599609e-01
7.365463972091674805e-01
7.365458607673645020e-01
7.365523576736450195e-01
7.365621328353881836e-01
7.365678548812866211e-01
7.365687489509582520e-01
7.365579009056091309e-01
7.365422248840332031e-01
7.365117073059082031e-01
7.364963293075561523e-01
7.365342378616333008e-01
7.365584373474121094e-01
7.365907430648803711e-01
7.366359233856201172e-01
7.366991639137268066e-01
7.367683053016662598e-01
7.368137836456298828e-01
7.368299365043640137e-01
7.368065714836120605e-01
7.367444634437561035e-01
7.366905808448791504e-01
7.366905808448791504e-01
7.367093563079833984e-01
7.367368340492248535e-01
7.367455959320068359e-01
7.367431521415710449e-01
7.367257475852966309e-01
7.367583513259887695e-01
7.367689013481140137e-01
7.367875576019287109e-01
7.367423176765441895e-01
7.367063164710998535e-01
7.366948127746582031e-01
7.367206811904907227e-01
7.367663383483886719e-01
7.367840409278869629e-01
7.367904186248779297e-01
7.367690801620483398e-01
7.367488741874694824e-01
7.369514107704162598e-01
7.367452383041381836e-01
7.367783188819885254e-01
7.368263602256774902e-01
7.368407249450683594e-01
7.368816733360290527e-01
7.369601726531982422e-01
7.368957400321960449e-01
7.368884086608886719e-01
7.367994189262390137e-01
7.367250323295593262e-01
7.367209792137145996e-01
7.367323040962219238e-01
7.367564439773559570e-01
7.367507219314575195e-01
7.367016673088073730e-01
7.366565465927124023e-01
7.366560101509094238e-01
7.366711497306823730e-01
7.367060184478759766e-01
7.367037534713745117e-01
7.366927266120910645e-01
7.366852760314941406e-01
7.366838455200195312e-01
7.366936206817626953e-01
7.366848587989807129e-01
7.367643713951110840e-01
7.367528676986694336e-01
7.368265390396118164e-01
7.369050383567810059e-01
7.369810938835144043e-01
7.370510101318359375e-01
7.371016740798950195e-01
7.371197938919067383e-01
7.371105551719665527e-01
7.370810508728027344e-01
7.370397448539733887e-01
7.370271086692810059e-01
7.370445728302001953e-01
7.370781898498535156e-01
7.371029257774353027e-01
7.371121048927307129e-01
7.371271252632141113e-01
7.371330261230468750e-01
7.371335029602050781e-01
7.371272444725036621e-01
7.371019124984741211e-01
7.370822429656982422e-01
7.371609210968017578e-01
7.371193170547485352e-01
7.371480464935302734e-01
7.372779250144958496e-01
7.372888922691345215e-01
7.373042702674865723e-01
7.372910976409912109e-01
7.372369766235351562e-01
7.371841073036193848e-01
7.371525764465332031e-01
7.371388673782348633e-01
7.371448278427124023e-01
7.371320128440856934e-01
7.371308803558349609e-01
7.371284365653991699e-01
7.371181845664978027e-01
7.370626926422119141e-01
7.370207309722900391e-01
7.370038628578186035e-01
7.370145320892333984e-01
7.370313405990600586e-01
7.370325922966003418e-01
7.370267510414123535e-01
7.370237708091735840e-01
7.370255589485168457e-01
7.370297908782958984e-01
7.370333075523376465e-01
7.370388507843017578e-01
7.371940612792968750e-01
7.371021509170532227e-01
7.371008992195129395e-01
7.372056245803833008e-01
7.372724413871765137e-01
7.373782992362976074e-01
7.374181747436523438e-01
7.373649477958679199e-01
7.373132109642028809e-01
7.372288107872009277e-01
7.371662855148315430e-01
7.371494174003601074e-01
7.371932268142700195e-01
7.372356653213500977e-01
7.372761368751525879e-01
7.372671961784362793e-01
7.372157573699951172e-01
7.371857166290283203e-01
7.371755242347717285e-01
7.371724843978881836e-01
7.371485233306884766e-01
7.371649146080017090e-01
7.371746897697448730e-01
7.372040748596191406e-01
7.371938228607177734e-01
7.371695637702941895e-01
7.371671199798583984e-01
7.371706962585449219e-01
7.371746301651000977e-01
7.373329401016235352e-01
7.372118234634399414e-01
7.372596859931945801e-01
7.373152375221252441e-01
7.373977303504943848e-01
7.373936176300048828e-01
7.373811602592468262e-01
7.373548150062561035e-01
7.373073101043701172e-01
7.372385859489440918e-01
7.371612787246704102e-01
7.368647456169128418e-01
7.358466982841491699e-01
7.563326358795166016e-01
7.558442354202270508e-01
7.559602260589599609e-01
7.558861374855041504e-01
7.544080615043640137e-01
7.625063657760620117e-01
7.617337107658386230e-01
7.614676356315612793e-01
7.615526914596557617e-01
7.613257169723510742e-01
7.613469362258911133e-01
7.613288760185241699e-01
7.609453797340393066e-01
7.606818079948425293e-01
7.604263424873352051e-01
7.602594494819641113e-01
7.601300477981567383e-01
7.601733207702636719e-01
7.601168155670166016e-01
7.600422501564025879e-01
7.599119544029235840e-01
7.596535086631774902e-01
7.595152854919433594e-01
7.594945430755615234e-01
7.594990730285644531e-01
7.595889568328857422e-01
7.596382498741149902e-01
7.595384120941162109e-01
7.594912052154541016e-01
7.593431472778320312e-01
7.593395113945007324e-01
7.593845725059509277e-01
7.592503428459167480e-01
7.592318058013916016e-01
7.591888904571533203e-01
7.591384649276733398e-01
7.590929269790649414e-01
7.591072320938110352e-01
7.590653896331787109e-01
7.590870857238769531e-01
7.591377496719360352e-01
7.591367363929748535e-01
7.591114044189453125e-01
7.590669989585876465e-01
7.590239048004150391e-01
7.590031027793884277e-01
7.590162754058837891e-01
7.590243816375732422e-01
7.590114474296569824e-01
7.589857578277587891e-01
7.589685320854187012e-01
7.589730024337768555e-01
7.589723467826843262e-01
7.589622139930725098e-01
7.589451074600219727e-01
7.589334249496459961e-01
7.589243650436401367e-01
7.589085102081298828e-01
7.588896155357360840e-01
7.588692307472229004e-01
7.588443756103515625e-01
7.590453028678894043e-01
7.588891983032226562e-01
7.588806152343750000e-01
7.588814496994018555e-01
7.588447332382202148e-01
7.588310837745666504e-01
7.588114142417907715e-01
7.587356567382812500e-01
7.586724758148193359e-01
7.586350440979003906e-01
7.586206793785095215e-01
7.586281895637512207e-01
7.586453557014465332e-01
7.586098909378051758e-01
7.585706114768981934e-01
7.585310935974121094e-01
7.585017681121826172e-01
7.584807276725769043e-01
7.584535479545593262e-01
7.584186792373657227e-01
7.583878040313720703e-01
7.583671212196350098e-01
7.583593130111694336e-01
7.583542466163635254e-01
7.583464980125427246e-01
7.583510875701904297e-01
7.583458423614501953e-01
7.583376765251159668e-01
7.583264112472534180e-01
7.583099603652954102e-01
7.583062648773193359e-01
7.582986950874328613e-01
7.582779526710510254e-01
7.586234211921691895e-01
7.583347558975219727e-01
7.583342790603637695e-01
7.583226561546325684e-01
7.583100795745849609e-01
7.582865953445434570e-01
7.582830190658569336e-01
7.582634091377258301e-01
7.582309246063232422e-01
7.582046985626220703e-01
7.581662535667419434e-01
7.581155896186828613e-01
7.581343650817871094e-01
7.581736445426940918e-01
7.581577301025390625e-01
7.581202983856201172e-01
7.580834031105041504e-01
7.580400705337524414e-01
7.579957842826843262e-01
7.579455971717834473e-01
7.579261660575866699e-01
7.579444050788879395e-01
7.579471468925476074e-01
7.579218745231628418e-01
7.578925490379333496e-01
7.578849792480468750e-01
7.578921318054199219e-01
7.578876018524169922e-01
7.578807473182678223e-01
7.578819394111633301e-01
7.578831911087036133e-01
7.578752636909484863e-01
7.578714489936828613e-01
7.580732107162475586e-01
7.579514980316162109e-01
7.579612135887145996e-01
7.579562067985534668e-01
7.579434514045715332e-01
7.579338550567626953e-01
7.579300403594970703e-01
7.578965425491333008e-01
7.578872442245483398e-01
7.578796148300170898e-01
7.578485608100891113e-01
7.578009366989135742e-01
7.577998638153076172e-01
7.578296661376953125e-01
7.578353881835937500e-01
7.578252553939819336e-01
7.577984929084777832e-01
7.577556967735290527e-01
7.577102780342102051e-01
7.576764225959777832e-01
7.576749324798583984e-01
7.576875090599060059e-01
7.576844096183776855e-01
7.576659917831420898e-01
7.576434612274169922e-01
7.576289176940917969e-01
7.576336264610290527e-01
7.576382160186767578e-01
7.576320171356201172e-01
7.576205134391784668e-01
7.576045989990234375e-01
7.578485608100891113e-01
7.576565146446228027e-01
7.576610445976257324e-01
7.576537132263183594e-01
7.576452493667602539e-01
7.576460838317871094e-01
7.576615810394287109e-01
7.576503157615661621e-01
7.576602697372436523e-01
7.576643228530883789e-01
7.576406598091125488e-01
7.576152086257934570e-01
7.575919032096862793e-01
7.575461864471435547e-01
7.575246095657348633e-01
7.575306892395019531e-01
7.575277090072631836e-01
7.575117349624633789e-01
7.574911713600158691e-01
7.574573159217834473e-01
7.574182152748107910e-01
7.574108839035034180e-01
7.574257254600524902e-01
7.574283480644226074e-01
7.574080228805541992e-01
7.573714852333068848e-01
7.573602795600891113e-01
7.573748230934143066e-01
7.573779225349426270e-01
7.573620676994323730e-01
7.577754855155944824e-01
7.575091123580932617e-01
7.580166459083557129e-01
7.589597702026367188e-01
7.583430409431457520e-01
7.587935924530029297e-01
7.585433125495910645e-01
7.582722306251525879e-01
7.581228017807006836e-01
7.579345703125000000e-01
7.578202486038208008e-01
7.577342391014099121e-01
7.576755285263061523e-01
7.575718760490417480e-01
7.574738860130310059e-01
7.574035525321960449e-01
7.572823166847229004e-01
7.571846842765808105e-01
7.571174502372741699e-01
7.570407390594482422e-01
7.569593191146850586e-01
7.568727731704711914e-01
7.567934989929199219e-01
7.567223906517028809e-01
7.566693425178527832e-01
7.566358447074890137e-01
7.566072940826416016e-01
7.565813064575195312e-01
7.565563321113586426e-01
7.565253973007202148e-01
7.564887404441833496e-01
7.564589977264404297e-01
7.564367055892944336e-01
7.564194798469543457e-01
7.564064264297485352e-01
7.564050555229187012e-01
7.564150691032409668e-01
