2.551726913452148438e+01
2.494225502014160156e+01
2.437270164489746094e+01
2.380853462219238281e+01
2.324861717224121094e+01
2.269130134582519531e+01
2.213621902465820312e+01
2.158423042297363281e+01
2.103680038452148438e+01
2.049573707580566406e+01
1.996323966979980469e+01
1.944201660156250000e+01
1.893557167053222656e+01
1.840942382812500000e+01
1.793885993957519531e+01
1.745792198181152344e+01
1.702362060546875000e+01
1.665023422241210938e+01
1.615174293518066406e+01
1.574957656860351562e+01
1.553448390960693359e+01
1.539201641082763672e+01
1.530728721618652344e+01
1.527377510070800781e+01
1.532108592987060547e+01
1.524890327453613281e+01
1.526827716827392578e+01
1.535753822326660156e+01
1.529990386962890625e+01
1.526407241821289062e+01
1.526305103302001953e+01
1.527288055419921875e+01
1.530178546905517578e+01
1.537269210815429688e+01
1.537321376800537109e+01
1.530918788909912109e+01
1.529603672027587891e+01
1.530044841766357422e+01
1.531420421600341797e+01
1.534265518188476562e+01
1.550764751434326172e+01
1.577211570739746094e+01
1.582410717010498047e+01
1.565162277221679688e+01
1.533815002441406250e+01
1.528032112121582031e+01
1.526827049255371094e+01
1.526965332031250000e+01
1.527982902526855469e+01
1.529884624481201172e+01
1.532652282714843750e+01
1.535799026489257812e+01
1.539025211334228516e+01
1.542037200927734375e+01
1.544624137878417969e+01
1.546638202667236328e+01
1.547972202301025391e+01
1.548591899871826172e+01
1.548533153533935547e+01
1.547803974151611328e+01
1.547651290893554688e+01
1.545953369140625000e+01
1.543556499481201172e+01
1.540899562835693359e+01
1.539315223693847656e+01
1.537997627258300781e+01
1.537408733367919922e+01
1.536274242401123047e+01
1.535512542724609375e+01
1.535241603851318359e+01
1.535364532470703125e+01
1.534722995758056641e+01
1.533895397186279297e+01
1.533095455169677734e+01
1.532331275939941406e+01
1.531145668029785156e+01
1.529981613159179688e+01
1.529170322418212891e+01
1.529319095611572266e+01
1.533197498321533203e+01
1.534750747680664062e+01
1.529352092742919922e+01
1.526395893096923828e+01
1.526259899139404297e+01
1.522959232330322266e+01
1.519149398803710938e+01
1.517401313781738281e+01
1.516966342926025391e+01
1.515716838836669922e+01
1.513697433471679688e+01
1.512355232238769531e+01
1.511963748931884766e+01
1.511637306213378906e+01
1.510720157623291016e+01
1.509696865081787109e+01
1.509185028076171875e+01
1.509108543395996094e+01
1.508931446075439453e+01
1.508395957946777344e+01
1.507738780975341797e+01
1.507246780395507812e+01
1.506875038146972656e+01
1.506384086608886719e+01
1.505685615539550781e+01
1.504928493499755859e+01
1.504257869720458984e+01
1.503653049468994141e+01
1.503000545501708984e+01
1.502222442626953125e+01
1.501349449157714844e+01
1.500458240509033203e+01
1.499578571319580078e+01
1.498692226409912109e+01
1.497792434692382812e+01
1.496920871734619141e+01
1.496127605438232422e+01
1.495418167114257812e+01
1.494745445251464844e+01
1.494042968750000000e+01
1.493273830413818359e+01
1.492446804046630859e+01
1.491592502593994141e+01
1.490730476379394531e+01
1.489861297607421875e+01
1.488986492156982422e+01
1.488123512268066406e+01
1.487299251556396484e+01
1.486529159545898438e+01
1.485672760009765625e+01
1.484762477874755859e+01
1.484017181396484375e+01
1.483475303649902344e+01
1.482921791076660156e+01
1.482145118713378906e+01
1.481206512451171875e+01
1.480379199981689453e+01
1.479830455780029297e+01
1.479427146911621094e+01
1.479023742675781250e+01
1.478610038757324219e+01
1.478118419647216797e+01
1.477538394927978516e+01
1.476954555511474609e+01
1.476436424255371094e+01
1.475922393798828125e+01
1.475300598144531250e+01
1.474560737609863281e+01
1.473739814758300781e+01
1.472853565216064453e+01
1.471919155120849609e+01
1.470958805084228516e+01
1.470036220550537109e+01
1.469325065612792969e+01
1.468868446350097656e+01
1.468585014343261719e+01
1.468424415588378906e+01
1.468320941925048828e+01
1.468163204193115234e+01
1.467865753173828125e+01
1.467408943176269531e+01
1.466860389709472656e+01
1.466318321228027344e+01
1.465824890136718750e+01
1.465373992919921875e+01
1.464959430694580078e+01
1.464573955535888672e+01
1.464206027984619141e+01
1.463833522796630859e+01
1.463432693481445312e+01
1.463005352020263672e+01
1.462567996978759766e+01
1.462146091461181641e+01
1.461758804321289062e+01
1.461403274536132812e+01
1.461074256896972656e+01
1.460772800445556641e+01
1.460499858856201172e+01
1.460250759124755859e+01
1.460020542144775391e+01
1.459808826446533203e+01
1.459612941741943359e+01
1.459431266784667969e+01
1.459262371063232422e+01
1.459108829498291016e+01
1.458976936340332031e+01
1.458862209320068359e+01
1.458754730224609375e+01
1.458655452728271484e+01
1.458578968048095703e+01
1.458521175384521484e+01
1.458460712432861328e+01
1.458379459381103516e+01
1.458312606811523438e+01
1.458291149139404297e+01
1.458298683166503906e+01
1.458318233489990234e+01
1.458336734771728516e+01
1.458337688446044922e+01
1.458302497863769531e+01
1.458239555358886719e+01
1.458254337310791016e+01
1.458189487457275391e+01
1.458039474487304688e+01
1.457941055297851562e+01
1.457854843139648438e+01
1.457809162139892578e+01
1.457830047607421875e+01
1.457827568054199219e+01
1.457838630676269531e+01
1.457880401611328125e+01
1.457954788208007812e+01
1.458100509643554688e+01
1.458183765411376953e+01
1.458190441131591797e+01
1.458191108703613281e+01
1.458264636993408203e+01
1.458359241485595703e+01
1.458279418945312500e+01
1.458117198944091797e+01
1.457986354827880859e+01
1.457902717590332031e+01
1.457607364654541016e+01
1.457249546051025391e+01
1.456920909881591797e+01
1.456692314147949219e+01
1.456630802154541016e+01
1.456608867645263672e+01
1.456595993041992188e+01
1.456398487091064453e+01
1.456184959411621094e+01
1.456257724761962891e+01
1.456148433685302734e+01
1.456152153015136719e+01
1.456773185729980469e+01
1.456413745880126953e+01
1.456572818756103516e+01
1.456494998931884766e+01
1.456301498413085938e+01
1.456763553619384766e+01
1.456294155120849609e+01
1.456447601318359375e+01
1.456412601470947266e+01
1.457639598846435547e+01
1.456348705291748047e+01
1.456245231628417969e+01
1.456130790710449219e+01
1.455927371978759766e+01
1.456801033020019531e+01
1.455846977233886719e+01
1.455908775329589844e+01
1.455786800384521484e+01
1.455503368377685547e+01
1.455926322937011719e+01
1.455434513092041016e+01
1.455432128906250000e+01
1.455450344085693359e+01
1.455267143249511719e+01
1.455134296417236328e+01
1.455134582519531250e+01
1.454991912841796875e+01
1.455039024353027344e+01
1.454998970031738281e+01
1.454897975921630859e+01
1.454808425903320312e+01
1.454744625091552734e+01
1.454698085784912109e+01
1.454642200469970703e+01
1.454568672180175781e+01
1.454462146759033203e+01
1.454385375976562500e+01
1.454318332672119141e+01
1.454420280456542969e+01
1.454348659515380859e+01
1.454235744476318359e+01
1.454294395446777344e+01
1.454215526580810547e+01
1.453980445861816406e+01
1.455040454864501953e+01
1.454076099395751953e+01
1.454340267181396484e+01
1.454697513580322266e+01
1.454274749755859375e+01
1.454847526550292969e+01
1.453933143615722656e+01
1.454095649719238281e+01
1.454084968566894531e+01
1.453962135314941406e+01
1.453571414947509766e+01
1.454637241363525391e+01
1.453768348693847656e+01
1.453865623474121094e+01
1.454398632049560547e+01
1.420585727691650391e+01
1.386802768707275391e+01
1.352932929992675781e+01
1.327987098693847656e+01
1.314734745025634766e+01
1.311730194091796875e+01
1.314814376831054688e+01
1.318835639953613281e+01
1.320384693145751953e+01
1.319199657440185547e+01
1.316034889221191406e+01
1.315186119079589844e+01
1.309964179992675781e+01
1.308587169647216797e+01
1.308253097534179688e+01
1.308418273925781250e+01
1.308331394195556641e+01
1.307942008972167969e+01
1.307572555541992188e+01
1.306454944610595703e+01
1.306083202362060547e+01
1.305244064331054688e+01
1.304802513122558594e+01
1.303939533233642578e+01
1.303220558166503906e+01
1.302724838256835938e+01
1.302357864379882812e+01
1.302274131774902344e+01
1.302308082580566406e+01
1.302139377593994141e+01
1.301914215087890625e+01
1.301716327667236328e+01
1.302840232849121094e+01
1.320407009124755859e+01
1.304880142211914062e+01
1.315517330169677734e+01
1.322337722778320312e+01
1.310183143615722656e+01
1.302212619781494141e+01
1.302614212036132812e+01
1.303783607482910156e+01
1.303882026672363281e+01
1.302644729614257812e+01
1.301245212554931641e+01
1.300305271148681641e+01
1.299864101409912109e+01
1.299739265441894531e+01
1.299691772460937500e+01
1.299608707427978516e+01
1.299493885040283203e+01
1.299384307861328125e+01
1.299295520782470703e+01
1.299223804473876953e+01
1.299156856536865234e+01
1.299093341827392578e+01
1.299010372161865234e+01
1.298888492584228516e+01
1.298741436004638672e+01
1.298580455780029297e+01
1.298417472839355469e+01
1.298262500762939453e+01
1.298113250732421875e+01
1.297969532012939453e+01
1.297830963134765625e+01
1.297696876525878906e+01
1.297569561004638672e+01
1.297448921203613281e+01
1.297335433959960938e+01
1.297229576110839844e+01
1.297129535675048828e+01
1.297030735015869141e+01
1.296924114227294922e+01
1.296806526184082031e+01
1.296687030792236328e+01
1.296573638916015625e+01
1.296468448638916016e+01
1.296369647979736328e+01
1.296275234222412109e+01
1.296182537078857422e+01
1.296071434020996094e+01
1.295965862274169922e+01
1.295877742767333984e+01
1.295804595947265625e+01
1.295750045776367188e+01
1.295694732666015625e+01
1.295581626892089844e+01
1.295478153228759766e+01
1.295404529571533203e+01
1.295341682434082031e+01
1.295290088653564453e+01
1.295220565795898438e+01
1.295115184783935547e+01
1.295031642913818359e+01
1.294981765747070312e+01
1.294948673248291016e+01
1.294898033142089844e+01
1.294828128814697266e+01
1.294758319854736328e+01
1.294691944122314453e+01
1.294608592987060547e+01
1.294536304473876953e+01
1.294459819793701172e+01
1.294371128082275391e+01
1.294275856018066406e+01
1.294180488586425781e+01
1.294107627868652344e+01
1.294022941589355469e+01
1.293916893005371094e+01
1.293924808502197266e+01
1.293976116180419922e+01
1.294381046295166016e+01
1.294035243988037109e+01
1.294425964355468750e+01
1.294377613067626953e+01
1.294544029235839844e+01
1.294471549987792969e+01
1.294414520263671875e+01
1.294403457641601562e+01
1.294326400756835938e+01
1.294157028198242188e+01
1.294800949096679688e+01
1.294278335571289062e+01
1.294027423858642578e+01
1.293950080871582031e+01
1.293908882141113281e+01
1.293937397003173828e+01
1.293786239624023438e+01
1.293808555603027344e+01
1.293547248840332031e+01
1.293793869018554688e+01
1.293278408050537109e+01
1.293491649627685547e+01
1.293348503112792969e+01
1.293556785583496094e+01
1.293335628509521484e+01
1.293390369415283203e+01
1.293192958831787109e+01
1.293186950683593750e+01
1.293088245391845703e+01
1.292916870117187500e+01
1.292800331115722656e+01
1.292708683013916016e+01
1.292596817016601562e+01
1.292436027526855469e+01
1.292378425598144531e+01
1.292260169982910156e+01
1.292178153991699219e+01
1.292075729370117188e+01
1.291990184783935547e+01
1.291923904418945312e+01
1.291876792907714844e+01
1.291837120056152344e+01
1.291812419891357422e+01
1.291843128204345703e+01
1.291781997680664062e+01
1.291686820983886719e+01
1.291746616363525391e+01
1.291672134399414062e+01
1.291680622100830078e+01
1.291555595397949219e+01
1.291574287414550781e+01
1.291501235961914062e+01
1.291483688354492188e+01
1.291447067260742188e+01
1.291436672210693359e+01
1.291421508789062500e+01
1.291498088836669922e+01
1.291430950164794922e+01
1.291294860839843750e+01
1.291341304779052734e+01
1.291265106201171875e+01
1.291259479522705078e+01
1.291207790374755859e+01
1.291173744201660156e+01
1.291174697875976562e+01
1.291119670867919922e+01
1.291119194030761719e+01
1.291017055511474609e+01
1.291070747375488281e+01
1.291017723083496094e+01
1.291024303436279297e+01
1.290917110443115234e+01
1.290944957733154297e+01
1.290872478485107422e+01
1.290868854522705078e+01
1.290852069854736328e+01
1.287322425842285156e+01
1.266810417175292969e+01
1.204613304138183594e+01
1.139029312133789062e+01
1.081835746765136719e+01
1.038141918182373047e+01
1.009431743621826172e+01
9.942445755004882812e+00
9.889141082763671875e+00
9.893996238708496094e+00
9.917158126831054688e+00
9.935661315917968750e+00
9.942817687988281250e+00
9.942638397216796875e+00
9.944257736206054688e+00
9.941750526428222656e+00
9.947072029113769531e+00
9.958803176879882812e+00
9.972908973693847656e+00
9.987404823303222656e+00
9.999504089355468750e+00
1.000761508941650391e+01
1.001110649108886719e+01
1.001007556915283203e+01
1.000700187683105469e+01
1.000014686584472656e+01
9.992231369018554688e+00
9.986873626708984375e+00
9.979439735412597656e+00
9.973527908325195312e+00
9.973951339721679688e+00
9.976706504821777344e+00
1.007983589172363281e+01
9.983011245727539062e+00
9.994563102722167969e+00
9.996320724487304688e+00
9.999157905578613281e+00
9.995964050292968750e+00
9.991373062133789062e+00
9.989268302917480469e+00
9.989717483520507812e+00
9.985898017883300781e+00
9.985055923461914062e+00
9.984039306640625000e+00
9.986524581909179688e+00
9.983568191528320312e+00
9.983284950256347656e+00
9.985413551330566406e+00
9.988488197326660156e+00
9.985250473022460938e+00
9.987922668457031250e+00
9.986437797546386719e+00
9.989637374877929688e+00
9.986963272094726562e+00
9.986986160278320312e+00
9.985548973083496094e+00
9.987587928771972656e+00
9.984831809997558594e+00
9.984810829162597656e+00
9.983280181884765625e+00
9.984336853027343750e+00
9.982342720031738281e+00
9.982075691223144531e+00
9.981377601623535156e+00
9.983162879943847656e+00
9.980615615844726562e+00
9.980422973632812500e+00
9.979439735412597656e+00
9.979881286621093750e+00
9.979544639587402344e+00
9.979781150817871094e+00
9.980277061462402344e+00
9.979674339294433594e+00
9.979647636413574219e+00
9.979446411132812500e+00
9.981291770935058594e+00
9.979375839233398438e+00
9.979515075683593750e+00
9.978904724121093750e+00
9.981781005859375000e+00
9.978298187255859375e+00
9.981130599975585938e+00
9.978283882141113281e+00
9.985424995422363281e+00
9.979836463928222656e+00
9.979713439941406250e+00
9.980691909790039062e+00
9.977095603942871094e+00
9.977556228637695312e+00
9.975932121276855469e+00
9.975591659545898438e+00
9.975614547729492188e+00
9.975845336914062500e+00
9.975537300109863281e+00
9.975589752197265625e+00
9.975271224975585938e+00
9.973906517028808594e+00
9.974174499511718750e+00
9.975544929504394531e+00
9.974472045898437500e+00
9.976638793945312500e+00
9.973550796508789062e+00
9.982668876647949219e+00
9.974001884460449219e+00
9.976949691772460938e+00
9.975115776062011719e+00
1.000555992126464844e+01
9.981226921081542969e+00
9.986207962036132812e+00
1.163086509704589844e+01
1.331877136230468750e+01
1.312646770477294922e+01
1.242761421203613281e+01
1.229668521881103516e+01
1.242826843261718750e+01
1.203172397613525391e+01
1.110704612731933594e+01
1.051575374603271484e+01
1.043525505065917969e+01
1.030695724487304688e+01
1.032757186889648438e+01
1.039235973358154297e+01
1.046371269226074219e+01
1.052707576751708984e+01
1.054821300506591797e+01
1.052764606475830078e+01
1.047938060760498047e+01
1.042225742340087891e+01
1.036788654327392578e+01
1.031210899353027344e+01
1.026276969909667969e+01
1.023142528533935547e+01
1.021834659576416016e+01
1.021623706817626953e+01
1.021969032287597656e+01
1.022823715209960938e+01
1.024197006225585938e+01
1.025888919830322266e+01
1.027263736724853516e+01
1.028140544891357422e+01
1.028757667541503906e+01
1.029141521453857422e+01
1.029352760314941406e+01
1.029456806182861328e+01
1.029500484466552734e+01
1.029511547088623047e+01
1.029508399963378906e+01
1.029507160186767578e+01
1.029521560668945312e+01
1.029557514190673828e+01
1.029610824584960938e+01
1.029667282104492188e+01
1.029705238342285156e+01
1.029699230194091797e+01
1.029633998870849609e+01
1.029521274566650391e+01
1.029387187957763672e+01
1.029254531860351562e+01
1.029135322570800781e+01
1.029036712646484375e+01
1.028938293457031250e+01
1.028894805908203125e+01
1.028908061981201172e+01
1.028941535949707031e+01
1.028978443145751953e+01
1.029007148742675781e+01
1.029008388519287109e+01
1.028957271575927734e+01
1.028843688964843750e+01
1.028599834442138672e+01
1.028396224975585938e+01
1.028312587738037109e+01
1.028288936614990234e+01
1.028297328948974609e+01
1.028331184387207031e+01
1.028386116027832031e+01
1.028448390960693359e+01
1.028487110137939453e+01
1.028464794158935547e+01
1.028367424011230469e+01
1.028217220306396484e+01
1.027958869934082031e+01
1.027853870391845703e+01
1.027946758270263672e+01
1.028119373321533203e+01
1.028319835662841797e+01
1.028525352478027344e+01
1.028720474243164062e+01
1.028889179229736328e+01
1.029015541076660156e+01
1.029376220703125000e+01
1.040766716003417969e+01
1.052295303344726562e+01
1.051716613769531250e+01
1.050537681579589844e+01
1.048514652252197266e+01
1.026801300048828125e+01
1.026891708374023438e+01
1.026768779754638672e+01
1.027409553527832031e+01
1.029652023315429688e+01
1.032172870635986328e+01
1.033114624023437500e+01
1.032536888122558594e+01
1.031182098388671875e+01
1.029766654968261719e+01
1.028702068328857422e+01
1.027917671203613281e+01
1.027314662933349609e+01
1.026827335357666016e+01
1.026443195343017578e+01
1.026193141937255859e+01
1.026121139526367188e+01
1.026228046417236328e+01
1.026446533203125000e+01
1.026655387878417969e+01
1.026784706115722656e+01
1.026857089996337891e+01
1.026931285858154297e+01
1.027054977416992188e+01
1.027243804931640625e+01
1.027480125427246094e+01
1.027725791931152344e+01
1.027938365936279297e+01
1.028085231781005859e+01
1.028157234191894531e+01
1.028171920776367188e+01
1.028159427642822266e+01
1.028150558471679688e+01
1.028168296813964844e+01
1.028224754333496094e+01
1.028323268890380859e+01
1.028459835052490234e+01
1.028627490997314453e+01
1.028816604614257812e+01
1.029021263122558594e+01
1.029217433929443359e+01
1.029371833801269531e+01
1.029469585418701172e+01
1.029510879516601562e+01
1.029507446289062500e+01
1.029477405548095703e+01
1.029438304901123047e+01
1.029405117034912109e+01
1.029387855529785156e+01
1.029390907287597656e+01
1.029428100585937500e+01
1.029527187347412109e+01
1.029646301269531250e+01
1.029755783081054688e+01
1.029846572875976562e+01
1.029915523529052734e+01
1.029952144622802734e+01
1.029939937591552734e+01
1.029870510101318359e+01
1.029757785797119141e+01
1.029608631134033203e+01
1.029548168182373047e+01
1.029577541351318359e+01
1.029634094238281250e+01
1.029694557189941406e+01
1.029759216308593750e+01
1.029827213287353516e+01
1.029883480072021484e+01
1.029897403717041016e+01
1.029841613769531250e+01
1.029721260070800781e+01
1.029571628570556641e+01
1.029419136047363281e+01
1.029278278350830078e+01
1.029162406921386719e+01
1.029079532623291016e+01
1.029035663604736328e+01
1.029030990600585938e+01
1.029060935974121094e+01
1.029117298126220703e+01
1.029189109802246094e+01
1.029263305664062500e+01
1.029331302642822266e+01
1.029375553131103516e+01
1.029377555847167969e+01
1.029336357116699219e+01
1.029262542724609375e+01
1.029200839996337891e+01
1.029259109497070312e+01
1.029356765747070312e+01
1.029429149627685547e+01
1.029473686218261719e+01
1.029510211944580078e+01
1.029550933837890625e+01
1.029581642150878906e+01
1.029566192626953125e+01
1.029486274719238281e+01
1.029346942901611328e+01
1.029167270660400391e+01
1.028981399536132812e+01
1.028821849822998047e+01
1.028709411621093750e+01
1.028649139404296875e+01
1.028638839721679688e+01
1.028674316406250000e+01
1.028746128082275391e+01
1.028846645355224609e+01
1.028950405120849609e+01
1.029021263122558594e+01
1.029043102264404297e+01
1.029015731811523438e+01
1.028952217102050781e+01
1.028872776031494141e+01
1.028834152221679688e+01
1.028934955596923828e+01
1.029076194763183594e+01
1.029189205169677734e+01
1.029270648956298828e+01
1.029338741302490234e+01
1.029400730133056641e+01
1.029430770874023438e+01
1.029380416870117188e+01
1.029229545593261719e+01
1.029009723663330078e+01
1.028774547576904297e+01
1.028569412231445312e+01
1.028424358367919922e+01
1.028349494934082031e+01
1.028334712982177734e+01
1.028365898132324219e+01
1.028432369232177734e+01
1.028520679473876953e+01
1.028615570068359375e+01
1.028707885742187500e+01
1.028776264190673828e+01
1.028802013397216797e+01
1.028788852691650391e+01
1.028749179840087891e+01
1.028698635101318359e+01
1.028689289093017578e+01
1.028809547424316406e+01
1.028962230682373047e+01
1.029079914093017578e+01
1.029156208038330078e+01
1.029209899902343750e+01
1.029248619079589844e+01
1.029253673553466797e+01
1.029192161560058594e+01
1.029053115844726562e+01
1.028861904144287109e+01
1.028659057617187500e+01
1.028479862213134766e+01
1.028348922729492188e+01
1.028278923034667969e+01
1.028260993957519531e+01
1.028275680541992188e+01
1.028310871124267578e+01
1.028356075286865234e+01
1.028403663635253906e+01
1.028448486328125000e+01
1.028486919403076172e+01
1.028516101837158203e+01
1.028532409667968750e+01
1.028529739379882812e+01
1.028504943847656250e+01
1.028459453582763672e+01
1.028399753570556641e+01
1.028361606597900391e+01
1.028422546386718750e+01
1.028523159027099609e+01
1.028608512878417969e+01
1.028665924072265625e+01
1.028711509704589844e+01
1.028753185272216797e+01
1.028775596618652344e+01
1.028743553161621094e+01
1.028627490997314453e+01
1.028440570831298828e+01
1.028222179412841797e+01
1.028017425537109375e+01
1.027858161926269531e+01
1.027758502960205078e+01
1.027716445922851562e+01
1.027719783782958984e+01
1.027758789062500000e+01
1.027826976776123047e+01
1.027913665771484375e+01
1.027997779846191406e+01
1.028057861328125000e+01
1.028083324432373047e+01
1.028075122833251953e+01
1.028040599822998047e+01
1.027987670898437500e+01
1.027925014495849609e+01
1.027860069274902344e+01
1.027797889709472656e+01
1.027742576599121094e+01
1.027722072601318359e+01
1.027784919738769531e+01
1.027883243560791016e+01
1.027974319458007812e+01
1.028035354614257812e+01
1.028063869476318359e+01
1.028059673309326172e+01
1.028011226654052734e+01
1.027904033660888672e+01
1.027739524841308594e+01
1.027538204193115234e+01
1.027327156066894531e+01
1.027128982543945312e+01
1.026969337463378906e+01
1.026859474182128906e+01
1.026788330078125000e+01
1.026743507385253906e+01
1.026710987091064453e+01
1.026676559448242188e+01
1.026626396179199219e+01
1.026540756225585938e+01
1.026401996612548828e+01
1.026229953765869141e+01
1.026059627532958984e+01
1.025908184051513672e+01
1.025778961181640625e+01
1.025670909881591797e+01
1.025571346282958984e+01
1.025448703765869141e+01
1.025276565551757812e+01
1.025065994262695312e+01
1.024867057800292969e+01
1.024730014801025391e+01
1.024669456481933594e+01
1.024669265747070312e+01
1.024697685241699219e+01
1.024713230133056641e+01
1.024688816070556641e+01
1.024640655517578125e+01
1.024605274200439453e+01
1.024600982666015625e+01
1.024622631072998047e+01
1.024652004241943359e+01
1.024667930603027344e+01
1.024664783477783203e+01
1.024656295776367188e+01
1.024656486511230469e+01
1.024668598175048828e+01
1.024686527252197266e+01
1.024700546264648438e+01
1.024705505371093750e+01
1.024704933166503906e+01
1.024703884124755859e+01
1.024703598022460938e+01
1.024700546264648438e+01
1.024694061279296875e+01
1.024691200256347656e+01
1.024696540832519531e+01
1.024710273742675781e+01
1.024725532531738281e+01
1.024728870391845703e+01
1.024716186523437500e+01
1.024697303771972656e+01
1.024685192108154297e+01
1.024683761596679688e+01
1.024690246582031250e+01
1.024697399139404297e+01
1.024695777893066406e+01
1.024684715270996094e+01
1.024673843383789062e+01
1.024668312072753906e+01
1.024666500091552734e+01
1.024663734436035156e+01
1.024652385711669922e+01
1.024636173248291016e+01
1.024623870849609375e+01
1.024616909027099609e+01
1.024612712860107422e+01
1.024604988098144531e+01
1.024592113494873047e+01
1.024580478668212891e+01
1.024571990966796875e+01
1.024564743041992188e+01
1.024554538726806641e+01
1.024540901184082031e+01
1.024528312683105469e+01
1.024518108367919922e+01
1.024508571624755859e+01
1.024496269226074219e+01
1.024481964111328125e+01
1.024469852447509766e+01
1.024460220336914062e+01
1.024450969696044922e+01
1.024438667297363281e+01
1.024424743652343750e+01
1.024413013458251953e+01
1.024403572082519531e+01
1.024394512176513672e+01
1.024382400512695312e+01
1.024369049072265625e+01
1.024357414245605469e+01
1.024347591400146484e+01
1.024337959289550781e+01
1.024326229095458984e+01
1.024312591552734375e+01
1.024300956726074219e+01
1.024292659759521484e+01
1.024285697937011719e+01
1.024277687072753906e+01
1.024265861511230469e+01
1.024254035949707031e+01
1.024245452880859375e+01
1.024238777160644531e+01
1.024230861663818359e+01
1.024215888977050781e+01
1.024197101593017578e+01
1.024184036254882812e+01
1.024176883697509766e+01
1.024174404144287109e+01
1.024170303344726562e+01
1.024156379699707031e+01
1.024139690399169922e+01
1.024128246307373047e+01
1.024120998382568359e+01
1.024115562438964844e+01
1.024105834960937500e+01
1.024090194702148438e+01
1.024079036712646484e+01
1.024109268188476562e+01
