2.679411888122558594e+01
2.622994232177734375e+01
2.559860992431640625e+01
2.491131019592285156e+01
2.415352630615234375e+01
2.324232864379882812e+01
2.217135620117187500e+01
2.082313537597656250e+01
1.935019111633300781e+01
1.770371055603027344e+01
1.607333183288574219e+01
1.442162322998046875e+01
1.298001289367675781e+01
1.157745265960693359e+01
1.020156574249267578e+01
9.150488853454589844e+00
8.404325485229492188e+00
8.111137390136718750e+00
8.003450393676757812e+00
7.994556427001953125e+00
7.997462749481201172e+00
7.973897457122802734e+00
7.928013324737548828e+00
7.883615016937255859e+00
7.863846778869628906e+00
7.879129886627197266e+00
7.924682140350341797e+00
7.985034942626953125e+00
8.041672706604003906e+00
8.079906463623046875e+00
8.092625617980957031e+00
8.080575942993164062e+00
8.050171852111816406e+00
8.010303497314453125e+00
7.969370365142822266e+00
7.933304786682128906e+00
7.904864788055419922e+00
7.884084701538085938e+00
7.869451522827148438e+00
7.859180450439453125e+00
7.852043151855468750e+00
7.847555637359619141e+00
7.845659255981445312e+00
7.846250057220458984e+00
7.848864555358886719e+00
7.852658271789550781e+00
7.856617927551269531e+00
7.859859466552734375e+00
7.861853122711181641e+00
7.862495899200439453e+00
7.862037181854248047e+00
7.860914230346679688e+00
7.859575271606445312e+00
7.858359336853027344e+00
7.857450485229492188e+00
7.856893062591552734e+00
7.856630802154541016e+00
7.856553077697753906e+00
7.856520652770996094e+00
7.856387138366699219e+00
7.856006145477294922e+00
7.855259418487548828e+00
7.854070663452148438e+00
7.852427482604980469e+00
7.850384712219238281e+00
7.848058223724365234e+00
7.845586299896240234e+00
7.843115329742431641e+00
7.840773105621337891e+00
7.838667869567871094e+00
7.836865901947021484e+00
7.835390090942382812e+00
7.834210395812988281e+00
7.833262443542480469e+00
7.832459449768066406e+00
7.831705570220947266e+00
7.830907344818115234e+00
7.829983234405517578e+00
7.828872203826904297e+00
7.827539920806884766e+00
7.825984477996826172e+00
7.824231147766113281e+00
7.822327613830566406e+00
7.820334434509277344e+00
7.818313121795654297e+00
7.816315174102783203e+00
7.814380168914794922e+00
7.812524318695068359e+00
7.810748100280761719e+00
7.809032440185546875e+00
7.807348251342773438e+00
7.805659770965576172e+00
7.803934574127197266e+00
7.802148342132568359e+00
7.800283908843994141e+00
7.798336029052734375e+00
7.796303749084472656e+00
7.794187068939208984e+00
7.791978836059570312e+00
7.789631366729736328e+00
7.786818981170654297e+00
7.783499240875244141e+00
7.780210018157958984e+00
7.777186393737792969e+00
7.774276256561279297e+00
7.771327495574951172e+00
7.768510818481445312e+00
7.765879631042480469e+00
7.763204097747802734e+00
7.760334491729736328e+00
7.757321357727050781e+00
7.754142284393310547e+00
7.750712394714355469e+00
7.747098922729492188e+00
7.743365764617919922e+00
7.739445686340332031e+00
7.735414505004882812e+00
7.731352329254150391e+00
7.727144718170166016e+00
7.722794532775878906e+00
7.718366622924804688e+00
7.713759422302246094e+00
7.708976745605468750e+00
7.704085826873779297e+00
7.698997497558593750e+00
7.693742275238037109e+00
7.688385009765625000e+00
7.682828426361083984e+00
7.677124023437500000e+00
7.671345710754394531e+00
7.665371894836425781e+00
7.659273147583007812e+00
7.653141021728515625e+00
7.646826267242431641e+00
7.640341758728027344e+00
7.633779525756835938e+00
7.627034664154052734e+00
7.620137691497802734e+00
7.613173007965087891e+00
7.606070518493652344e+00
7.598861694335937500e+00
7.591499328613281250e+00
7.583547115325927734e+00
7.575878620147705078e+00
7.568366050720214844e+00
7.559843063354492188e+00
7.551983833312988281e+00
7.544479846954345703e+00
7.536861419677734375e+00
7.528628349304199219e+00
7.520483016967773438e+00
7.513655662536621094e+00
7.504937171936035156e+00
7.497776031494140625e+00
7.490313053131103516e+00
7.482295989990234375e+00
7.474508285522460938e+00
7.467298030853271484e+00
7.460019588470458984e+00
7.452447414398193359e+00
7.445343017578125000e+00
7.438442707061767578e+00
7.431464195251464844e+00
7.424550056457519531e+00
7.417811870574951172e+00
7.411190032958984375e+00
7.404577732086181641e+00
7.398049831390380859e+00
7.391675949096679688e+00
7.385472297668457031e+00
7.379408836364746094e+00
7.373443126678466797e+00
7.367644786834716797e+00
7.362015724182128906e+00
7.356490135192871094e+00
7.351084709167480469e+00
7.345784187316894531e+00
7.340546131134033203e+00
7.335408687591552734e+00
7.330335140228271484e+00
7.325270652770996094e+00
7.320280075073242188e+00
7.315296173095703125e+00
7.310243606567382812e+00
7.305175304412841797e+00
7.300017356872558594e+00
7.294732093811035156e+00
7.289297580718994141e+00
7.283728122711181641e+00
7.278733730316162109e+00
7.278137683868408203e+00
7.270376205444335938e+00
7.245521068572998047e+00
7.233032226562500000e+00
7.234180450439453125e+00
7.232803821563720703e+00
7.229386806488037109e+00
7.224692821502685547e+00
7.218427658081054688e+00
7.216446399688720703e+00
7.220057964324951172e+00
7.225472927093505859e+00
7.229844093322753906e+00
7.233391284942626953e+00
7.237885951995849609e+00
7.242796421051025391e+00
7.245998382568359375e+00
7.247099399566650391e+00
7.246672153472900391e+00
7.245189189910888672e+00
7.243136405944824219e+00
7.240894317626953125e+00
7.238513946533203125e+00
7.236391067504882812e+00
7.234789848327636719e+00
7.233041286468505859e+00
7.230403423309326172e+00
7.227032184600830078e+00
7.223694801330566406e+00
7.220892906188964844e+00
7.218459606170654297e+00
7.216058254241943359e+00
7.213572025299072266e+00
7.210997104644775391e+00
7.208374023437500000e+00
7.205849170684814453e+00
7.203594207763671875e+00
7.201651573181152344e+00
7.199923515319824219e+00
7.198305130004882812e+00
7.196752548217773438e+00
7.195254325866699219e+00
7.193818092346191406e+00
7.192461013793945312e+00
7.191159248352050781e+00
7.189836978912353516e+00
7.188436031341552734e+00
7.186961174011230469e+00
7.185467243194580078e+00
7.184006214141845703e+00
7.182613372802734375e+00
7.181295871734619141e+00
7.180030345916748047e+00
7.178781986236572266e+00
7.177523136138916016e+00
7.176253795623779297e+00
7.174988269805908203e+00
7.173741817474365234e+00
7.172522544860839844e+00
7.171332359313964844e+00
7.170166969299316406e+00
7.169020652770996094e+00
7.167891025543212891e+00
7.166781425476074219e+00
7.165694713592529297e+00
7.164633274078369141e+00
7.163592338562011719e+00
7.162566661834716797e+00
7.161548614501953125e+00
7.160533905029296875e+00
7.159521579742431641e+00
7.158512115478515625e+00
7.157508850097656250e+00
7.156511783599853516e+00
7.155524253845214844e+00
7.154541969299316406e+00
7.153564453125000000e+00
7.152591228485107422e+00
7.151620864868164062e+00
7.150653839111328125e+00
7.149690628051757812e+00
7.148729801177978516e+00
7.147770404815673828e+00
7.146813869476318359e+00
7.145857334136962891e+00
7.144901752471923828e+00
7.143947124481201172e+00
7.142993927001953125e+00
7.142044544219970703e+00
7.141095161437988281e+00
7.140148162841796875e+00
7.139201164245605469e+00
7.138253211975097656e+00
7.137305259704589844e+00
7.136356830596923828e+00
7.135408401489257812e+00
7.134459972381591797e+00
7.133510589599609375e+00
7.132562160491943359e+00
7.131612300872802734e+00
7.130662918090820312e+00
7.129712581634521484e+00
7.128762245178222656e+00
7.127810955047607422e+00
7.126860618591308594e+00
7.125909328460693359e+00
7.124957561492919922e+00
7.124005317687988281e+00
7.123053550720214844e+00
7.122100830078125000e+00
7.121148109436035156e+00
7.120195865631103516e+00
7.119243144989013672e+00
7.118289947509765625e+00
7.117337226867675781e+00
7.116383552551269531e+00
7.115429878234863281e+00
7.114474773406982422e+00
7.113519668579101562e+00
7.112562179565429688e+00
7.111602783203125000e+00
7.110650539398193359e+00
7.109758377075195312e+00
7.108745574951171875e+00
7.108961582183837891e+00
7.108880519866943359e+00
7.108104228973388672e+00
7.111530303955078125e+00
7.110423564910888672e+00
7.117132663726806641e+00
7.118587970733642578e+00
7.107957363128662109e+00
7.102168083190917969e+00
7.102242469787597656e+00
7.097603321075439453e+00
7.100026130676269531e+00
7.095928668975830078e+00
7.091246128082275391e+00
7.092894077301025391e+00
7.088534832000732422e+00
7.090590000152587891e+00
7.086772441864013672e+00
7.087654113769531250e+00
7.086472511291503906e+00
7.086012840270996094e+00
7.086264610290527344e+00
7.084820747375488281e+00
7.084647655487060547e+00
7.083594322204589844e+00
7.082758426666259766e+00
7.082252025604248047e+00
7.081236362457275391e+00
7.080667972564697266e+00
7.080090522766113281e+00
7.079445362091064453e+00
7.079001426696777344e+00
7.078355312347412109e+00
7.077672004699707031e+00
7.077016830444335938e+00
7.076250553131103516e+00
7.075517654418945312e+00
7.074779033660888672e+00
7.074004650115966797e+00
7.073294639587402344e+00
7.072601795196533203e+00
7.071924209594726562e+00
7.071262836456298828e+00
7.070566177368164062e+00
7.069855690002441406e+00
7.069139480590820312e+00
7.068409919738769531e+00
7.067682743072509766e+00
7.066947937011718750e+00
7.066210269927978516e+00
7.065480709075927734e+00
7.064752578735351562e+00
7.064022541046142578e+00
7.063280105590820312e+00
7.062518119812011719e+00
7.061736583709716797e+00
7.060931682586669922e+00
7.060098171234130859e+00
7.059222698211669922e+00
7.058291435241699219e+00
7.057284832000732422e+00
7.056169033050537109e+00
7.054880619049072266e+00
7.053299903869628906e+00
7.051200389862060547e+00
7.048178672790527344e+00
7.043951988220214844e+00
7.040165424346923828e+00
7.039348125457763672e+00
7.039105415344238281e+00
7.035948753356933594e+00
7.033247947692871094e+00
7.033710002899169922e+00
7.033665180206298828e+00
7.035024642944335938e+00
7.039024353027343750e+00
7.040312290191650391e+00
7.038268089294433594e+00
7.037407875061035156e+00
7.037639617919921875e+00
7.035829067230224609e+00
7.033316612243652344e+00
7.029895782470703125e+00
7.035540580749511719e+00
7.029015064239501953e+00
7.034902095794677734e+00
7.031317710876464844e+00
7.032376289367675781e+00
7.033555984497070312e+00
7.031437873840332031e+00
7.029001235961914062e+00
7.033105373382568359e+00
7.026892662048339844e+00
7.031757831573486328e+00
7.028030395507812500e+00
7.028618812561035156e+00
7.029656887054443359e+00
7.026195526123046875e+00
7.025422096252441406e+00
7.030253887176513672e+00
7.022825241088867188e+00
7.022922515869140625e+00
7.032398700714111328e+00
7.022764205932617188e+00
7.022463798522949219e+00
7.025201797485351562e+00
7.029088020324707031e+00
7.022443771362304688e+00
7.021450519561767578e+00
7.022819519042968750e+00
7.028868198394775391e+00
7.019773960113525391e+00
7.019512176513671875e+00
7.022810459136962891e+00
7.031395912170410156e+00
7.020248413085937500e+00
7.019335269927978516e+00
7.021029949188232422e+00
7.026756286621093750e+00
7.023085594177246094e+00
7.019396305084228516e+00
7.018362522125244141e+00
7.030083179473876953e+00
7.020709991455078125e+00
7.017064094543457031e+00
7.017289161682128906e+00
7.031787872314453125e+00
7.018731117248535156e+00
7.017308235168457031e+00
7.018517494201660156e+00
7.023299217224121094e+00
7.017783641815185547e+00
7.016946792602539062e+00
7.020781040191650391e+00
7.016272544860839844e+00
7.016419410705566406e+00
7.018967151641845703e+00
7.015029430389404297e+00
7.015513896942138672e+00
7.019710063934326172e+00
7.013888835906982422e+00
7.013872146606445312e+00
7.017531871795654297e+00
7.014467716217041016e+00
7.013556957244873047e+00
7.015447139739990234e+00
7.012662887573242188e+00
7.013504505157470703e+00
7.013048171997070312e+00
7.012099742889404297e+00
7.013277053833007812e+00
7.011665821075439453e+00
7.012083530426025391e+00
7.011753559112548828e+00
7.010699748992919922e+00
7.011542320251464844e+00
7.010158061981201172e+00
7.010839462280273438e+00
7.010257720947265625e+00
7.010146617889404297e+00
7.010264396667480469e+00
7.009499549865722656e+00
7.009674072265625000e+00
7.008896827697753906e+00
7.008717536926269531e+00
7.008416175842285156e+00
7.007963657379150391e+00
7.008051872253417969e+00
7.007575988769531250e+00
7.007644176483154297e+00
7.007314682006835938e+00
7.007094860076904297e+00
7.006914615631103516e+00
7.006478786468505859e+00
7.006343364715576172e+00
7.005939960479736328e+00
7.005752563476562500e+00
7.005516529083251953e+00
7.005244731903076172e+00
7.005107402801513672e+00
7.004795551300048828e+00
7.004622936248779297e+00
7.004341125488281250e+00
7.004081726074218750e+00
7.003859996795654297e+00
7.003564834594726562e+00
7.003367900848388672e+00
7.003100395202636719e+00
7.002878189086914062e+00
7.002650260925292969e+00
7.002390384674072266e+00
7.002172470092773438e+00
7.001901626586914062e+00
7.001664161682128906e+00
7.001413345336914062e+00
7.001157760620117188e+00
7.000928401947021484e+00
7.000671386718750000e+00
7.000440597534179688e+00
7.000194549560546875e+00
6.999947071075439453e+00
6.999707221984863281e+00
6.999449729919433594e+00
6.999206542968750000e+00
6.998951435089111328e+00
6.998699665069580078e+00
6.998453617095947266e+00
6.998198509216308594e+00
6.997953414916992188e+00
6.997700691223144531e+00
6.997450351715087891e+00
6.997199535369873047e+00
6.996943950653076172e+00
6.996691703796386719e+00
6.996435642242431641e+00
6.996180534362792969e+00
6.995925426483154297e+00
6.995667934417724609e+00
6.995413780212402344e+00
6.995156764984130859e+00
6.994900226593017578e+00
6.994643211364746094e+00
6.994383335113525391e+00
6.994124412536621094e+00
6.993862152099609375e+00
6.993597984313964844e+00
6.993331432342529297e+00
6.993064880371093750e+00
6.992788791656494141e+00
6.992511272430419922e+00
6.992240428924560547e+00
6.991970062255859375e+00
6.991708755493164062e+00
6.991450309753417969e+00
6.991191387176513672e+00
6.990933895111083984e+00
6.990670680999755859e+00
6.990405082702636719e+00
6.990136623382568359e+00
6.989863395690917969e+00
6.989590644836425781e+00
6.989316463470458984e+00
6.989040851593017578e+00
6.988764286041259766e+00
6.988485336303710938e+00
6.988204956054687500e+00
6.987920761108398438e+00
6.987635135650634766e+00
6.987348079681396484e+00
6.987058639526367188e+00
6.986768722534179688e+00
6.986477851867675781e+00
6.986183643341064453e+00
6.985887527465820312e+00
6.985588073730468750e+00
6.985284805297851562e+00
6.984978675842285156e+00
6.984669685363769531e+00
6.984356880187988281e+00
6.984043598175048828e+00
6.983726501464843750e+00
6.983408451080322266e+00
6.983088493347167969e+00
6.982767105102539062e+00
6.982443332672119141e+00
6.982118129730224609e+00
6.981791496276855469e+00
6.981463432312011719e+00
6.981133937835693359e+00
6.980806350708007812e+00
6.980477333068847656e+00
6.980149745941162109e+00
6.979822635650634766e+00
6.979496955871582031e+00
6.979174137115478516e+00
6.978852748870849609e+00
6.978536128997802734e+00
6.978222846984863281e+00
6.977913379669189453e+00
6.977608680725097656e+00
6.977311134338378906e+00
6.977017879486083984e+00
6.976731300354003906e+00
6.976451396942138672e+00
6.976178169250488281e+00
6.975912094116210938e+00
6.975653648376464844e+00
6.975401878356933594e+00
6.975158214569091797e+00
6.974923133850097656e+00
6.974696159362792969e+00
6.974476337432861328e+00
6.974264621734619141e+00
6.974061965942382812e+00
6.973867893218994141e+00
6.973682403564453125e+00
6.973504543304443359e+00
6.973335742950439453e+00
6.973174571990966797e+00
6.973021507263183594e+00
6.972876548767089844e+00
6.972740650177001953e+00
6.972611427307128906e+00
6.972489356994628906e+00
6.972375869750976562e+00
6.972268581390380859e+00
6.972168445587158203e+00
6.972075462341308594e+00
6.971988677978515625e+00
6.971908092498779297e+00
6.971833705902099609e+00
6.971765518188476562e+00
6.971703529357910156e+00
6.971645832061767578e+00
6.971594333648681641e+00
6.971547126770019531e+00
6.971505641937255859e+00
6.971468448638916016e+00
6.971435546875000000e+00
6.971406459808349609e+00
6.971383094787597656e+00
6.971362113952636719e+00
6.971345901489257812e+00
6.971333503723144531e+00
6.971323966979980469e+00
6.971317768096923828e+00
6.971314907073974609e+00
6.971314430236816406e+00
6.971316814422607422e+00
6.971323490142822266e+00
6.971331596374511719e+00
6.971341609954833984e+00
6.971355438232421875e+00
6.971370697021484375e+00
6.971388339996337891e+00
6.971407890319824219e+00
6.971429347991943359e+00
6.971452236175537109e+00
6.971477031707763672e+00
6.971503257751464844e+00
6.971530914306640625e+00
6.971560001373291016e+00
6.971590995788574219e+00
6.971622943878173828e+00
6.971654891967773438e+00
6.971689224243164062e+00
6.971724510192871094e+00
6.971760272979736328e+00
6.971796512603759766e+00
6.971834659576416016e+00
6.971872329711914062e+00
6.971911907196044922e+00
6.971951484680175781e+00
6.971991062164306641e+00
6.972032070159912109e+00
6.972073078155517578e+00
6.972114562988281250e+00
6.972156047821044922e+00
6.972198486328125000e+00
6.972240447998046875e+00
6.972283363342285156e+00
6.972325325012207031e+00
6.972367286682128906e+00
6.972410202026367188e+00
6.972452163696289062e+00
6.972494602203369141e+00
6.972536087036132812e+00
6.972577571868896484e+00
6.972619056701660156e+00
6.972659587860107422e+00
6.972700119018554688e+00
6.972740650177001953e+00
6.972779750823974609e+00
6.972820281982421875e+00
6.972858905792236328e+00
6.972898006439208984e+00
6.972935676574707031e+00
6.972973346710205078e+00
6.973009586334228516e+00
6.973046302795410156e+00
6.973082065582275391e+00
6.973118305206298828e+00
6.973153114318847656e+00
6.973186492919921875e+00
6.973220348358154297e+00
6.973253250122070312e+00
6.973285675048828125e+00
6.973317146301269531e+00
6.973348617553710938e+00
6.973378181457519531e+00
6.973408222198486328e+00
6.973436355590820312e+00
6.973463058471679688e+00
6.973490715026855469e+00
6.973516464233398438e+00
6.973540782928466797e+00
6.973565578460693359e+00
6.973588466644287109e+00
6.973610401153564453e+00
6.973630428314208984e+00
6.973650932312011719e+00
6.973669528961181641e+00
6.973686218261718750e+00
6.973702430725097656e+00
6.973717212677001953e+00
6.973730564117431641e+00
6.973742961883544922e+00
6.973753452301025391e+00
6.973762989044189453e+00
6.973770618438720703e+00
6.973776817321777344e+00
6.973780632019042969e+00
6.973783016204833984e+00
6.973783016204833984e+00
6.973780155181884766e+00
6.973776817321777344e+00
6.973770141601562500e+00
6.973761081695556641e+00
6.973749160766601562e+00
6.973735332489013672e+00
6.973717212677001953e+00
6.973696231842041016e+00
6.973672389984130859e+00
6.973642826080322266e+00
6.973610401153564453e+00
6.973573207855224609e+00
6.973530769348144531e+00
6.973483562469482422e+00
6.973430156707763672e+00
6.973370075225830078e+00
6.973302364349365234e+00
6.973227500915527344e+00
6.973143577575683594e+00
6.973048686981201172e+00
6.972941875457763672e+00
6.972823143005371094e+00
6.972690582275390625e+00
6.972539424896240234e+00
6.972366333007812500e+00
6.972167491912841797e+00
6.971940040588378906e+00
6.971682071685791016e+00
6.971383571624755859e+00
6.971031665802001953e+00
6.970623493194580078e+00
6.970124244689941406e+00
6.969517230987548828e+00
6.968813896179199219e+00
6.968002319335937500e+00
6.967073440551757812e+00
6.966028213500976562e+00
6.964872837066650391e+00
6.963626384735107422e+00
6.962322235107421875e+00
6.961034297943115234e+00
6.959957122802734375e+00
6.960655689239501953e+00
6.960310459136962891e+00
6.966022014617919922e+00
6.965383052825927734e+00
6.963924407958984375e+00
6.961125373840332031e+00
6.960356712341308594e+00
6.958854675292968750e+00
6.957375049591064453e+00
6.967051029205322266e+00
6.985035896301269531e+00
6.959004878997802734e+00
6.983414173126220703e+00
6.983449459075927734e+00
6.961397171020507812e+00
6.994766712188720703e+00
6.993847846984863281e+00
6.951756477355957031e+00
6.983715534210205078e+00
6.984683036804199219e+00
6.986186027526855469e+00
6.987002372741699219e+00
6.989002704620361328e+00
6.989550113677978516e+00
6.986615657806396484e+00
6.957247257232666016e+00
6.971001148223876953e+00
6.959309101104736328e+00
6.954071044921875000e+00
6.951943874359130859e+00
6.956363677978515625e+00
6.953784942626953125e+00
6.953713893890380859e+00
6.947621822357177734e+00
6.954529762268066406e+00
6.952552318572998047e+00
6.947191715240478516e+00
6.947677135467529297e+00
6.950160980224609375e+00
6.946770191192626953e+00
6.948002815246582031e+00
6.946351051330566406e+00
6.945217609405517578e+00
6.943851470947265625e+00
6.943268775939941406e+00
6.943323135375976562e+00
6.943188667297363281e+00
6.943433761596679688e+00
6.942434787750244141e+00
6.941928863525390625e+00
6.941632270812988281e+00
6.941718578338623047e+00
6.942151546478271484e+00
6.941292285919189453e+00
6.941211700439453125e+00
6.941086769104003906e+00
6.941195011138916016e+00
6.941225528717041016e+00
6.941469192504882812e+00
6.940486431121826172e+00
6.940215587615966797e+00
6.940042972564697266e+00
6.940053939819335938e+00
6.940170288085937500e+00
6.940711021423339844e+00
6.939342021942138672e+00
6.939301490783691406e+00
6.939575195312500000e+00
6.940105915069580078e+00
6.941308498382568359e+00
6.938999176025390625e+00
6.944261074066162109e+00
6.941393852233886719e+00
6.940481662750244141e+00
6.943182945251464844e+00
6.940433025360107422e+00
6.939049720764160156e+00
6.943302154541015625e+00
6.941375732421875000e+00
6.940083503723144531e+00
6.942569255828857422e+00
6.940573692321777344e+00
6.939034938812255859e+00
6.943021774291992188e+00
6.941176891326904297e+00
6.939962387084960938e+00
6.941903114318847656e+00
6.940721988677978516e+00
6.939153194427490234e+00
6.942749977111816406e+00
6.941015243530273438e+00
6.939966678619384766e+00
6.941182136535644531e+00
6.940480709075927734e+00
6.938992023468017578e+00
6.942410945892333984e+00
6.941024303436279297e+00
6.940274238586425781e+00
6.940178394317626953e+00
6.939719676971435547e+00
6.938413143157958984e+00
6.940459728240966797e+00
6.941489219665527344e+00
6.940459728240966797e+00
6.940246105194091797e+00
6.939365386962890625e+00
6.938332080841064453e+00
6.940151214599609375e+00
6.941040992736816406e+00
6.940214633941650391e+00
6.939774036407470703e+00
6.939009189605712891e+00
6.938126087188720703e+00
6.939480781555175781e+00
6.940546512603759766e+00
6.939677238464355469e+00
6.939953327178955078e+00
6.939162254333496094e+00
6.938239574432373047e+00
6.940679073333740234e+00
6.940527439117431641e+00
6.940360546112060547e+00
6.938232898712158203e+00
6.938387870788574219e+00
6.939203739166259766e+00
6.937629222869873047e+00
6.941118240356445312e+00
6.940700531005859375e+00
6.940728664398193359e+00
6.938020706176757812e+00
6.939899444580078125e+00
6.941112995147705078e+00
6.940554618835449219e+00
6.938567161560058594e+00
6.938126087188720703e+00
6.939073562622070312e+00
6.938163280487060547e+00
6.941516399383544922e+00
6.939547538757324219e+00
6.940180301666259766e+00
6.937591075897216797e+00
6.941860198974609375e+00
6.940840244293212891e+00
6.941907882690429688e+00
6.938028812408447266e+00
6.940318584442138672e+00
6.941450119018554688e+00
6.941238880157470703e+00
6.938045978546142578e+00
6.939645767211914062e+00
6.940846443176269531e+00
6.941022872924804688e+00
6.937613487243652344e+00
6.941479206085205078e+00
6.940848350524902344e+00
6.942254543304443359e+00
6.937868595123291016e+00
6.940907955169677734e+00
6.941129684448242188e+00
6.941992759704589844e+00
6.937766551971435547e+00
6.941112041473388672e+00
6.940840244293212891e+00
6.942394256591796875e+00
6.937785148620605469e+00
6.941607475280761719e+00
6.940645694732666016e+00
6.943000793457031250e+00
6.937946319580078125e+00
6.941383838653564453e+00
6.940628528594970703e+00
6.943138122558593750e+00
6.937895774841308594e+00
6.941829204559326172e+00
6.940340042114257812e+00
6.943696022033691406e+00
6.937994480133056641e+00
6.942148685455322266e+00
6.940152168273925781e+00
6.944129943847656250e+00
6.938001155853271484e+00
6.942759990692138672e+00
6.939784526824951172e+00
6.944299697875976562e+00
6.937577724456787109e+00
6.945068836212158203e+00
6.938397884368896484e+00
6.940681934356689453e+00
6.938616752624511719e+00
6.939562797546386719e+00
6.937480449676513672e+00
6.937670707702636719e+00
6.937335968017578125e+00
6.937122344970703125e+00
6.937193393707275391e+00
6.937039852142333984e+00
6.937223434448242188e+00
6.937212467193603516e+00
6.936947345733642578e+00
6.937203407287597656e+00
6.937256813049316406e+00
6.936979770660400391e+00
6.937434673309326172e+00
6.937592029571533203e+00
6.937168598175048828e+00
6.937950611114501953e+00
6.938054084777832031e+00
6.937688350677490234e+00
6.938331604003906250e+00
6.937952995300292969e+00
6.937675476074218750e+00
6.938202857971191406e+00
6.937967300415039062e+00
6.937657356262207031e+00
6.938308238983154297e+00
6.938140392303466797e+00
6.937896728515625000e+00
6.938346385955810547e+00
6.938035011291503906e+00
6.937813758850097656e+00
6.938408851623535156e+00
6.938242435455322266e+00
6.938029289245605469e+00
6.938570976257324219e+00
6.938267230987548828e+00
6.938058376312255859e+00
6.938593387603759766e+00
6.938324451446533203e+00
6.938109874725341797e+00
6.938685417175292969e+00
