1.863074684143066406e+01
1.805359268188476562e+01
1.746009254455566406e+01
1.687203025817871094e+01
1.628318405151367188e+01
1.568807792663574219e+01
1.508432483673095703e+01
1.447158908843994141e+01
1.385105514526367188e+01
1.322522068023681641e+01
1.259769058227539062e+01
1.197289562225341797e+01
1.135583400726318359e+01
1.075179862976074219e+01
1.016614246368408203e+01
9.604041099548339844e+00
9.070228576660156250e+00
8.568740844726562500e+00
8.102705001831054688e+00
7.674220085144042969e+00
7.284364223480224609e+00
6.933306217193603516e+00
6.620482921600341797e+00
6.344761371612548828e+00
6.104573249816894531e+00
5.897987365722656250e+00
5.722761631011962891e+00
5.576372146606445312e+00
5.456052303314208984e+00
5.358851432800292969e+00
5.281715393066406250e+00
5.221589088439941406e+00
5.175534725189208984e+00
5.140846729278564453e+00
5.115137100219726562e+00
5.096388816833496094e+00
5.082958698272705078e+00
5.073548793792724609e+00
5.067146778106689453e+00
5.062970161437988281e+00
5.060396671295166016e+00
5.058926105499267578e+00
5.058144569396972656e+00
5.057712078094482422e+00
5.057347297668457031e+00
5.056830883026123047e+00
5.056003570556640625e+00
5.054762840270996094e+00
5.053056240081787109e+00
5.050876617431640625e+00
5.048251152038574219e+00
5.045231342315673828e+00
5.041884899139404297e+00
5.038286209106445312e+00
5.034514427185058594e+00
5.030645370483398438e+00
5.026752948760986328e+00
5.022905826568603516e+00
5.019165039062500000e+00
5.015588283538818359e+00
5.012221336364746094e+00
5.009105205535888672e+00
5.006268024444580078e+00
5.003732204437255859e+00
5.001510143280029297e+00
4.999605178833007812e+00
4.998013019561767578e+00
4.996723175048828125e+00
4.995718955993652344e+00
4.994978904724121094e+00
4.994478225708007812e+00
4.994190692901611328e+00
4.994085788726806641e+00
4.994135379791259766e+00
4.994309902191162109e+00
4.994583129882812500e+00
4.994926452636718750e+00
4.995317935943603516e+00
4.995736598968505859e+00
4.996163845062255859e+00
4.996585369110107422e+00
4.996987342834472656e+00
4.997362613677978516e+00
4.997703552246093750e+00
4.998005867004394531e+00
4.998267650604248047e+00
4.998488426208496094e+00
4.998669624328613281e+00
4.998812675476074219e+00
4.998921871185302734e+00
4.999000072479248047e+00
4.999051570892333984e+00
4.999080181121826172e+00
4.999091148376464844e+00
4.999086856842041016e+00
4.999071598052978516e+00
4.999048709869384766e+00
4.999021530151367188e+00
4.998991489410400391e+00
4.998960018157958984e+00
4.998930454254150391e+00
4.998902797698974609e+00
4.998878002166748047e+00
4.998857021331787109e+00
4.998839855194091797e+00
4.998826026916503906e+00
4.998816013336181641e+00
4.998808383941650391e+00
4.998803615570068359e+00
4.998802185058593750e+00
4.998801708221435547e+00
4.998803615570068359e+00
4.998806953430175781e+00
4.998810291290283203e+00
4.998814105987548828e+00
4.998818874359130859e+00
4.998823642730712891e+00
4.998828887939453125e+00
4.998833179473876953e+00
4.998837471008300781e+00
4.998841762542724609e+00
4.998845100402832031e+00
4.998848438262939453e+00
4.998850822448730469e+00
4.998853206634521484e+00
4.998855113983154297e+00
4.998856067657470703e+00
4.998857021331787109e+00
4.998857498168945312e+00
4.998857498168945312e+00
4.998857975006103516e+00
4.998857498168945312e+00
4.998857021331787109e+00
4.998856544494628906e+00
4.998856067657470703e+00
4.998855113983154297e+00
4.998854637145996094e+00
4.998853683471679688e+00
4.998853683471679688e+00
4.998852252960205078e+00
4.998852252960205078e+00
4.998851299285888672e+00
4.998850822448730469e+00
4.998850345611572266e+00
4.998849868774414062e+00
4.998849391937255859e+00
4.998848915100097656e+00
4.998848438262939453e+00
4.998848915100097656e+00
4.998848438262939453e+00
4.998847961425781250e+00
4.998847961425781250e+00
4.998847484588623047e+00
4.998847484588623047e+00
4.998847484588623047e+00
4.998847484588623047e+00
4.998847484588623047e+00
4.998847484588623047e+00
4.998847484588623047e+00
4.998847484588623047e+00
4.998847484588623047e+00
4.998847484588623047e+00
4.998847484588623047e+00
4.998847007751464844e+00
4.998847007751464844e+00
4.998847007751464844e+00
4.998847007751464844e+00
4.998847007751464844e+00
4.998847007751464844e+00
4.998847007751464844e+00
4.998847007751464844e+00
4.998846530914306641e+00
4.998846530914306641e+00
4.998846530914306641e+00
4.998846530914306641e+00
4.998847007751464844e+00
4.998846530914306641e+00
4.998846530914306641e+00
4.998846530914306641e+00
4.998846530914306641e+00
4.998846530914306641e+00
4.998847007751464844e+00
4.998846530914306641e+00
4.998847007751464844e+00
4.998846530914306641e+00
4.998847007751464844e+00
4.998847007751464844e+00
4.998846530914306641e+00
4.998846530914306641e+00
4.998846530914306641e+00
4.998846530914306641e+00
4.998846530914306641e+00
4.998846530914306641e+00
4.998846530914306641e+00
4.998846530914306641e+00
4.998846530914306641e+00
4.998846530914306641e+00
4.998846530914306641e+00
4.998846530914306641e+00
4.998846530914306641e+00
4.998846530914306641e+00
4.998846530914306641e+00
4.998847007751464844e+00
4.998847007751464844e+00
4.998846530914306641e+00
4.998847007751464844e+00
4.998847484588623047e+00
4.998847484588623047e+00
4.998847007751464844e+00
4.998847484588623047e+00
4.998847484588623047e+00
4.998847007751464844e+00
4.998847484588623047e+00
4.998847484588623047e+00
4.998847484588623047e+00
4.998847484588623047e+00
4.998847007751464844e+00
4.998847484588623047e+00
4.998847484588623047e+00
4.998847484588623047e+00
4.998847484588623047e+00
4.998847484588623047e+00
4.998847007751464844e+00
4.998847484588623047e+00
4.998847484588623047e+00
4.998847484588623047e+00
4.998847007751464844e+00
4.998847007751464844e+00
4.998847484588623047e+00
4.998847484588623047e+00
4.998847484588623047e+00
4.998847007751464844e+00
4.998847484588623047e+00
4.998847484588623047e+00
4.998847484588623047e+00
4.998847961425781250e+00
4.998847961425781250e+00
4.998847961425781250e+00
4.998847484588623047e+00
4.998847961425781250e+00
4.998847961425781250e+00
4.998848915100097656e+00
4.998848915100097656e+00
4.998848915100097656e+00
4.998848438262939453e+00
4.998848438262939453e+00
4.998848915100097656e+00
4.998848915100097656e+00
4.998848915100097656e+00
4.998848915100097656e+00
4.998849391937255859e+00
4.998848915100097656e+00
4.998848915100097656e+00
4.998848915100097656e+00
4.998849868774414062e+00
4.998848915100097656e+00
4.998848915100097656e+00
4.998849391937255859e+00
4.998849391937255859e+00
4.998849868774414062e+00
4.998849391937255859e+00
4.998849868774414062e+00
4.998849391937255859e+00
4.998849868774414062e+00
4.998849868774414062e+00
4.998849868774414062e+00
4.998849391937255859e+00
4.998849868774414062e+00
4.998849868774414062e+00
4.998849868774414062e+00
4.998849868774414062e+00
4.998849868774414062e+00
4.998849868774414062e+00
4.998849868774414062e+00
4.998849868774414062e+00
4.998850822448730469e+00
4.998850822448730469e+00
4.998849868774414062e+00
4.998850345611572266e+00
4.998849868774414062e+00
4.998850822448730469e+00
4.998850822448730469e+00
4.998850822448730469e+00
4.998851299285888672e+00
4.998851299285888672e+00
4.998851299285888672e+00
4.998851299285888672e+00
4.998851299285888672e+00
4.998851299285888672e+00
4.998851299285888672e+00
4.998851299285888672e+00
4.998851299285888672e+00
4.998851299285888672e+00
4.998851299285888672e+00
4.998851299285888672e+00
4.998851299285888672e+00
4.998851299285888672e+00
4.998851299285888672e+00
4.998851299285888672e+00
4.998851299285888672e+00
4.998851299285888672e+00
4.998851299285888672e+00
4.998851299285888672e+00
4.998851299285888672e+00
4.998852252960205078e+00
4.998851776123046875e+00
4.998852252960205078e+00
4.998852252960205078e+00
4.998852252960205078e+00
4.998852252960205078e+00
4.998852252960205078e+00
4.998852252960205078e+00
4.998852252960205078e+00
4.998852252960205078e+00
4.998852729797363281e+00
4.998852252960205078e+00
4.998852252960205078e+00
4.998851776123046875e+00
4.998852252960205078e+00
4.998852252960205078e+00
4.998852252960205078e+00
4.998852252960205078e+00
4.998852729797363281e+00
4.998852729797363281e+00
4.998852729797363281e+00
4.998853206634521484e+00
4.998853206634521484e+00
4.998853206634521484e+00
4.998852729797363281e+00
4.998853206634521484e+00
4.998852729797363281e+00
4.998853206634521484e+00
4.998853206634521484e+00
4.998853206634521484e+00
4.998853206634521484e+00
4.998853683471679688e+00
4.998853206634521484e+00
4.998853683471679688e+00
4.998853206634521484e+00
4.998853206634521484e+00
4.998853683471679688e+00
4.998853683471679688e+00
4.998853683471679688e+00
4.998853683471679688e+00
4.998853683471679688e+00
4.998853683471679688e+00
4.998853683471679688e+00
4.998853683471679688e+00
4.998854160308837891e+00
4.998853683471679688e+00
4.998853683471679688e+00
4.998854160308837891e+00
4.998854160308837891e+00
4.998854160308837891e+00
4.998854637145996094e+00
4.998854637145996094e+00
4.998853683471679688e+00
4.998854160308837891e+00
4.998854637145996094e+00
4.998854160308837891e+00
4.998854637145996094e+00
4.998854160308837891e+00
4.998854637145996094e+00
4.998854637145996094e+00
4.998854637145996094e+00
4.998855113983154297e+00
4.998855113983154297e+00
4.998855590820312500e+00
4.998855590820312500e+00
4.998855590820312500e+00
4.998855590820312500e+00
4.998855590820312500e+00
4.998855590820312500e+00
4.998855590820312500e+00
4.998855590820312500e+00
4.998855590820312500e+00
4.998855590820312500e+00
4.998855590820312500e+00
4.998855590820312500e+00
4.998856067657470703e+00
4.998856067657470703e+00
4.998856544494628906e+00
4.998856544494628906e+00
4.998856067657470703e+00
4.998857021331787109e+00
4.998856544494628906e+00
4.998856544494628906e+00
4.998856067657470703e+00
4.998856067657470703e+00
4.998856067657470703e+00
4.998856067657470703e+00
4.998856067657470703e+00
4.998856544494628906e+00
4.998857021331787109e+00
4.998857021331787109e+00
4.998857021331787109e+00
4.998857021331787109e+00
4.998857021331787109e+00
4.998857021331787109e+00
4.998857021331787109e+00
4.998857021331787109e+00
4.998857021331787109e+00
4.998857021331787109e+00
4.998857021331787109e+00
4.998857021331787109e+00
4.998857021331787109e+00
4.998857021331787109e+00
4.998856544494628906e+00
4.998857021331787109e+00
4.998857021331787109e+00
4.998857021331787109e+00
4.998857021331787109e+00
4.998857021331787109e+00
4.998857021331787109e+00
4.998856544494628906e+00
4.998857021331787109e+00
4.998857498168945312e+00
4.998857021331787109e+00
4.998857021331787109e+00
4.998857975006103516e+00
4.998857021331787109e+00
4.998857498168945312e+00
4.998857021331787109e+00
4.998857021331787109e+00
4.998857021331787109e+00
4.998857975006103516e+00
4.998857975006103516e+00
4.998857975006103516e+00
4.998857975006103516e+00
4.998857975006103516e+00
4.998857975006103516e+00
4.998857975006103516e+00
4.998857975006103516e+00
4.998857975006103516e+00
4.998857975006103516e+00
4.998858451843261719e+00
4.998857975006103516e+00
4.998858451843261719e+00
4.998858451843261719e+00
4.998858451843261719e+00
4.998857975006103516e+00
4.998858451843261719e+00
4.998858928680419922e+00
4.998858928680419922e+00
4.998858928680419922e+00
4.998858928680419922e+00
4.998858928680419922e+00
4.998858928680419922e+00
4.998858928680419922e+00
4.998858928680419922e+00
4.998858451843261719e+00
4.998858928680419922e+00
4.998858451843261719e+00
4.998858928680419922e+00
4.998858451843261719e+00
4.998858928680419922e+00
4.998858928680419922e+00
4.998858928680419922e+00
4.998858928680419922e+00
4.998859405517578125e+00
4.998858928680419922e+00
4.998858928680419922e+00
4.998859405517578125e+00
4.998859405517578125e+00
4.998859405517578125e+00
4.998859405517578125e+00
4.998859405517578125e+00
4.998859882354736328e+00
4.998860359191894531e+00
4.998860359191894531e+00
4.998860359191894531e+00
4.998860359191894531e+00
4.998860359191894531e+00
4.998860359191894531e+00
4.998859882354736328e+00
4.998860359191894531e+00
4.998860359191894531e+00
4.998859882354736328e+00
4.998860359191894531e+00
4.998859405517578125e+00
4.998859405517578125e+00
4.998860359191894531e+00
4.998860359191894531e+00
4.998860359191894531e+00
4.998860359191894531e+00
4.998860359191894531e+00
4.998860359191894531e+00
4.998860836029052734e+00
4.998860359191894531e+00
4.998860836029052734e+00
4.998861312866210938e+00
4.998861312866210938e+00
4.998861312866210938e+00
4.998861312866210938e+00
4.998861789703369141e+00
4.998861312866210938e+00
4.998862743377685547e+00
4.998862266540527344e+00
4.998861789703369141e+00
4.998862743377685547e+00
4.998861789703369141e+00
4.998861789703369141e+00
4.998861789703369141e+00
4.998861789703369141e+00
4.998861312866210938e+00
4.998861312866210938e+00
4.998861312866210938e+00
4.998861312866210938e+00
4.998861312866210938e+00
4.998861312866210938e+00
4.998861312866210938e+00
4.998861312866210938e+00
4.998861312866210938e+00
4.998861312866210938e+00
4.998861312866210938e+00
4.998861312866210938e+00
4.998861312866210938e+00
4.998861312866210938e+00
4.998861789703369141e+00
4.998861312866210938e+00
4.998861789703369141e+00
4.998861789703369141e+00
4.998861312866210938e+00
4.998861789703369141e+00
4.998861789703369141e+00
4.998861789703369141e+00
4.998861789703369141e+00
4.998861789703369141e+00
4.998862743377685547e+00
4.998861789703369141e+00
4.998861789703369141e+00
4.998861789703369141e+00
4.998862743377685547e+00
4.998861789703369141e+00
4.998862743377685547e+00
4.998862743377685547e+00
4.998862743377685547e+00
4.998862743377685547e+00
4.998862743377685547e+00
4.998862743377685547e+00
4.998862266540527344e+00
4.998861789703369141e+00
4.998861789703369141e+00
4.998861789703369141e+00
4.998861789703369141e+00
4.998861789703369141e+00
4.998862743377685547e+00
4.998862743377685547e+00
4.998862743377685547e+00
4.998862743377685547e+00
4.998862743377685547e+00
4.998862743377685547e+00
4.998862743377685547e+00
4.998862743377685547e+00
4.998862743377685547e+00
4.998862743377685547e+00
4.998862743377685547e+00
4.998862743377685547e+00
4.998863220214843750e+00
4.998863697052001953e+00
4.998862743377685547e+00
4.998863697052001953e+00
4.998863697052001953e+00
4.998863697052001953e+00
4.998863697052001953e+00
4.998863697052001953e+00
4.998863697052001953e+00
4.998863697052001953e+00
4.998863697052001953e+00
4.998863697052001953e+00
4.998863697052001953e+00
4.998863697052001953e+00
4.998863697052001953e+00
4.998863697052001953e+00
4.998864173889160156e+00
4.998864173889160156e+00
4.998863697052001953e+00
4.998864173889160156e+00
4.998864173889160156e+00
4.998863697052001953e+00
4.998863697052001953e+00
4.998863697052001953e+00
4.998863697052001953e+00
4.998864173889160156e+00
4.998863697052001953e+00
4.998863697052001953e+00
4.998863697052001953e+00
4.998863697052001953e+00
4.998863697052001953e+00
4.998863697052001953e+00
4.998863697052001953e+00
4.998863697052001953e+00
4.998863697052001953e+00
4.998863697052001953e+00
4.998864173889160156e+00
4.998863697052001953e+00
4.998864173889160156e+00
4.998864173889160156e+00
4.998863697052001953e+00
4.998864173889160156e+00
4.998865127563476562e+00
4.998865127563476562e+00
4.998865127563476562e+00
4.998865127563476562e+00
4.998865127563476562e+00
4.998865127563476562e+00
4.998865604400634766e+00
4.998865604400634766e+00
4.998865127563476562e+00
4.998865604400634766e+00
4.998865604400634766e+00
4.998865604400634766e+00
4.998865604400634766e+00
4.998865604400634766e+00
4.998865604400634766e+00
4.998865604400634766e+00
4.998865604400634766e+00
4.998865604400634766e+00
4.998865127563476562e+00
4.998865127563476562e+00
4.998865127563476562e+00
4.998865127563476562e+00
4.998865127563476562e+00
4.998864173889160156e+00
4.998864173889160156e+00
4.998864173889160156e+00
4.998864650726318359e+00
4.998865127563476562e+00
4.998865127563476562e+00
4.998865127563476562e+00
4.998865127563476562e+00
4.998865604400634766e+00
4.998865604400634766e+00
4.998865604400634766e+00
4.998865604400634766e+00
4.998865604400634766e+00
4.998866081237792969e+00
4.998866081237792969e+00
4.998866081237792969e+00
4.998866081237792969e+00
4.998866081237792969e+00
4.998866081237792969e+00
4.998866081237792969e+00
4.998866081237792969e+00
4.998865604400634766e+00
4.998865604400634766e+00
4.998866081237792969e+00
4.998865127563476562e+00
4.998865127563476562e+00
4.998865127563476562e+00
4.998865604400634766e+00
4.998865604400634766e+00
4.998865604400634766e+00
4.998865127563476562e+00
4.998865604400634766e+00
4.998865604400634766e+00
4.998865604400634766e+00
4.998866081237792969e+00
4.998866081237792969e+00
4.998866081237792969e+00
4.998866081237792969e+00
4.998866081237792969e+00
4.998866081237792969e+00
4.998866081237792969e+00
4.998866081237792969e+00
4.998865604400634766e+00
4.998866081237792969e+00
4.998866081237792969e+00
4.998866081237792969e+00
4.998866558074951172e+00
4.998867034912109375e+00
4.998866558074951172e+00
4.998866558074951172e+00
4.998866558074951172e+00
4.998866558074951172e+00
4.998866081237792969e+00
4.998866558074951172e+00
4.998866558074951172e+00
4.998866558074951172e+00
4.998866558074951172e+00
4.998867034912109375e+00
4.998866558074951172e+00
4.998866558074951172e+00
4.998866558074951172e+00
4.998866081237792969e+00
4.998867034912109375e+00
4.998867511749267578e+00
4.998867511749267578e+00
4.998867034912109375e+00
4.998867511749267578e+00
4.998867511749267578e+00
4.998867511749267578e+00
4.998867511749267578e+00
4.998867511749267578e+00
4.998867511749267578e+00
4.998867511749267578e+00
4.998867511749267578e+00
4.998867511749267578e+00
4.998867988586425781e+00
4.998867511749267578e+00
4.998867988586425781e+00
4.998867988586425781e+00
4.998867988586425781e+00
4.998867511749267578e+00
4.998868465423583984e+00
4.998867988586425781e+00
4.998867511749267578e+00
4.998867511749267578e+00
4.998867988586425781e+00
4.998868465423583984e+00
4.998867988586425781e+00
4.998867988586425781e+00
4.998867988586425781e+00
4.998867988586425781e+00
4.998868465423583984e+00
4.998868465423583984e+00
4.998868465423583984e+00
4.998869419097900391e+00
4.998869419097900391e+00
4.998868465423583984e+00
4.998868465423583984e+00
4.998868465423583984e+00
4.998869419097900391e+00
4.998868942260742188e+00
4.998868942260742188e+00
4.998868465423583984e+00
4.998868465423583984e+00
4.998867988586425781e+00
4.998867988586425781e+00
4.998867988586425781e+00
4.998868465423583984e+00
4.998867511749267578e+00
4.998867988586425781e+00
4.998868465423583984e+00
4.998868465423583984e+00
4.998868465423583984e+00
4.998868465423583984e+00
4.998867511749267578e+00
4.998867511749267578e+00
4.998867511749267578e+00
4.998867988586425781e+00
4.998867511749267578e+00
4.998867988586425781e+00
4.998867511749267578e+00
4.998867511749267578e+00
4.998867511749267578e+00
4.998867988586425781e+00
4.998867511749267578e+00
4.998868465423583984e+00
4.998867988586425781e+00
4.998868465423583984e+00
4.998868465423583984e+00
4.998868465423583984e+00
4.998867511749267578e+00
4.998867988586425781e+00
4.998868465423583984e+00
4.998868465423583984e+00
4.998868465423583984e+00
4.998868465423583984e+00
4.998868465423583984e+00
4.998868465423583984e+00
4.998868465423583984e+00
4.998868465423583984e+00
4.998868465423583984e+00
4.998868465423583984e+00
4.998867988586425781e+00
4.998868465423583984e+00
4.998868465423583984e+00
4.998868465423583984e+00
4.998867988586425781e+00
4.998868465423583984e+00
4.998868465423583984e+00
4.998868465423583984e+00
4.998868465423583984e+00
4.998868465423583984e+00
4.998868942260742188e+00
4.998868465423583984e+00
4.998868465423583984e+00
4.998868465423583984e+00
4.998868465423583984e+00
4.998868942260742188e+00
4.998868465423583984e+00
4.998868465423583984e+00
4.998868465423583984e+00
4.998868465423583984e+00
4.998868465423583984e+00
4.998868465423583984e+00
4.998868465423583984e+00
4.998869419097900391e+00
4.998869419097900391e+00
4.998868942260742188e+00
4.998868942260742188e+00
4.998869419097900391e+00
4.998868942260742188e+00
4.998869419097900391e+00
4.998869419097900391e+00
4.998868465423583984e+00
4.998869419097900391e+00
4.998869419097900391e+00
4.998869419097900391e+00
4.998868942260742188e+00
4.998869419097900391e+00
4.998869419097900391e+00
4.998869419097900391e+00
4.998869419097900391e+00
4.998869895935058594e+00
4.998869419097900391e+00
4.998869895935058594e+00
4.998869895935058594e+00
4.998869895935058594e+00
4.998869895935058594e+00
4.998869895935058594e+00
4.998869895935058594e+00
4.998869895935058594e+00
4.998870372772216797e+00
4.998870372772216797e+00
4.998870849609375000e+00
4.998870372772216797e+00
4.998870849609375000e+00
4.998870849609375000e+00
4.998870849609375000e+00
4.998870849609375000e+00
4.998870849609375000e+00
4.998871326446533203e+00
4.998870849609375000e+00
4.998870849609375000e+00
4.998870849609375000e+00
4.998871326446533203e+00
4.998870849609375000e+00
4.998870849609375000e+00
4.998870849609375000e+00
4.998870849609375000e+00
4.998870849609375000e+00
4.998870849609375000e+00
4.998871326446533203e+00
4.998870849609375000e+00
4.998871326446533203e+00
4.998871326446533203e+00
4.998870849609375000e+00
4.998870849609375000e+00
4.998871326446533203e+00
4.998870372772216797e+00
4.998870849609375000e+00
4.998870372772216797e+00
4.998870372772216797e+00
4.998870849609375000e+00
4.998870849609375000e+00
4.998869895935058594e+00
4.998870372772216797e+00
4.998870372772216797e+00
4.998870372772216797e+00
4.998870372772216797e+00
4.998870372772216797e+00
4.998870372772216797e+00
4.998870372772216797e+00
4.998869895935058594e+00
4.998869895935058594e+00
4.998869895935058594e+00
4.998869895935058594e+00
4.998869895935058594e+00
4.998869895935058594e+00
4.998869895935058594e+00
4.998869419097900391e+00
4.998869895935058594e+00
4.998869895935058594e+00
4.998869895935058594e+00
4.998869895935058594e+00
4.998869895935058594e+00
4.998869895935058594e+00
4.998869895935058594e+00
4.998869895935058594e+00
4.998869895935058594e+00
4.998869895935058594e+00
4.998869895935058594e+00
4.998869895935058594e+00
4.998869895935058594e+00
4.998869895935058594e+00
4.998869895935058594e+00
4.998869895935058594e+00
4.998869895935058594e+00
4.998870372772216797e+00
4.998869895935058594e+00
4.998869895935058594e+00
4.998870849609375000e+00
4.998870849609375000e+00
4.998870849609375000e+00
4.998870849609375000e+00
4.998870849609375000e+00
4.998870849609375000e+00
4.998870849609375000e+00
4.998870849609375000e+00
4.998870849609375000e+00
4.998870849609375000e+00
4.998870849609375000e+00
4.998870849609375000e+00
4.998870849609375000e+00
4.998870372772216797e+00
4.998870372772216797e+00
4.998870849609375000e+00
4.998870372772216797e+00
4.998870849609375000e+00
4.998870849609375000e+00
4.998870849609375000e+00
4.998870849609375000e+00
4.998871803283691406e+00
4.998870849609375000e+00
4.998870849609375000e+00
4.998870849609375000e+00
4.998871326446533203e+00
4.998870849609375000e+00
4.998871326446533203e+00
4.998870849609375000e+00
4.998870849609375000e+00
4.998871326446533203e+00
4.998871326446533203e+00
4.998871803283691406e+00
4.998871803283691406e+00
4.998871803283691406e+00
4.998871803283691406e+00
4.998871803283691406e+00
4.998871803283691406e+00
4.998871803283691406e+00
4.998871803283691406e+00
4.998872280120849609e+00
4.998872280120849609e+00
4.998872280120849609e+00
4.998872280120849609e+00
4.998872280120849609e+00
4.998872280120849609e+00
4.998872280120849609e+00
4.998872756958007812e+00
4.998872280120849609e+00
4.998872280120849609e+00
4.998872280120849609e+00
4.998872280120849609e+00
4.998872756958007812e+00
4.998872280120849609e+00
4.998872280120849609e+00
4.998872280120849609e+00
4.998872756958007812e+00
4.998872756958007812e+00
4.998872280120849609e+00
4.998872280120849609e+00
4.998872280120849609e+00
4.998872756958007812e+00
4.998872280120849609e+00
4.998873233795166016e+00
4.998872280120849609e+00
4.998872756958007812e+00
4.998873233795166016e+00
4.998872756958007812e+00
4.998873233795166016e+00
4.998873233795166016e+00
4.998873233795166016e+00
4.998873233795166016e+00
4.998873233795166016e+00
4.998873233795166016e+00
4.998873233795166016e+00
4.998873233795166016e+00
4.998873233795166016e+00
4.998873233795166016e+00
4.998873233795166016e+00
4.998873233795166016e+00
4.998873233795166016e+00
4.998873233795166016e+00
4.998872756958007812e+00
4.998873233795166016e+00
4.998873233795166016e+00
4.998872756958007812e+00
4.998872756958007812e+00
4.998872756958007812e+00
4.998873233795166016e+00
4.998872280120849609e+00
4.998872280120849609e+00
4.998872280120849609e+00
4.998872280120849609e+00
4.998872280120849609e+00
4.998872280120849609e+00
4.998872280120849609e+00
4.998873233795166016e+00
4.998872756958007812e+00
4.998872280120849609e+00
4.998872280120849609e+00
4.998872280120849609e+00
4.998872280120849609e+00
4.998872280120849609e+00
4.998872280120849609e+00
4.998871803283691406e+00
4.998871803283691406e+00
4.998871803283691406e+00
4.998871803283691406e+00
4.998871803283691406e+00
4.998871803283691406e+00
4.998871803283691406e+00
4.998871803283691406e+00
4.998871803283691406e+00
4.998871803283691406e+00
4.998872280120849609e+00
4.998872280120849609e+00
4.998872280120849609e+00
