4.998948287963867188e+01
4.942965316772460938e+01
4.884808349609375000e+01
4.823377609252929688e+01
4.755872344970703125e+01
4.676224517822265625e+01
4.587635421752929688e+01
4.491135406494140625e+01
4.385034561157226562e+01
4.259570312500000000e+01
4.134634780883789062e+01
4.011042022705078125e+01
3.874265289306640625e+01
3.737337875366210938e+01
3.606514358520507812e+01
3.462302398681640625e+01
3.313744354248046875e+01
3.164786148071289062e+01
3.018067550659179688e+01
2.861857795715332031e+01
2.718239974975585938e+01
2.590703773498535156e+01
2.474302291870117188e+01
2.369193840026855469e+01
2.274847221374511719e+01
2.192853355407714844e+01
2.122617149353027344e+01
2.063713836669921875e+01
2.022596168518066406e+01
1.990681648254394531e+01
1.941059494018554688e+01
1.935345268249511719e+01
1.882885551452636719e+01
1.859030342102050781e+01
1.843013572692871094e+01
1.829914665222167969e+01
1.826722526550292969e+01
1.827359580993652344e+01
1.829339218139648438e+01
1.842375183105468750e+01
1.841514015197753906e+01
1.849625205993652344e+01
1.857928085327148438e+01
1.865663719177246094e+01
1.872059822082519531e+01
1.883571434020996094e+01
1.899933624267578125e+01
1.876707839965820312e+01
1.871001815795898438e+01
1.879312896728515625e+01
1.879332733154296875e+01
1.874146461486816406e+01
1.873116493225097656e+01
1.887719917297363281e+01
1.868063354492187500e+01
1.864402961730957031e+01
1.859413146972656250e+01
1.854526138305664062e+01
1.850047111511230469e+01
1.845972442626953125e+01
1.841827774047851562e+01
1.836687660217285156e+01
1.834223175048828125e+01
1.831871604919433594e+01
1.831009674072265625e+01
1.831079292297363281e+01
1.829463768005371094e+01
1.824223518371582031e+01
1.820280075073242188e+01
1.818576049804687500e+01
1.817781829833984375e+01
1.799089431762695312e+01
1.794333648681640625e+01
1.793387031555175781e+01
1.792470359802246094e+01
1.789923286437988281e+01
1.787981605529785156e+01
1.790153121948242188e+01
1.795174980163574219e+01
1.799950218200683594e+01
1.799641609191894531e+01
1.799777984619140625e+01
1.809983062744140625e+01
1.827779579162597656e+01
1.842590332031250000e+01
1.836628913879394531e+01
1.801338577270507812e+01
1.797568511962890625e+01
1.800544548034667969e+01
1.801791000366210938e+01
1.799204444885253906e+01
1.792066001892089844e+01
1.780110168457031250e+01
1.780270767211914062e+01
1.785828399658203125e+01
1.793175697326660156e+01
1.795909500122070312e+01
1.810848045349121094e+01
1.846911430358886719e+01
1.855123710632324219e+01
1.856295013427734375e+01
1.856980514526367188e+01
1.848578453063964844e+01
1.839862442016601562e+01
1.828777313232421875e+01
1.795336151123046875e+01
1.784670448303222656e+01
1.767829895019531250e+01
1.765120124816894531e+01
1.761804389953613281e+01
1.759868812561035156e+01
1.759006118774414062e+01
1.758474540710449219e+01
1.758302307128906250e+01
1.758523941040039062e+01
1.758730506896972656e+01
1.758580970764160156e+01
1.758479499816894531e+01
1.757431221008300781e+01
1.756541824340820312e+01
1.755949974060058594e+01
1.755497360229492188e+01
1.755105400085449219e+01
1.754656219482421875e+01
1.754043006896972656e+01
1.753293609619140625e+01
1.752522087097167969e+01
1.751847457885742188e+01
1.751335525512695312e+01
1.750995635986328125e+01
1.750790214538574219e+01
1.750652694702148438e+01
1.750511741638183594e+01
1.750319480895996094e+01
1.750065803527832031e+01
1.749769401550292969e+01
1.749455451965332031e+01
1.749146461486816406e+01
1.748855781555175781e+01
1.748584556579589844e+01
1.748316192626953125e+01
1.748026084899902344e+01
1.747694396972656250e+01
1.747314071655273438e+01
1.746894073486328125e+01
1.746450805664062500e+01
1.746000671386718750e+01
1.745551872253417969e+01
1.745100212097167969e+01
1.744632911682128906e+01
1.744047927856445312e+01
1.743870353698730469e+01
1.744381141662597656e+01
1.744529151916503906e+01
1.744327545166015625e+01
1.743636512756347656e+01
1.742356872558593750e+01
1.740576744079589844e+01
1.738434600830078125e+01
1.736109352111816406e+01
1.733886528015136719e+01
1.731980705261230469e+01
1.730395507812500000e+01
1.728998947143554688e+01
1.727685928344726562e+01
1.726432991027832031e+01
1.725260543823242188e+01
1.724178695678710938e+01
1.723163604736328125e+01
1.722170066833496094e+01
1.721155548095703125e+01
1.720099449157714844e+01
1.719002914428710938e+01
1.717881202697753906e+01
1.716758728027343750e+01
1.715672683715820312e+01
1.714672088623046875e+01
1.713792991638183594e+01
1.713036727905273438e+01
1.712373161315917969e+01
1.659739685058593750e+01
1.548011112213134766e+01
1.462051677703857422e+01
1.389532089233398438e+01
1.333039855957031250e+01
1.292789363861083984e+01
1.268526458740234375e+01
1.256575202941894531e+01
1.253500938415527344e+01
1.256088542938232422e+01
1.256942653656005859e+01
1.254781341552734375e+01
1.253344058990478516e+01
1.252769184112548828e+01
1.252399253845214844e+01
1.251880264282226562e+01
1.250689792633056641e+01
1.248449039459228516e+01
1.245620346069335938e+01
1.242962837219238281e+01
1.240914440155029297e+01
1.239623451232910156e+01
1.238972091674804688e+01
1.238638877868652344e+01
1.238297557830810547e+01
1.237755584716796875e+01
1.236979961395263672e+01
1.236058712005615234e+01
1.235137939453125000e+01
1.234348201751708984e+01
1.233772277832031250e+01
1.233279132843017578e+01
1.232949256896972656e+01
1.232647609710693359e+01
1.232295703887939453e+01
1.231933879852294922e+01
1.231536197662353516e+01
1.231221389770507812e+01
1.231010818481445312e+01
1.230879306793212891e+01
1.230792808532714844e+01
1.230694198608398438e+01
1.230539512634277344e+01
1.230345535278320312e+01
1.230136680603027344e+01
1.229969120025634766e+01
1.229852294921875000e+01
1.229798793792724609e+01
1.229775905609130859e+01
1.229739475250244141e+01
1.229723262786865234e+01
1.229656505584716797e+01
1.229605484008789062e+01
1.229552555084228516e+01
1.229485702514648438e+01
1.229417419433593750e+01
1.229360008239746094e+01
1.229301166534423828e+01
1.229228305816650391e+01
1.229137802124023438e+01
1.229038238525390625e+01
1.228942584991455078e+01
1.228859519958496094e+01
1.228796386718750000e+01
1.228736114501953125e+01
1.228680324554443359e+01
1.228609275817871094e+01
1.228525829315185547e+01
1.228443050384521484e+01
1.228372573852539062e+01
1.228316211700439453e+01
1.228269290924072266e+01
1.228226947784423828e+01
1.228185176849365234e+01
1.228140926361083984e+01
1.228092193603515625e+01
1.228038597106933594e+01
1.227981472015380859e+01
1.227923107147216797e+01
1.227865600585937500e+01
1.227809143066406250e+01
1.227753829956054688e+01
1.227699184417724609e+01
1.227645206451416016e+01
1.227592277526855469e+01
1.227540493011474609e+01
1.227489662170410156e+01
1.227439022064208984e+01
1.227388095855712891e+01
1.227336597442626953e+01
1.227284526824951172e+01
1.227232265472412109e+01
1.227180671691894531e+01
1.227130031585693359e+01
1.227080726623535156e+01
1.227032661437988281e+01
1.226985549926757812e+01
1.226938819885253906e+01
1.226892566680908203e+01
1.226846599578857422e+01
1.226801013946533203e+01
1.226756286621093750e+01
1.226712226867675781e+01
1.226669120788574219e+01
1.226626491546630859e+01
1.226584529876708984e+01
1.226542472839355469e+01
1.226501274108886719e+01
1.226460838317871094e+01
1.226420211791992188e+01
1.226380538940429688e+01
1.226340866088867188e+01
1.226301670074462891e+01
1.226262664794921875e+01
1.226222229003906250e+01
1.226181602478027344e+01
1.226139831542968750e+01
1.226098251342773438e+01
1.226056480407714844e+01
1.226014328002929688e+01
1.225968360900878906e+01
1.225921440124511719e+01
1.225875473022460938e+01
1.225829505920410156e+01
1.225784683227539062e+01
1.225733757019042969e+01
1.225678157806396484e+01
1.225624561309814453e+01
1.225571823120117188e+01
1.225522613525390625e+01
1.225469589233398438e+01
1.225401210784912109e+01
1.225322055816650391e+01
1.225252151489257812e+01
1.225194168090820312e+01
1.225150775909423828e+01
1.225111293792724609e+01
1.225065517425537109e+01
1.225008296966552734e+01
1.224941539764404297e+01
1.224870586395263672e+01
1.224800682067871094e+01
1.224734687805175781e+01
1.224671554565429688e+01
1.224618053436279297e+01
1.224561405181884766e+01
1.224483585357666016e+01
1.224400806427001953e+01
1.224321556091308594e+01
1.224239730834960938e+01
1.224165916442871094e+01
1.224115753173828125e+01
1.224077701568603516e+01
1.224042415618896484e+01
1.223978614807128906e+01
1.223930072784423828e+01
1.223873519897460938e+01
1.223825454711914062e+01
1.223785495758056641e+01
1.223741245269775391e+01
1.223709392547607422e+01
1.223664474487304688e+01
1.223585700988769531e+01
1.223489952087402344e+01
1.223413944244384766e+01
1.223363018035888672e+01
1.223334217071533203e+01
1.223309230804443359e+01
1.223285388946533203e+01
1.223259639739990234e+01
1.223203563690185547e+01
1.223112678527832031e+01
1.223016834259033203e+01
1.222948646545410156e+01
1.222907733917236328e+01
1.222859382629394531e+01
1.222793960571289062e+01
1.222716236114501953e+01
1.222649574279785156e+01
1.222589492797851562e+01
1.222615528106689453e+01
1.222789478302001953e+01
1.222888088226318359e+01
1.222283554077148438e+01
1.221645545959472656e+01
1.221583557128906250e+01
1.221969890594482422e+01
1.222646331787109375e+01
1.223030757904052734e+01
1.222538852691650391e+01
1.221815013885498047e+01
1.221442890167236328e+01
1.221341133117675781e+01
1.221455860137939453e+01
1.221628284454345703e+01
1.221777153015136719e+01
1.221934509277343750e+01
1.221554851531982422e+01
1.220954799652099609e+01
1.220741176605224609e+01
1.220824623107910156e+01
1.220091629028320312e+01
1.219702243804931641e+01
1.219916629791259766e+01
1.220972537994384766e+01
1.222046184539794922e+01
1.222500133514404297e+01
1.221954154968261719e+01
1.220865058898925781e+01
1.219736289978027344e+01
1.218926525115966797e+01
1.218712615966796875e+01
1.218905067443847656e+01
1.219224357604980469e+01
1.219394874572753906e+01
1.219294548034667969e+01
1.218913459777832031e+01
1.218466472625732422e+01
1.218179988861083984e+01
1.218041801452636719e+01
1.218059349060058594e+01
1.218204689025878906e+01
1.218298721313476562e+01
1.218302822113037109e+01
1.218318557739257812e+01
1.218350791931152344e+01
1.217876720428466797e+01
1.217345619201660156e+01
1.217336559295654297e+01
1.217716026306152344e+01
1.217120933532714844e+01
1.216862201690673828e+01
1.217144584655761719e+01
1.218388938903808594e+01
1.219544315338134766e+01
1.219942092895507812e+01
1.219671344757080078e+01
1.218826293945312500e+01
1.217660427093505859e+01
1.216640949249267578e+01
1.216188049316406250e+01
1.216279029846191406e+01
1.216707897186279297e+01
1.217132377624511719e+01
1.217275142669677734e+01
1.217068576812744141e+01
1.216674613952636719e+01
1.216280078887939453e+01
1.216048431396484375e+01
1.216126251220703125e+01
1.216307163238525391e+01
1.216616821289062500e+01
1.216633796691894531e+01
1.216393852233886719e+01
1.216107368469238281e+01
1.215883922576904297e+01
1.215716361999511719e+01
1.215669250488281250e+01
1.215704154968261719e+01
1.215739631652832031e+01
1.215696716308593750e+01
1.215541934967041016e+01
1.215293979644775391e+01
1.215001010894775391e+01
1.214702510833740234e+01
1.214405059814453125e+01
1.214094734191894531e+01
1.213789558410644531e+01
1.213458824157714844e+01
1.213036918640136719e+01
1.212554931640625000e+01
1.212121963500976562e+01
1.211792373657226562e+01
1.211481666564941406e+01
1.211129665374755859e+01
1.210842037200927734e+01
1.210630130767822266e+01
1.210531902313232422e+01
1.210602378845214844e+01
1.210672569274902344e+01
1.210026741027832031e+01
1.209488487243652344e+01
1.209543132781982422e+01
1.209977149963378906e+01
1.210628509521484375e+01
1.211116695404052734e+01
1.211251544952392578e+01
1.210791778564453125e+01
1.210033035278320312e+01
1.209469795227050781e+01
1.209182548522949219e+01
1.209182929992675781e+01
1.208785533905029297e+01
1.208475112915039062e+01
1.208654785156250000e+01
1.209151363372802734e+01
1.208654975891113281e+01
1.208474349975585938e+01
1.208791065216064453e+01
1.209742927551269531e+01
1.210812664031982422e+01
1.211182594299316406e+01
1.210803604125976562e+01
1.209903335571289062e+01
1.208849811553955078e+01
1.207948398590087891e+01
1.207498455047607422e+01
1.207541656494140625e+01
1.207972145080566406e+01
1.208313274383544922e+01
1.208337497711181641e+01
1.208026123046875000e+01
1.207560443878173828e+01
1.207099533081054688e+01
1.206816482543945312e+01
1.206756305694580078e+01
1.206855297088623047e+01
1.206964111328125000e+01
1.206937313079833984e+01
1.206747817993164062e+01
1.206390571594238281e+01
1.206043815612792969e+01
1.205865669250488281e+01
1.205610752105712891e+01
1.205196285247802734e+01
1.204859542846679688e+01
1.204699134826660156e+01
1.203438472747802734e+01
1.202211952209472656e+01
1.200832271575927734e+01
1.199702739715576172e+01
1.198566818237304688e+01
1.197889900207519531e+01
1.196576595306396484e+01
1.196026992797851562e+01
1.195393466949462891e+01
1.194495677947998047e+01
1.193682861328125000e+01
1.192769718170166016e+01
1.191949272155761719e+01
1.191819477081298828e+01
1.193174648284912109e+01
1.190696334838867188e+01
1.189499187469482422e+01
1.190438652038574219e+01
1.188781929016113281e+01
1.188768386840820312e+01
1.189209175109863281e+01
1.188960933685302734e+01
1.189135360717773438e+01
1.188334369659423828e+01
1.188581657409667969e+01
1.187800407409667969e+01
1.187839889526367188e+01
1.187613487243652344e+01
1.187684059143066406e+01
1.187689399719238281e+01
1.187281417846679688e+01
1.186983013153076172e+01
1.186602401733398438e+01
1.187014579772949219e+01
1.186381530761718750e+01
1.186638355255126953e+01
1.186673164367675781e+01
1.186286640167236328e+01
1.185335350036621094e+01
1.185827922821044922e+01
1.187022972106933594e+01
1.187298774719238281e+01
1.187642669677734375e+01
1.186552619934082031e+01
1.185734462738037109e+01
1.184989643096923828e+01
1.184584712982177734e+01
1.184603404998779297e+01
1.184976291656494141e+01
1.185459423065185547e+01
1.184971904754638672e+01
1.184228706359863281e+01
1.183875942230224609e+01
1.184525203704833984e+01
1.183508396148681641e+01
1.185109233856201172e+01
1.185689067840576172e+01
1.185286617279052734e+01
1.184753894805908203e+01
1.183665561676025391e+01
1.182803058624267578e+01
1.183249855041503906e+01
1.185923957824707031e+01
1.186706638336181641e+01
1.184772491455078125e+01
1.185661983489990234e+01
1.185593795776367188e+01
1.185301780700683594e+01
1.184984302520751953e+01
1.184447860717773438e+01
1.183824920654296875e+01
1.183365440368652344e+01
1.184092903137207031e+01
1.190594863891601562e+01
1.186083412170410156e+01
1.183472061157226562e+01
1.192900848388671875e+01
1.185292816162109375e+01
1.186625289916992188e+01
1.140517616271972656e+01
1.059485626220703125e+01
9.654686927795410156e+00
8.896506309509277344e+00
8.297514915466308594e+00
7.879070281982421875e+00
7.721483707427978516e+00
7.636319637298583984e+00
7.602451801300048828e+00
7.650153160095214844e+00
7.661886692047119141e+00
7.682151317596435547e+00
7.729979991912841797e+00
7.708222866058349609e+00
7.711722373962402344e+00
7.714231967926025391e+00
7.726956844329833984e+00
7.752621173858642578e+00
7.781602382659912109e+00
7.797929763793945312e+00
7.794222831726074219e+00
7.789783477783203125e+00
7.791463375091552734e+00
7.755590915679931641e+00
7.821535110473632812e+00
7.752262592315673828e+00
7.718443870544433594e+00
7.759613513946533203e+00
7.707015991210937500e+00
7.691360473632812500e+00
7.695257186889648438e+00
7.707287788391113281e+00
7.711917877197265625e+00
7.697694301605224609e+00
7.691601276397705078e+00
7.692512035369873047e+00
7.701036930084228516e+00
7.710306644439697266e+00
7.698375701904296875e+00
7.694700717926025391e+00
7.693147659301757812e+00
7.692436218261718750e+00
7.693234920501708984e+00
7.696930408477783203e+00
7.706276893615722656e+00
7.715635776519775391e+00
7.703855514526367188e+00
7.696202278137207031e+00
7.692650794982910156e+00
7.692216396331787109e+00
7.692489147186279297e+00
7.693976402282714844e+00
7.698503971099853516e+00
7.708583354949951172e+00
7.701478004455566406e+00
7.694496154785156250e+00
7.689571380615234375e+00
7.688278198242187500e+00
7.688421249389648438e+00
7.691281795501708984e+00
7.696021556854248047e+00
7.700727939605712891e+00
7.690689563751220703e+00
7.688108921051025391e+00
7.685284614562988281e+00
7.684237480163574219e+00
7.684197902679443359e+00
7.687160491943359375e+00
7.689010143280029297e+00
7.690894603729248047e+00
7.687541961669921875e+00
7.685653209686279297e+00
7.683173179626464844e+00
7.683551788330078125e+00
7.683891296386718750e+00
7.691046714782714844e+00
7.690329551696777344e+00
7.691425323486328125e+00
7.682679653167724609e+00
7.678132057189941406e+00
7.675798892974853516e+00
7.676196575164794922e+00
7.676947593688964844e+00
7.679676055908203125e+00
7.682459831237792969e+00
7.687270641326904297e+00
7.683664798736572266e+00
7.682573318481445312e+00
7.678234100341796875e+00
7.676116943359375000e+00
7.673854827880859375e+00
7.674152374267578125e+00
7.675107002258300781e+00
7.679683208465576172e+00
7.680686473846435547e+00
7.682362079620361328e+00
7.677474975585937500e+00
7.675473213195800781e+00
7.672506809234619141e+00
7.673648357391357422e+00
7.673886299133300781e+00
7.678285121917724609e+00
7.676777839660644531e+00
7.675366878509521484e+00
7.672556877136230469e+00
7.676266670227050781e+00
7.680834293365478516e+00
7.672031879425048828e+00
7.667323589324951172e+00
7.672355651855468750e+00
7.691795825958251953e+00
7.707830905914306641e+00
7.706624031066894531e+00
7.694603443145751953e+00
7.671889781951904297e+00
7.661668777465820312e+00
7.656702995300292969e+00
7.664208412170410156e+00
7.670683383941650391e+00
7.670318126678466797e+00
7.664135932922363281e+00
7.663316249847412109e+00
7.669228076934814453e+00
7.680404186248779297e+00
7.674087047576904297e+00
7.671269416809082031e+00
7.665165424346923828e+00
7.659858226776123047e+00
7.656809329986572266e+00
7.656978130340576172e+00
7.661553859710693359e+00
7.670605182647705078e+00
7.687480449676513672e+00
7.689317226409912109e+00
7.677866935729980469e+00
7.659913063049316406e+00
7.657588481903076172e+00
7.662002086639404297e+00
7.666319370269775391e+00
7.670794486999511719e+00
7.666490554809570312e+00
7.665512561798095703e+00
7.663387775421142578e+00
7.664996623992919922e+00
7.665279865264892578e+00
7.667724609375000000e+00
7.665317535400390625e+00
7.665200233459472656e+00
7.660407543182373047e+00
7.658041477203369141e+00
7.655723094940185547e+00
7.656573295593261719e+00
7.659195899963378906e+00
7.666968822479248047e+00
7.673806667327880859e+00
7.679829120635986328e+00
7.663503646850585938e+00
7.656125545501708984e+00
7.652872085571289062e+00
7.653458118438720703e+00
7.658439636230468750e+00
7.666473388671875000e+00
7.681828022003173828e+00
7.678514480590820312e+00
7.668897151947021484e+00
7.653200626373291016e+00
7.652845859527587891e+00
7.660306930541992188e+00
7.662096977233886719e+00
7.664001464843750000e+00
7.659841537475585938e+00
7.659830570220947266e+00
7.658121109008789062e+00
7.658847332000732422e+00
7.655647754669189453e+00
7.653928279876708984e+00
7.651378631591796875e+00
7.650735378265380859e+00
7.649767875671386719e+00
7.650113105773925781e+00
7.651903629302978516e+00
7.659215450286865234e+00
7.667544364929199219e+00
7.676287174224853516e+00
7.657396793365478516e+00
7.649641990661621094e+00
7.650477409362792969e+00
7.654994964599609375e+00
7.667983055114746094e+00
7.664963722229003906e+00
7.675495147705078125e+00
7.674495220184326172e+00
7.692747592926025391e+00
7.693021297454833984e+00
7.683634757995605469e+00
7.667521476745605469e+00
7.648992061614990234e+00
7.651066303253173828e+00
7.654567241668701172e+00
7.666908264160156250e+00
7.659292697906494141e+00
7.648307800292968750e+00
7.638029098510742188e+00
7.636585712432861328e+00
7.643223762512207031e+00
7.653466224670410156e+00
7.669153690338134766e+00
7.668247699737548828e+00
7.661837100982666016e+00
7.646845340728759766e+00
7.643533229827880859e+00
7.648436069488525391e+00
7.653939723968505859e+00
7.661620616912841797e+00
7.660922527313232422e+00
7.659901618957519531e+00
7.650264263153076172e+00
7.646318435668945312e+00
7.644564628601074219e+00
7.644952297210693359e+00
7.646362781524658203e+00
7.648328781127929688e+00
7.655311107635498047e+00
7.660479068756103516e+00
7.665907382965087891e+00
7.649795055389404297e+00
7.644857406616210938e+00
7.648587703704833984e+00
7.651133537292480469e+00
7.654754638671875000e+00
7.653246879577636719e+00
7.655280113220214844e+00
7.652079105377197266e+00
7.650764465332031250e+00
7.644206523895263672e+00
7.641493320465087891e+00
7.642275810241699219e+00
7.644659042358398438e+00
7.649771690368652344e+00
7.655531883239746094e+00
7.665748119354248047e+00
7.653203964233398438e+00
7.645714759826660156e+00
7.642005920410156250e+00
7.645270824432373047e+00
7.652117252349853516e+00
7.651916027069091797e+00
7.655420303344726562e+00
7.653230190277099609e+00
7.653065681457519531e+00
7.643427848815917969e+00
7.639324665069580078e+00
7.638574123382568359e+00
7.640692234039306641e+00
7.645189285278320312e+00
7.650408744812011719e+00
7.660718441009521484e+00
7.657489776611328125e+00
7.654628753662109375e+00
7.640582084655761719e+00
7.644576072692871094e+00
7.659469127655029297e+00
7.652730464935302734e+00
7.645015239715576172e+00
7.640277862548828125e+00
7.638439655303955078e+00
7.635900974273681641e+00
7.637718200683593750e+00
7.639420032501220703e+00
7.637888908386230469e+00
7.638989925384521484e+00
7.639278411865234375e+00
7.638157367706298828e+00
7.642004489898681641e+00
7.648262977600097656e+00
7.650015354156494141e+00
8.124841690063476562e+00
9.056089401245117188e+00
7.638709068298339844e+00
7.735715389251708984e+00
8.355348587036132812e+00
7.818936824798583984e+00
8.407342910766601562e+00
9.409610748291015625e+00
8.550928115844726562e+00
7.961928367614746094e+00
8.001143455505371094e+00
7.919581890106201172e+00
7.865108966827392578e+00
7.739769935607910156e+00
7.785153865814208984e+00
8.409859657287597656e+00
7.838731288909912109e+00
7.906580924987792969e+00
7.863407611846923828e+00
8.003017425537109375e+00
8.362260818481445312e+00
8.600991249084472656e+00
8.710304260253906250e+00
8.862670898437500000e+00
9.079293251037597656e+00
9.355229377746582031e+00
9.474541664123535156e+00
9.471475601196289062e+00
9.401845932006835938e+00
9.260804176330566406e+00
9.128014564514160156e+00
9.083355903625488281e+00
9.116282463073730469e+00
9.220428466796875000e+00
9.264987945556640625e+00
9.297305107116699219e+00
9.282056808471679688e+00
9.248136520385742188e+00
9.215904235839843750e+00
9.186804771423339844e+00
9.156503677368164062e+00
9.126704216003417969e+00
9.103141784667968750e+00
9.085295677185058594e+00
9.070846557617187500e+00
9.054426193237304688e+00
9.037829399108886719e+00
9.027424812316894531e+00
9.023399353027343750e+00
9.022900581359863281e+00
9.019273757934570312e+00
9.015108108520507812e+00
9.017657279968261719e+00
9.025706291198730469e+00
9.027977943420410156e+00
9.025775909423828125e+00
9.035759925842285156e+00
9.032217025756835938e+00
9.030300140380859375e+00
9.032663345336914062e+00
9.027476310729980469e+00
9.020685195922851562e+00
9.021971702575683594e+00
9.031269073486328125e+00
9.019227027893066406e+00
8.998229980468750000e+00
8.995597839355468750e+00
9.013324737548828125e+00
9.031002044677734375e+00
8.998324394226074219e+00
9.000571250915527344e+00
9.012955665588378906e+00
9.016580581665039062e+00
9.018062591552734375e+00
9.043993949890136719e+00
9.026144981384277344e+00
9.028449058532714844e+00
9.031265258789062500e+00
9.024997711181640625e+00
9.023108482360839844e+00
9.016471862792968750e+00
9.007841110229492188e+00
9.019639015197753906e+00
9.028425216674804688e+00
9.009195327758789062e+00
9.002711296081542969e+00
9.014287948608398438e+00
9.012065887451171875e+00
9.000538825988769531e+00
9.008648872375488281e+00
9.005466461181640625e+00
9.014059066772460938e+00
9.026431083679199219e+00
8.971682548522949219e+00
8.905490875244140625e+00
8.913065910339355469e+00
8.908737182617187500e+00
8.871376991271972656e+00
8.887410163879394531e+00
8.998136520385742188e+00
9.114479064941406250e+00
9.175470352172851562e+00
9.204161643981933594e+00
9.209673881530761719e+00
9.199522972106933594e+00
9.176552772521972656e+00
9.149378776550292969e+00
9.136209487915039062e+00
9.124224662780761719e+00
9.103368759155273438e+00
9.072083473205566406e+00
9.025651931762695312e+00
8.971910476684570312e+00
8.939730644226074219e+00
8.955232620239257812e+00
9.028135299682617188e+00
9.078992843627929688e+00
9.070621490478515625e+00
9.012907028198242188e+00
8.969763755798339844e+00
8.975101470947265625e+00
9.009552955627441406e+00
9.033247947692871094e+00
9.029541969299316406e+00
9.007436752319335938e+00
8.987801551818847656e+00
8.989315986633300781e+00
9.007295608520507812e+00
9.016124725341796875e+00
9.007352828979492188e+00
8.990111351013183594e+00
8.979262351989746094e+00
8.978925704956054688e+00
8.986695289611816406e+00
8.994762420654296875e+00
8.994771003723144531e+00
8.987704277038574219e+00
8.981270790100097656e+00
