3.338537979125976562e+01
3.298312759399414062e+01
3.252595901489257812e+01
3.206352233886718750e+01
3.159747123718261719e+01
3.112711906433105469e+01
3.063242149353027344e+01
3.000106430053710938e+01
2.929890632629394531e+01
2.856315422058105469e+01
2.779523086547851562e+01
2.692291259765625000e+01
2.592964172363281250e+01
2.498799705505371094e+01
2.413695907592773438e+01
2.330667304992675781e+01
2.255580520629882812e+01
2.175890350341796875e+01
2.115640258789062500e+01
2.070178985595703125e+01
2.035749816894531250e+01
2.011578369140625000e+01
1.996063232421875000e+01
1.987109565734863281e+01
1.982592391967773438e+01
1.980781555175781250e+01
1.980568313598632812e+01
1.981443595886230469e+01
1.983287048339843750e+01
1.986105918884277344e+01
1.989838600158691406e+01
1.994269371032714844e+01
1.999043655395507812e+01
2.003742599487304688e+01
2.007965850830078125e+01
2.011401367187500000e+01
2.013860321044921875e+01
2.015283203125000000e+01
2.015724945068359375e+01
2.015324592590332031e+01
2.014272117614746094e+01
2.012777137756347656e+01
2.011041259765625000e+01
2.009241104125976562e+01
2.007516479492187500e+01
2.005968856811523438e+01
2.004661941528320312e+01
2.003628158569335938e+01
2.002875328063964844e+01
2.002392578125000000e+01
2.002156829833984375e+01
2.002135276794433594e+01
2.002289199829101562e+01
2.002576828002929688e+01
2.002953910827636719e+01
2.003378677368164062e+01
2.003811645507812500e+01
2.004219818115234375e+01
2.004576492309570312e+01
2.004863929748535156e+01
2.005073356628417969e+01
2.005202293395996094e+01
2.005256462097167969e+01
2.005245590209960938e+01
2.005183410644531250e+01
2.005084800720214844e+01
2.004964637756347656e+01
2.004836654663085938e+01
2.004712295532226562e+01
2.004601097106933594e+01
2.004508972167968750e+01
2.004439544677734375e+01
2.004393959045410156e+01
2.004371070861816406e+01
2.004368782043457031e+01
2.004383087158203125e+01
2.004409790039062500e+01
2.004444122314453125e+01
2.004482460021972656e+01
2.004520606994628906e+01
2.004555511474609375e+01
2.004585075378417969e+01
2.004607582092285156e+01
2.004622840881347656e+01
2.004630661010742188e+01
2.004631996154785156e+01
2.004627799987792969e+01
2.004619789123535156e+01
2.004609107971191406e+01
2.004597091674804688e+01
2.004585075378417969e+01
2.004574012756347656e+01
2.004564857482910156e+01
2.004557800292968750e+01
2.004553222656250000e+01
2.004550743103027344e+01
2.004550170898437500e+01
2.004551696777343750e+01
2.004554176330566406e+01
2.004557609558105469e+01
2.004561233520507812e+01
2.004564857482910156e+01
2.004568290710449219e+01
2.004571342468261719e+01
2.004573249816894531e+01
2.004574775695800781e+01
2.004575538635253906e+01
2.004575538635253906e+01
2.004575157165527344e+01
2.004574584960937500e+01
2.004573440551757812e+01
2.004572486877441406e+01
2.004571342468261719e+01
2.004570579528808594e+01
2.004569816589355469e+01
2.004569244384765625e+01
2.004569053649902344e+01
2.004568862915039062e+01
2.004569053649902344e+01
2.004569244384765625e+01
2.004569435119628906e+01
2.004569816589355469e+01
2.004570007324218750e+01
2.004570198059082031e+01
2.004570579528808594e+01
2.004570770263671875e+01
2.004570770263671875e+01
2.004570960998535156e+01
2.004570770263671875e+01
2.004570770263671875e+01
2.004570770263671875e+01
2.004570579528808594e+01
2.004570579528808594e+01
2.004570198059082031e+01
2.004570198059082031e+01
2.004570198059082031e+01
2.004570198059082031e+01
2.004570198059082031e+01
2.004570198059082031e+01
2.004570007324218750e+01
2.004570198059082031e+01
2.004570198059082031e+01
2.004570198059082031e+01
2.004570198059082031e+01
2.004570198059082031e+01
2.004570198059082031e+01
2.004570198059082031e+01
2.004570007324218750e+01
2.004570007324218750e+01
2.004570198059082031e+01
2.004570007324218750e+01
2.004570007324218750e+01
2.004570007324218750e+01
2.004570007324218750e+01
2.004570007324218750e+01
2.004569816589355469e+01
2.004569816589355469e+01
2.004569816589355469e+01
2.004569816589355469e+01
2.004569816589355469e+01
2.004569816589355469e+01
2.004569816589355469e+01
2.004569816589355469e+01
2.004569816589355469e+01
2.004569816589355469e+01
2.004569625854492188e+01
2.004569625854492188e+01
2.004569435119628906e+01
2.004569435119628906e+01
2.004569435119628906e+01
2.004569435119628906e+01
2.004569435119628906e+01
2.004569435119628906e+01
2.004569244384765625e+01
2.004569435119628906e+01
2.004569435119628906e+01
2.004569244384765625e+01
2.004569244384765625e+01
2.004569053649902344e+01
2.004569244384765625e+01
2.004569053649902344e+01
2.004569053649902344e+01
2.004569053649902344e+01
2.004569053649902344e+01
2.004569053649902344e+01
2.004569053649902344e+01
2.004569053649902344e+01
2.004569053649902344e+01
2.004569053649902344e+01
2.004569053649902344e+01
2.004568862915039062e+01
2.004568672180175781e+01
2.004568672180175781e+01
2.004568672180175781e+01
2.004568672180175781e+01
2.004568672180175781e+01
2.004568672180175781e+01
2.004568672180175781e+01
2.004568672180175781e+01
2.004568672180175781e+01
2.004568481445312500e+01
2.004568481445312500e+01
2.004568481445312500e+01
2.004568481445312500e+01
2.004568290710449219e+01
2.004568290710449219e+01
2.004568290710449219e+01
2.004568290710449219e+01
2.004568290710449219e+01
2.004568290710449219e+01
2.004568290710449219e+01
2.004568290710449219e+01
2.004568290710449219e+01
2.004568099975585938e+01
2.004568099975585938e+01
2.004568099975585938e+01
2.004567909240722656e+01
2.004567909240722656e+01
2.004567909240722656e+01
2.004567909240722656e+01
2.004567909240722656e+01
2.004567909240722656e+01
2.004567909240722656e+01
2.004567718505859375e+01
2.004567718505859375e+01
2.004567718505859375e+01
2.004567718505859375e+01
2.004567527770996094e+01
2.004567718505859375e+01
2.004567718505859375e+01
2.004567718505859375e+01
2.004567527770996094e+01
2.004567527770996094e+01
2.004567527770996094e+01
2.004567527770996094e+01
2.004567527770996094e+01
2.004567527770996094e+01
2.004567337036132812e+01
2.004567337036132812e+01
2.004567337036132812e+01
2.004567146301269531e+01
2.004567146301269531e+01
2.004567146301269531e+01
2.004567146301269531e+01
2.004567146301269531e+01
2.004567146301269531e+01
2.004567146301269531e+01
2.004567146301269531e+01
2.004566955566406250e+01
2.004566955566406250e+01
2.004566955566406250e+01
2.004566955566406250e+01
2.004566955566406250e+01
2.004566955566406250e+01
2.004566764831542969e+01
2.004566764831542969e+01
2.004566764831542969e+01
2.004566764831542969e+01
2.004566764831542969e+01
2.004566574096679688e+01
2.004566764831542969e+01
2.004566383361816406e+01
2.004566574096679688e+01
2.004566383361816406e+01
2.004566383361816406e+01
2.004566383361816406e+01
2.004566383361816406e+01
2.004566383361816406e+01
2.004566192626953125e+01
2.004566383361816406e+01
2.004566192626953125e+01
2.004566001892089844e+01
2.004566192626953125e+01
2.004566001892089844e+01
2.004566001892089844e+01
2.004566001892089844e+01
2.004565811157226562e+01
2.004566001892089844e+01
2.004565620422363281e+01
2.004565620422363281e+01
2.004565429687500000e+01
2.004565429687500000e+01
2.004565429687500000e+01
2.004565238952636719e+01
2.004565048217773438e+01
2.004564857482910156e+01
2.004564666748046875e+01
2.004564476013183594e+01
2.004564094543457031e+01
2.004563903808593750e+01
2.004563713073730469e+01
2.004563331604003906e+01
2.004562950134277344e+01
2.004562377929687500e+01
2.004561996459960938e+01
2.004561614990234375e+01
2.004560852050781250e+01
2.004560279846191406e+01
2.004559326171875000e+01
2.004558563232421875e+01
2.004557609558105469e+01
2.004556465148925781e+01
2.004555511474609375e+01
2.004554176330566406e+01
2.004552841186523438e+01
2.004551315307617188e+01
2.004549789428710938e+01
2.004547882080078125e+01
2.004546165466308594e+01
2.004544067382812500e+01
2.004541778564453125e+01
2.004539108276367188e+01
2.004536247253417969e+01
2.004533576965332031e+01
2.004529953002929688e+01
2.004525566101074219e+01
2.004520606994628906e+01
2.004515457153320312e+01
2.004341125488281250e+01
2.004070091247558594e+01
2.003898811340332031e+01
2.003824996948242188e+01
2.003837776184082031e+01
2.003919410705566406e+01
2.004047966003417969e+01
2.004201126098632812e+01
2.004358100891113281e+01
2.004501342773437500e+01
2.004618644714355469e+01
2.004702758789062500e+01
2.004752349853515625e+01
2.004769325256347656e+01
2.004759407043457031e+01
2.004730415344238281e+01
2.004690170288085938e+01
2.004645919799804688e+01
2.004603958129882812e+01
2.004568672180175781e+01
2.004542541503906250e+01
2.004526710510253906e+01
2.004520416259765625e+01
2.004522132873535156e+01
2.004529762268066406e+01
2.004540634155273438e+01
2.004552459716796875e+01
2.004563140869140625e+01
2.004571914672851562e+01
2.004577445983886719e+01
2.004579925537109375e+01
2.004579734802246094e+01
2.004576873779296875e+01
2.004572677612304688e+01
2.004568290710449219e+01
2.004563713073730469e+01
2.004560089111328125e+01
2.004557800292968750e+01
2.004556846618652344e+01
2.004557037353515625e+01
2.004558372497558594e+01
2.004560470581054688e+01
2.004562759399414062e+01
2.004564857482910156e+01
2.004566955566406250e+01
2.004568481445312500e+01
2.004569435119628906e+01
2.004569435119628906e+01
2.004569244384765625e+01
2.004568672180175781e+01
2.004567527770996094e+01
2.004566383361816406e+01
2.004565429687500000e+01
2.004564666748046875e+01
2.004563713073730469e+01
2.004563331604003906e+01
2.004563140869140625e+01
2.004563331604003906e+01
2.004563522338867188e+01
2.004563713073730469e+01
2.004564285278320312e+01
2.004564666748046875e+01
2.004564857482910156e+01
2.004565238952636719e+01
2.004565238952636719e+01
2.004565429687500000e+01
2.004565429687500000e+01
2.004565238952636719e+01
2.004565238952636719e+01
2.004565048217773438e+01
2.004564857482910156e+01
2.004564857482910156e+01
2.004564666748046875e+01
2.004564666748046875e+01
2.004564476013183594e+01
2.004564476013183594e+01
2.004564666748046875e+01
2.004564666748046875e+01
2.004564666748046875e+01
2.004564666748046875e+01
2.004564666748046875e+01
2.004564666748046875e+01
2.004564666748046875e+01
2.004564666748046875e+01
2.004564666748046875e+01
2.004564666748046875e+01
2.004564476013183594e+01
2.004564476013183594e+01
2.004564476013183594e+01
2.004564476013183594e+01
2.004564476013183594e+01
2.004564476013183594e+01
2.004564476013183594e+01
2.004564476013183594e+01
2.004564476013183594e+01
2.004564476013183594e+01
2.004564476013183594e+01
2.004564476013183594e+01
2.004564476013183594e+01
2.004564476013183594e+01
2.004564476013183594e+01
2.004564476013183594e+01
2.004564476013183594e+01
2.004564285278320312e+01
2.004564285278320312e+01
2.004564094543457031e+01
2.004564094543457031e+01
2.004564285278320312e+01
2.004564094543457031e+01
2.004564285278320312e+01
2.004564094543457031e+01
2.004564285278320312e+01
2.004564094543457031e+01
2.004564094543457031e+01
2.004564094543457031e+01
2.004564094543457031e+01
2.004564094543457031e+01
2.004564094543457031e+01
2.004564094543457031e+01
2.004564094543457031e+01
2.004564094543457031e+01
2.004564094543457031e+01
2.004564094543457031e+01
2.004564094543457031e+01
2.004564094543457031e+01
2.004564094543457031e+01
2.004564094543457031e+01
2.004564094543457031e+01
2.004563903808593750e+01
2.004563903808593750e+01
2.004564094543457031e+01
2.004563903808593750e+01
2.004563903808593750e+01
2.004564094543457031e+01
2.004563903808593750e+01
2.004563903808593750e+01
2.004563903808593750e+01
2.004563903808593750e+01
2.004563903808593750e+01
2.004563713073730469e+01
2.004563903808593750e+01
2.004563903808593750e+01
2.004563903808593750e+01
2.004563713073730469e+01
2.004563903808593750e+01
2.004563713073730469e+01
2.004563903808593750e+01
2.004563713073730469e+01
2.004563713073730469e+01
2.004563713073730469e+01
2.004563713073730469e+01
2.004563713073730469e+01
2.004563713073730469e+01
2.004563713073730469e+01
2.004563713073730469e+01
2.004563713073730469e+01
2.004563713073730469e+01
2.004563713073730469e+01
2.004563713073730469e+01
2.004563713073730469e+01
2.004563713073730469e+01
2.004563713073730469e+01
2.004563522338867188e+01
2.004563713073730469e+01
2.004563713073730469e+01
2.004563713073730469e+01
2.004563522338867188e+01
2.004563522338867188e+01
2.004563713073730469e+01
2.004563331604003906e+01
2.004563522338867188e+01
2.004563331604003906e+01
2.004563331604003906e+01
2.004563331604003906e+01
2.004563331604003906e+01
2.004563522338867188e+01
2.004563331604003906e+01
2.004563331604003906e+01
2.004563331604003906e+01
2.004563331604003906e+01
2.004563331604003906e+01
2.004563331604003906e+01
2.004563331604003906e+01
2.004563331604003906e+01
2.004563331604003906e+01
2.004563331604003906e+01
2.004563331604003906e+01
2.004563331604003906e+01
2.004563140869140625e+01
2.004563331604003906e+01
2.004563331604003906e+01
2.004563331604003906e+01
2.004563331604003906e+01
2.004563140869140625e+01
2.004563140869140625e+01
2.004563140869140625e+01
2.004563140869140625e+01
2.004563140869140625e+01
2.004563331604003906e+01
2.004563331604003906e+01
2.004563331604003906e+01
2.004563140869140625e+01
2.004563140869140625e+01
2.004563140869140625e+01
2.004563140869140625e+01
2.004563140869140625e+01
2.004563140869140625e+01
2.004563140869140625e+01
2.004563140869140625e+01
2.004563140869140625e+01
2.004563140869140625e+01
2.004563140869140625e+01
2.004563140869140625e+01
2.004563140869140625e+01
2.004563140869140625e+01
2.004563140869140625e+01
2.004563140869140625e+01
2.004563140869140625e+01
2.004562950134277344e+01
2.004563140869140625e+01
2.004562950134277344e+01
2.004562950134277344e+01
2.004562950134277344e+01
2.004562950134277344e+01
2.004562950134277344e+01
2.004562950134277344e+01
2.004562950134277344e+01
2.004562950134277344e+01
2.004562950134277344e+01
2.004562759399414062e+01
2.004562950134277344e+01
2.004562950134277344e+01
2.004562950134277344e+01
2.004562950134277344e+01
2.004562759399414062e+01
2.004562950134277344e+01
2.004562759399414062e+01
2.004562759399414062e+01
2.004562950134277344e+01
2.004562950134277344e+01
2.004562759399414062e+01
2.004562759399414062e+01
2.004562759399414062e+01
2.004562759399414062e+01
2.004562759399414062e+01
2.004562759399414062e+01
2.004562759399414062e+01
2.004562759399414062e+01
2.004562759399414062e+01
2.004562759399414062e+01
2.004562759399414062e+01
2.004562759399414062e+01
2.004562759399414062e+01
2.004562759399414062e+01
2.004562759399414062e+01
2.004562759399414062e+01
2.004562759399414062e+01
2.004562568664550781e+01
2.004562568664550781e+01
2.004562568664550781e+01
2.004562759399414062e+01
2.004562568664550781e+01
2.004562568664550781e+01
2.004562759399414062e+01
2.004562377929687500e+01
2.004562568664550781e+01
2.004562568664550781e+01
2.004562568664550781e+01
2.004562568664550781e+01
2.004562377929687500e+01
2.004562377929687500e+01
2.004562377929687500e+01
2.004562377929687500e+01
2.004562377929687500e+01
2.004562377929687500e+01
2.004562377929687500e+01
2.004562377929687500e+01
2.004562568664550781e+01
2.004562377929687500e+01
2.004562377929687500e+01
2.004562377929687500e+01
2.004562377929687500e+01
2.004562377929687500e+01
2.004562377929687500e+01
2.004562377929687500e+01
2.004562377929687500e+01
2.004562377929687500e+01
2.004562377929687500e+01
2.004562377929687500e+01
2.004562377929687500e+01
2.004562377929687500e+01
2.004562377929687500e+01
2.004562187194824219e+01
2.004562377929687500e+01
2.004562377929687500e+01
2.004562187194824219e+01
2.004562187194824219e+01
2.004562187194824219e+01
2.004562187194824219e+01
2.004562187194824219e+01
2.004562187194824219e+01
2.004562377929687500e+01
2.004562187194824219e+01
2.004562187194824219e+01
2.004562187194824219e+01
2.004562187194824219e+01
2.004562187194824219e+01
2.004562187194824219e+01
2.004562187194824219e+01
2.004562187194824219e+01
2.004562187194824219e+01
2.004562187194824219e+01
2.004562187194824219e+01
2.004561996459960938e+01
2.004561996459960938e+01
2.004561996459960938e+01
2.004561996459960938e+01
2.004561996459960938e+01
2.004561996459960938e+01
2.004562187194824219e+01
2.004562187194824219e+01
2.004561996459960938e+01
2.004561996459960938e+01
2.004562187194824219e+01
2.004561996459960938e+01
2.004561996459960938e+01
2.004561996459960938e+01
2.004561996459960938e+01
2.004561996459960938e+01
2.004561996459960938e+01
2.004561996459960938e+01
2.004561996459960938e+01
2.004561996459960938e+01
2.004561996459960938e+01
2.004561996459960938e+01
2.004561996459960938e+01
2.004561996459960938e+01
2.004561996459960938e+01
2.004561996459960938e+01
2.004561996459960938e+01
2.004561805725097656e+01
2.004561996459960938e+01
2.004561996459960938e+01
2.004561996459960938e+01
2.004561614990234375e+01
2.004561614990234375e+01
2.004561805725097656e+01
2.004561805725097656e+01
2.004561805725097656e+01
2.004561805725097656e+01
2.004561614990234375e+01
2.004561614990234375e+01
2.004561614990234375e+01
2.004561614990234375e+01
2.004561614990234375e+01
2.004561614990234375e+01
2.004561614990234375e+01
2.004561614990234375e+01
2.004561614990234375e+01
2.004561614990234375e+01
2.004561614990234375e+01
2.004561614990234375e+01
2.004561614990234375e+01
2.004561614990234375e+01
2.004561614990234375e+01
2.004561614990234375e+01
2.004561614990234375e+01
2.004561614990234375e+01
2.004561614990234375e+01
2.004561614990234375e+01
2.004561614990234375e+01
2.004561614990234375e+01
2.004561614990234375e+01
2.004561424255371094e+01
2.004561424255371094e+01
2.004561424255371094e+01
2.004561424255371094e+01
2.004561424255371094e+01
2.004561424255371094e+01
2.004561424255371094e+01
2.004561424255371094e+01
2.004561614990234375e+01
2.004561614990234375e+01
2.004561424255371094e+01
2.004561424255371094e+01
2.004561424255371094e+01
2.004561424255371094e+01
2.004561424255371094e+01
2.004561424255371094e+01
2.004561424255371094e+01
2.004561424255371094e+01
2.004561424255371094e+01
2.004561424255371094e+01
2.004561424255371094e+01
2.004561424255371094e+01
2.004561233520507812e+01
2.004561424255371094e+01
2.004561233520507812e+01
2.004561233520507812e+01
2.004561233520507812e+01
2.004561233520507812e+01
2.004561233520507812e+01
2.004561233520507812e+01
2.004561233520507812e+01
2.004561233520507812e+01
2.004561233520507812e+01
2.004561424255371094e+01
2.004561233520507812e+01
2.004561233520507812e+01
2.004561233520507812e+01
2.004561233520507812e+01
2.004561233520507812e+01
2.004561233520507812e+01
2.004561233520507812e+01
2.004561233520507812e+01
2.004561233520507812e+01
2.004561233520507812e+01
2.004561233520507812e+01
2.004561233520507812e+01
2.004560852050781250e+01
2.004561233520507812e+01
2.004561233520507812e+01
2.004561233520507812e+01
2.004561233520507812e+01
2.004561042785644531e+01
2.004561042785644531e+01
2.004561042785644531e+01
2.004561042785644531e+01
2.004561042785644531e+01
2.004560852050781250e+01
2.004560852050781250e+01
2.004561042785644531e+01
2.004560852050781250e+01
2.004560852050781250e+01
2.004560852050781250e+01
2.004560852050781250e+01
2.004560852050781250e+01
2.004560852050781250e+01
2.004560852050781250e+01
2.004560852050781250e+01
2.004560852050781250e+01
2.004560852050781250e+01
2.004560852050781250e+01
2.004560852050781250e+01
2.004560852050781250e+01
2.004560852050781250e+01
2.004560852050781250e+01
2.004560852050781250e+01
2.004560852050781250e+01
2.004560852050781250e+01
2.004560852050781250e+01
2.004560852050781250e+01
2.004560852050781250e+01
2.004560852050781250e+01
2.004560852050781250e+01
2.004560661315917969e+01
2.004560852050781250e+01
2.004560661315917969e+01
2.004560852050781250e+01
2.004560852050781250e+01
2.004560852050781250e+01
2.004560661315917969e+01
2.004560661315917969e+01
2.004560661315917969e+01
2.004560661315917969e+01
2.004560661315917969e+01
2.004560661315917969e+01
2.004560661315917969e+01
2.004560661315917969e+01
2.004560661315917969e+01
2.004560661315917969e+01
2.004560661315917969e+01
2.004560661315917969e+01
2.004560470581054688e+01
2.004560661315917969e+01
2.004560661315917969e+01
2.004560661315917969e+01
2.004560470581054688e+01
2.004560470581054688e+01
2.004560470581054688e+01
2.004560470581054688e+01
2.004560470581054688e+01
2.004560470581054688e+01
2.004560470581054688e+01
2.004560470581054688e+01
2.004560470581054688e+01
2.004560470581054688e+01
2.004560470581054688e+01
2.004560470581054688e+01
2.004560470581054688e+01
2.004560470581054688e+01
2.004560470581054688e+01
2.004560470581054688e+01
2.004560470581054688e+01
2.004560470581054688e+01
2.004560279846191406e+01
2.004560470581054688e+01
2.004560470581054688e+01
2.004560470581054688e+01
2.004560470581054688e+01
2.004560470581054688e+01
2.004560470581054688e+01
2.004560279846191406e+01
2.004560279846191406e+01
2.004560279846191406e+01
2.004560279846191406e+01
2.004560279846191406e+01
2.004560279846191406e+01
2.004560279846191406e+01
2.004560279846191406e+01
2.004560279846191406e+01
2.004560279846191406e+01
2.004560279846191406e+01
2.004560279846191406e+01
2.004560089111328125e+01
2.004560089111328125e+01
2.004560089111328125e+01
2.004560089111328125e+01
2.004560089111328125e+01
2.004560089111328125e+01
2.004560089111328125e+01
2.004560089111328125e+01
2.004560089111328125e+01
2.004560089111328125e+01
2.004560089111328125e+01
2.004560089111328125e+01
2.004560089111328125e+01
2.004560089111328125e+01
2.004560089111328125e+01
2.004560089111328125e+01
2.004560089111328125e+01
2.004560089111328125e+01
2.004560089111328125e+01
2.004560089111328125e+01
2.004560089111328125e+01
2.004559898376464844e+01
2.004559898376464844e+01
2.004559898376464844e+01
2.004559898376464844e+01
2.004559898376464844e+01
2.004559898376464844e+01
2.004559898376464844e+01
2.004559898376464844e+01
2.004559898376464844e+01
2.004559898376464844e+01
2.004559898376464844e+01
2.004559707641601562e+01
2.004559898376464844e+01
2.004559898376464844e+01
2.004559898376464844e+01
2.004559898376464844e+01
2.004559898376464844e+01
2.004559898376464844e+01
2.004559898376464844e+01
2.004559707641601562e+01
2.004559707641601562e+01
2.004559707641601562e+01
2.004559707641601562e+01
2.004559707641601562e+01
2.004559898376464844e+01
2.004559707641601562e+01
2.004559898376464844e+01
2.004559898376464844e+01
2.004559707641601562e+01
2.004559707641601562e+01
2.004559707641601562e+01
2.004559707641601562e+01
2.004559707641601562e+01
2.004559707641601562e+01
2.004559707641601562e+01
2.004559707641601562e+01
2.004559707641601562e+01
2.004559707641601562e+01
2.004559707641601562e+01
2.004559707641601562e+01
2.004559707641601562e+01
2.004559707641601562e+01
2.004559707641601562e+01
2.004559707641601562e+01
2.004559707641601562e+01
2.004559516906738281e+01
2.004559516906738281e+01
2.004559707641601562e+01
2.004559516906738281e+01
2.004559516906738281e+01
2.004559326171875000e+01
2.004559326171875000e+01
2.004559326171875000e+01
2.004559326171875000e+01
2.004559326171875000e+01
2.004559326171875000e+01
2.004559135437011719e+01
2.004558944702148438e+01
2.004561424255371094e+01
2.005128097534179688e+01
2.004491996765136719e+01
2.004440879821777344e+01
2.004416275024414062e+01
2.004413604736328125e+01
2.004428672790527344e+01
2.004456138610839844e+01
2.004489326477050781e+01
2.004522895812988281e+01
2.004552459716796875e+01
2.004575157165527344e+01
2.004589271545410156e+01
2.004595565795898438e+01
2.004595565795898438e+01
2.004590606689453125e+01
2.004582977294921875e+01
2.004574775695800781e+01
2.004567146301269531e+01
2.004561424255371094e+01
2.004557609558105469e+01
2.004555892944335938e+01
2.004555511474609375e+01
2.004556083679199219e+01
2.004557418823242188e+01
2.004558372497558594e+01
2.004559135437011719e+01
2.004559326171875000e+01
2.004559135437011719e+01
2.004558563232421875e+01
2.004557800292968750e+01
2.004557418823242188e+01
2.004556846618652344e+01
2.004556846618652344e+01
2.004557037353515625e+01
2.004557609558105469e+01
2.004558181762695312e+01
2.004558944702148438e+01
2.004559326171875000e+01
2.004559707641601562e+01
2.004559898376464844e+01
2.004559707641601562e+01
2.004559707641601562e+01
2.004559326171875000e+01
2.004558944702148438e+01
2.004558563232421875e+01
2.004558181762695312e+01
2.004558181762695312e+01
2.004558181762695312e+01
2.004558181762695312e+01
2.004558372497558594e+01
2.004558563232421875e+01
2.004558563232421875e+01
2.004558563232421875e+01
2.004558563232421875e+01
2.004558372497558594e+01
2.004558181762695312e+01
2.004557800292968750e+01
2.004557037353515625e+01
2.004556465148925781e+01
2.004555511474609375e+01
2.004555320739746094e+01
2.004568481445312500e+01
2.004664039611816406e+01
2.004700469970703125e+01
2.004583549499511719e+01
2.004503631591796875e+01
2.004471015930175781e+01
2.004469108581542969e+01
2.004496192932128906e+01
2.004532814025878906e+01
2.004527854919433594e+01
2.004487419128417969e+01
2.004453086853027344e+01
2.004438400268554688e+01
2.004439926147460938e+01
2.004449844360351562e+01
2.004454421997070312e+01
2.004442405700683594e+01
2.004419136047363281e+01
2.004397392272949219e+01
2.004384422302246094e+01
2.004380035400390625e+01
2.004746627807617188e+01
2.004302597045898438e+01
2.004310798645019531e+01
2.004342460632324219e+01
2.004391288757324219e+01
2.004448318481445312e+01
