4.416171264648437500e+01
4.365121459960937500e+01
4.314339447021484375e+01
4.263009262084960938e+01
4.210273742675781250e+01
4.157992553710937500e+01
4.105044555664062500e+01
4.051213073730468750e+01
3.996564483642578125e+01
3.941252136230468750e+01
3.885487747192382812e+01
3.829533386230468750e+01
3.773675155639648438e+01
3.718222427368164062e+01
3.663496780395507812e+01
3.609823989868164062e+01
3.557526397705078125e+01
3.506912994384765625e+01
3.458272552490234375e+01
3.411864852905273438e+01
3.367918395996093750e+01
3.326609420776367188e+01
3.288079452514648438e+01
3.252428054809570312e+01
3.219898223876953125e+01
3.189476013183593750e+01
3.162236976623535156e+01
3.137619781494140625e+01
3.115471267700195312e+01
3.096345138549804688e+01
3.077499580383300781e+01
3.065250015258789062e+01
3.046400260925292969e+01
3.033181190490722656e+01
3.036726760864257812e+01
3.009988403320312500e+01
2.999726295471191406e+01
3.013150596618652344e+01
2.988081359863281250e+01
2.970332145690917969e+01
2.960857963562011719e+01
2.951829719543457031e+01
2.944181251525878906e+01
2.936529922485351562e+01
2.923622322082519531e+01
2.914695930480957031e+01
2.905162429809570312e+01
3.045650291442871094e+01
3.089542007446289062e+01
3.046616554260253906e+01
2.893085289001464844e+01
2.806159019470214844e+01
2.757656860351562500e+01
2.709444236755371094e+01
2.663218498229980469e+01
2.619852256774902344e+01
2.579588508605957031e+01
2.544821357727050781e+01
2.512902450561523438e+01
2.485139465332031250e+01
2.500271797180175781e+01
2.478426742553710938e+01
2.429227066040039062e+01
2.346637535095214844e+01
2.275665664672851562e+01
2.207724761962890625e+01
2.139653968811035156e+01
2.073715019226074219e+01
2.011230659484863281e+01
1.952980232238769531e+01
1.899422073364257812e+01
1.850905609130859375e+01
1.808354949951171875e+01
1.768309020996093750e+01
1.734320259094238281e+01
1.704928588867187500e+01
1.679793930053710938e+01
1.658539009094238281e+01
1.640762329101562500e+01
1.626059532165527344e+01
1.614036369323730469e+01
1.604313468933105469e+01
1.596531772613525391e+01
1.590362262725830078e+01
1.585514354705810547e+01
1.581737518310546875e+01
1.578821945190429688e+01
1.576594161987304688e+01
1.574912357330322266e+01
1.573661518096923828e+01
1.572748661041259766e+01
1.572099971771240234e+01
1.571655273437500000e+01
1.571367263793945312e+01
1.571198368072509766e+01
1.571119213104248047e+01
1.571105384826660156e+01
1.571065807342529297e+01
1.570935535430908203e+01
1.570758819580078125e+01
1.570555782318115234e+01
1.570331859588623047e+01
1.570110893249511719e+01
1.569910907745361328e+01
1.569742774963378906e+01
1.569610691070556641e+01
1.569513797760009766e+01
1.569446849822998047e+01
1.569403171539306641e+01
1.569376277923583984e+01
1.569360351562500000e+01
1.569351196289062500e+01
1.569345760345458984e+01
1.569341468811035156e+01
1.569337654113769531e+01
1.569334411621093750e+01
1.569331455230712891e+01
1.569328689575195312e+01
1.569326400756835938e+01
1.569324398040771484e+01
1.569322967529296875e+01
1.569321727752685547e+01
1.569320297241210938e+01
1.569319057464599609e+01
1.569318008422851562e+01
1.569316959381103516e+01
1.569315910339355469e+01
1.569315052032470703e+01
1.569314098358154297e+01
1.569313621520996094e+01
1.569313430786132812e+01
1.569313621520996094e+01
1.569315147399902344e+01
1.569316196441650391e+01
1.569315052032470703e+01
1.569317531585693359e+01
1.569321632385253906e+01
1.569316864013671875e+01
1.569317150115966797e+01
1.569335651397705078e+01
1.569368076324462891e+01
1.569398307800292969e+01
1.554817390441894531e+01
1.513787078857421875e+01
1.466553974151611328e+01
1.419518089294433594e+01
1.375967025756835938e+01
1.337597084045410156e+01
1.305157852172851562e+01
1.278785991668701172e+01
1.258188152313232422e+01
1.242774486541748047e+01
1.231780624389648438e+01
1.224395179748535156e+01
1.219825649261474609e+01
1.217327785491943359e+01
1.216239070892333984e+01
1.216013145446777344e+01
1.216243267059326172e+01
1.216649150848388672e+01
1.217046642303466797e+01
1.217330551147460938e+01
1.217465496063232422e+01
1.217464065551757812e+01
1.217355537414550781e+01
1.217168903350830078e+01
1.216936969757080078e+01
1.216694927215576172e+01
1.216470432281494141e+01
1.216277980804443359e+01
1.216123771667480469e+01
1.216008853912353516e+01
1.215934658050537109e+01
1.215896224975585938e+01
1.215885448455810547e+01
1.215894126892089844e+01
1.215911483764648438e+01
1.215930080413818359e+01
1.215945720672607422e+01
1.215957832336425781e+01
1.215966510772705078e+01
1.215971946716308594e+01
1.215974807739257812e+01
1.215974903106689453e+01
1.215971946716308594e+01
1.215966033935546875e+01
1.215957641601562500e+01
1.215947723388671875e+01
1.215937328338623047e+01
1.215927314758300781e+01
1.215918350219726562e+01
1.215910720825195312e+01
1.215904808044433594e+01
1.215900039672851562e+01
1.215896224975585938e+01
1.215893554687500000e+01
1.215891551971435547e+01
1.215890216827392578e+01
1.215889358520507812e+01
1.215888881683349609e+01
1.215888595581054688e+01
1.215888500213623047e+01
1.215888404846191406e+01
1.215888214111328125e+01
1.215887928009033203e+01
1.215887737274169922e+01
1.215887069702148438e+01
1.215886592864990234e+01
1.215886211395263672e+01
1.215885925292968750e+01
1.215885925292968750e+01
1.215885925292968750e+01
1.215885925292968750e+01
1.215885829925537109e+01
1.215885925292968750e+01
1.215886306762695312e+01
1.215887165069580078e+01
1.215887737274169922e+01
1.215888404846191406e+01
1.215889072418212891e+01
1.215890026092529297e+01
1.215890216827392578e+01
1.215888881683349609e+01
1.215887260437011719e+01
1.215886306762695312e+01
1.215886020660400391e+01
1.215885639190673828e+01
1.215885257720947266e+01
1.215885257720947266e+01
1.215885543823242188e+01
1.215886306762695312e+01
1.215886878967285156e+01
1.215887451171875000e+01
1.215888881683349609e+01
1.215890216827392578e+01
1.215890693664550781e+01
1.215890407562255859e+01
1.215890026092529297e+01
1.215889358520507812e+01
1.215888595581054688e+01
1.215887737274169922e+01
1.215887069702148438e+01
1.215886688232421875e+01
1.215886592864990234e+01
1.215886497497558594e+01
1.215886306762695312e+01
1.215886306762695312e+01
1.215886306762695312e+01
1.215886592864990234e+01
1.215886592864990234e+01
1.215886592864990234e+01
1.215886783599853516e+01
1.215886783599853516e+01
1.215886783599853516e+01
1.215886878967285156e+01
1.215886783599853516e+01
1.215886783599853516e+01
1.215886783599853516e+01
1.215886592864990234e+01
1.215886592864990234e+01
1.215886592864990234e+01
1.215886592864990234e+01
1.215886592864990234e+01
1.215886592864990234e+01
1.215886688232421875e+01
1.215886688232421875e+01
1.215886688232421875e+01
1.215886592864990234e+01
1.215886592864990234e+01
1.215886497497558594e+01
1.215886306762695312e+01
1.215886306762695312e+01
1.215886306762695312e+01
1.215886211395263672e+01
1.215886116027832031e+01
1.215886116027832031e+01
1.215886116027832031e+01
1.215886116027832031e+01
1.215886306762695312e+01
1.215886211395263672e+01
1.215886306762695312e+01
1.215886306762695312e+01
1.215886497497558594e+01
1.215886592864990234e+01
1.215886592864990234e+01
1.215886592864990234e+01
1.215886783599853516e+01
1.215886688232421875e+01
1.215886688232421875e+01
1.215886783599853516e+01
1.215886783599853516e+01
1.215887069702148438e+01
1.215887069702148438e+01
1.215887165069580078e+01
1.215887260437011719e+01
1.215887260437011719e+01
1.215887260437011719e+01
1.215887260437011719e+01
1.215887069702148438e+01
1.215887069702148438e+01
1.215887069702148438e+01
1.215887069702148438e+01
1.215887069702148438e+01
1.215886878967285156e+01
1.215886783599853516e+01
1.215886783599853516e+01
1.215886783599853516e+01
1.215886783599853516e+01
1.215886783599853516e+01
1.215886783599853516e+01
1.215886783599853516e+01
1.215886878967285156e+01
1.215886783599853516e+01
1.215886878967285156e+01
1.215886783599853516e+01
1.215886878967285156e+01
1.215886878967285156e+01
1.215886878967285156e+01
1.215887069702148438e+01
1.215887069702148438e+01
1.215887069702148438e+01
1.215887069702148438e+01
1.215887165069580078e+01
1.215887069702148438e+01
1.215887165069580078e+01
1.215887069702148438e+01
1.215887165069580078e+01
1.215887165069580078e+01
1.215887165069580078e+01
1.215887165069580078e+01
1.215887165069580078e+01
1.215887069702148438e+01
1.215887165069580078e+01
1.215887165069580078e+01
1.215887165069580078e+01
1.215887260437011719e+01
1.215887165069580078e+01
1.215887165069580078e+01
1.215887165069580078e+01
1.215887165069580078e+01
1.215887165069580078e+01
1.215887260437011719e+01
1.215887260437011719e+01
1.215887260437011719e+01
1.215887165069580078e+01
1.215887260437011719e+01
1.215887260437011719e+01
1.215887260437011719e+01
1.215887260437011719e+01
1.215887260437011719e+01
1.215887260437011719e+01
1.215887260437011719e+01
1.215887355804443359e+01
1.215887355804443359e+01
1.215887355804443359e+01
1.215887260437011719e+01
1.215887355804443359e+01
1.215887260437011719e+01
1.215887355804443359e+01
1.215887355804443359e+01
1.215887355804443359e+01
1.215887260437011719e+01
1.215887260437011719e+01
1.215887355804443359e+01
1.215887260437011719e+01
1.215887355804443359e+01
1.215887355804443359e+01
1.215887355804443359e+01
1.215887355804443359e+01
1.215887355804443359e+01
1.215887355804443359e+01
1.215887355804443359e+01
1.215887355804443359e+01
1.215887355804443359e+01
1.215887355804443359e+01
1.215887451171875000e+01
1.215887451171875000e+01
1.215887451171875000e+01
1.215887451171875000e+01
1.215887451171875000e+01
1.215887451171875000e+01
1.215887451171875000e+01
1.215887451171875000e+01
1.215887451171875000e+01
1.215887451171875000e+01
1.215887451171875000e+01
1.215887451171875000e+01
1.215887451171875000e+01
1.215887451171875000e+01
1.215887451171875000e+01
1.215887451171875000e+01
1.215887451171875000e+01
1.215887641906738281e+01
1.215887451171875000e+01
1.215887451171875000e+01
1.215887451171875000e+01
1.215887451171875000e+01
1.215887451171875000e+01
1.215887451171875000e+01
1.215887451171875000e+01
1.215887641906738281e+01
1.215887641906738281e+01
1.215887641906738281e+01
1.215887641906738281e+01
1.215887641906738281e+01
1.215887737274169922e+01
1.215887641906738281e+01
1.215887737274169922e+01
1.215887641906738281e+01
1.215887737274169922e+01
1.215887641906738281e+01
1.215887737274169922e+01
1.215887737274169922e+01
1.215887641906738281e+01
1.215887641906738281e+01
1.215887737274169922e+01
1.215887737274169922e+01
1.215887641906738281e+01
1.215887641906738281e+01
1.215887737274169922e+01
1.215887737274169922e+01
1.215887737274169922e+01
1.215887737274169922e+01
1.215887737274169922e+01
1.215887737274169922e+01
1.215887737274169922e+01
1.215887737274169922e+01
1.215887737274169922e+01
1.215887737274169922e+01
1.215887737274169922e+01
1.215887737274169922e+01
1.215887737274169922e+01
1.215887832641601562e+01
1.215887737274169922e+01
1.215887737274169922e+01
1.215887832641601562e+01
1.215887832641601562e+01
1.215887737274169922e+01
1.215887737274169922e+01
1.215887737274169922e+01
1.215887737274169922e+01
1.215887737274169922e+01
1.215887737274169922e+01
1.215887832641601562e+01
1.215887737274169922e+01
1.215887832641601562e+01
1.215888214111328125e+01
1.215888214111328125e+01
1.215887737274169922e+01
1.215887641906738281e+01
1.215887641906738281e+01
1.215887641906738281e+01
1.215887737274169922e+01
1.215887928009033203e+01
1.215888214111328125e+01
1.215888404846191406e+01
1.215888500213623047e+01
1.215888881683349609e+01
1.215888881683349609e+01
1.215888881683349609e+01
1.215889072418212891e+01
1.215889072418212891e+01
1.215889072418212891e+01
1.215889072418212891e+01
1.215889072418212891e+01
1.215889358520507812e+01
1.215889358520507812e+01
1.215889358520507812e+01
1.215889167785644531e+01
1.215889072418212891e+01
1.215888786315917969e+01
1.215888595581054688e+01
1.215888404846191406e+01
1.215888309478759766e+01
1.215888214111328125e+01
1.215888214111328125e+01
1.215888023376464844e+01
1.215888023376464844e+01
1.215888023376464844e+01
1.215888023376464844e+01
1.215887928009033203e+01
1.215888214111328125e+01
1.215888214111328125e+01
1.215888214111328125e+01
1.215888214111328125e+01
1.215888404846191406e+01
1.215888214111328125e+01
1.215888214111328125e+01
1.215888214111328125e+01
1.215888214111328125e+01
1.215888214111328125e+01
1.215888214111328125e+01
1.215888214111328125e+01
1.215888214111328125e+01
1.215888214111328125e+01
1.215888214111328125e+01
1.215888023376464844e+01
1.215888214111328125e+01
1.215888214111328125e+01
1.215888214111328125e+01
1.215888214111328125e+01
1.215888214111328125e+01
1.215888214111328125e+01
1.215888404846191406e+01
1.215888309478759766e+01
1.215888214111328125e+01
1.215888786315917969e+01
1.215889644622802734e+01
1.215889358520507812e+01
1.215888404846191406e+01
1.215888309478759766e+01
1.215888404846191406e+01
1.215888595581054688e+01
1.215888595581054688e+01
1.215888595581054688e+01
1.215888595581054688e+01
1.215888595581054688e+01
1.215888595581054688e+01
1.215888881683349609e+01
1.215889167785644531e+01
1.215889358520507812e+01
1.215888881683349609e+01
1.215888595581054688e+01
1.215888404846191406e+01
1.215888309478759766e+01
1.215888404846191406e+01
1.215888404846191406e+01
1.215888214111328125e+01
1.215888214111328125e+01
1.215888214111328125e+01
1.215888214111328125e+01
1.215888214111328125e+01
1.215888214111328125e+01
1.215888214111328125e+01
1.215888214111328125e+01
1.215888214111328125e+01
1.215888214111328125e+01
1.215888309478759766e+01
1.215888309478759766e+01
1.215888309478759766e+01
1.215888309478759766e+01
1.215888214111328125e+01
1.215888214111328125e+01
1.215888214111328125e+01
1.215888214111328125e+01
1.215888023376464844e+01
1.215888023376464844e+01
1.215888214111328125e+01
1.215888023376464844e+01
1.215888023376464844e+01
1.215888214111328125e+01
1.215888214111328125e+01
1.215888214111328125e+01
1.215888214111328125e+01
1.215888214111328125e+01
1.215888214111328125e+01
1.215888309478759766e+01
1.215888214111328125e+01
1.215888214111328125e+01
1.215888214111328125e+01
1.215888214111328125e+01
1.215888214111328125e+01
1.215888214111328125e+01
1.215888214111328125e+01
1.215888214111328125e+01
1.215888214111328125e+01
1.215888214111328125e+01
1.215888214111328125e+01
1.215888214111328125e+01
1.215888214111328125e+01
1.215888214111328125e+01
1.215888214111328125e+01
1.215888214111328125e+01
1.215888214111328125e+01
1.215888214111328125e+01
1.215888214111328125e+01
1.215888214111328125e+01
1.215888214111328125e+01
1.215888214111328125e+01
1.215888214111328125e+01
1.215888309478759766e+01
1.215888214111328125e+01
1.215888214111328125e+01
1.215888214111328125e+01
1.215888214111328125e+01
1.215888214111328125e+01
1.215888023376464844e+01
1.215888214111328125e+01
1.215888023376464844e+01
1.215888214111328125e+01
1.215888214111328125e+01
1.215888309478759766e+01
1.215888214111328125e+01
1.215888309478759766e+01
1.215888309478759766e+01
1.215888404846191406e+01
1.215888309478759766e+01
1.215888309478759766e+01
1.215888214111328125e+01
1.215888214111328125e+01
1.215888214111328125e+01
1.215888214111328125e+01
1.215888214111328125e+01
1.215888214111328125e+01
1.215888214111328125e+01
1.215888214111328125e+01
1.215888309478759766e+01
1.215888214111328125e+01
1.215888214111328125e+01
1.215888214111328125e+01
1.215888309478759766e+01
1.215888214111328125e+01
1.215888214111328125e+01
1.215888214111328125e+01
1.215888404846191406e+01
1.215888404846191406e+01
1.215888404846191406e+01
1.215888309478759766e+01
1.215888309478759766e+01
1.215888595581054688e+01
1.215888404846191406e+01
1.215888404846191406e+01
1.215888404846191406e+01
1.215888309478759766e+01
1.215888309478759766e+01
1.215888309478759766e+01
1.215888214111328125e+01
1.215888214111328125e+01
1.215888214111328125e+01
1.215888214111328125e+01
1.215888214111328125e+01
1.215888214111328125e+01
1.215888023376464844e+01
1.215888023376464844e+01
1.215888023376464844e+01
1.215888214111328125e+01
1.215888214111328125e+01
1.215888214111328125e+01
1.215888309478759766e+01
1.215888404846191406e+01
1.215888595581054688e+01
1.215888595581054688e+01
1.215888595581054688e+01
1.215888404846191406e+01
1.215888500213623047e+01
1.215888786315917969e+01
1.215888500213623047e+01
1.215888404846191406e+01
1.215888404846191406e+01
1.215888309478759766e+01
1.215888309478759766e+01
1.215888214111328125e+01
1.215888214111328125e+01
1.215888214111328125e+01
1.215888214111328125e+01
1.215888214111328125e+01
1.215888404846191406e+01
1.215888214111328125e+01
1.215888309478759766e+01
1.215889072418212891e+01
1.215889072418212891e+01
1.215888404846191406e+01
1.215888404846191406e+01
1.215888404846191406e+01
1.215888595581054688e+01
1.215888595581054688e+01
1.215888595581054688e+01
1.215888881683349609e+01
1.215888786315917969e+01
1.215888786315917969e+01
1.215888786315917969e+01
1.215888881683349609e+01
1.215888595581054688e+01
1.215888500213623047e+01
1.215888404846191406e+01
1.215888404846191406e+01
1.215888404846191406e+01
1.215888404846191406e+01
1.215888404846191406e+01
1.215888309478759766e+01
1.215888309478759766e+01
1.215888309478759766e+01
1.215888309478759766e+01
1.215888404846191406e+01
1.215888404846191406e+01
1.215888404846191406e+01
1.215888595581054688e+01
1.215888500213623047e+01
1.215888595581054688e+01
1.215888881683349609e+01
1.215888595581054688e+01
1.215888595581054688e+01
1.215888595581054688e+01
1.215888500213623047e+01
1.215888500213623047e+01
1.215888500213623047e+01
1.215888404846191406e+01
1.215888404846191406e+01
1.215888404846191406e+01
1.215888404846191406e+01
1.215888404846191406e+01
1.215888404846191406e+01
1.215888309478759766e+01
1.215888404846191406e+01
1.215888309478759766e+01
1.215888309478759766e+01
1.215888214111328125e+01
1.215888309478759766e+01
1.215888309478759766e+01
1.215888309478759766e+01
1.215888404846191406e+01
1.215888404846191406e+01
1.215888404846191406e+01
1.215888404846191406e+01
1.215888404846191406e+01
1.215888404846191406e+01
1.215888500213623047e+01
1.215888595581054688e+01
1.215888404846191406e+01
1.215888404846191406e+01
1.215888404846191406e+01
1.215888214111328125e+01
1.215888309478759766e+01
1.215888214111328125e+01
1.215888309478759766e+01
1.215888214111328125e+01
1.215888214111328125e+01
1.215888404846191406e+01
1.215888309478759766e+01
1.215888404846191406e+01
1.215888404846191406e+01
1.215888309478759766e+01
1.215888404846191406e+01
1.215888404846191406e+01
1.215888214111328125e+01
1.215888309478759766e+01
1.215888214111328125e+01
1.215888214111328125e+01
1.215888214111328125e+01
1.215888309478759766e+01
1.215888309478759766e+01
1.215888309478759766e+01
1.215888595581054688e+01
1.215888500213623047e+01
1.215888500213623047e+01
1.215888404846191406e+01
1.215888404846191406e+01
1.215888404846191406e+01
1.215888309478759766e+01
1.215888309478759766e+01
1.215888404846191406e+01
1.215888404846191406e+01
1.215888404846191406e+01
1.215888404846191406e+01
1.215888309478759766e+01
1.215888309478759766e+01
1.215888404846191406e+01
1.215888404846191406e+01
1.215888309478759766e+01
1.215888404846191406e+01
1.215888500213623047e+01
1.215888404846191406e+01
1.215888404846191406e+01
1.215888404846191406e+01
1.215888404846191406e+01
1.215888309478759766e+01
1.215888404846191406e+01
1.215888309478759766e+01
1.215888404846191406e+01
1.215888404846191406e+01
1.215888404846191406e+01
1.215888404846191406e+01
1.215888595581054688e+01
1.215888404846191406e+01
1.215888404846191406e+01
1.215888404846191406e+01
1.215888404846191406e+01
1.215888500213623047e+01
1.215888500213623047e+01
1.215888500213623047e+01
1.215888500213623047e+01
1.215888500213623047e+01
1.215888404846191406e+01
1.215888404846191406e+01
1.215888214111328125e+01
1.215888309478759766e+01
1.215888214111328125e+01
1.215888214111328125e+01
1.215888214111328125e+01
1.215888309478759766e+01
1.215888404846191406e+01
1.215888404846191406e+01
1.215888404846191406e+01
1.215888404846191406e+01
1.215888404846191406e+01
1.215888500213623047e+01
1.215888595581054688e+01
1.215888595581054688e+01
1.215888786315917969e+01
1.215888595581054688e+01
1.215888595581054688e+01
1.215888595581054688e+01
1.215888595581054688e+01
1.215888404846191406e+01
1.215888404846191406e+01
1.215888309478759766e+01
1.215888309478759766e+01
1.215888404846191406e+01
1.215888309478759766e+01
1.215888309478759766e+01
1.215888404846191406e+01
1.215888309478759766e+01
1.215888595581054688e+01
1.215888404846191406e+01
1.215888595581054688e+01
1.215888595581054688e+01
1.215888595581054688e+01
1.215888881683349609e+01
1.215888595581054688e+01
1.215888404846191406e+01
1.215888404846191406e+01
1.215888404846191406e+01
1.215888500213623047e+01
1.215888404846191406e+01
1.215888404846191406e+01
1.215888404846191406e+01
1.215888404846191406e+01
1.215888404846191406e+01
1.215888500213623047e+01
1.215888404846191406e+01
1.215888404846191406e+01
1.215888500213623047e+01
1.215888595581054688e+01
1.215889072418212891e+01
1.215888786315917969e+01
1.215888977050781250e+01
1.215889358520507812e+01
1.215888881683349609e+01
1.215888881683349609e+01
1.215888881683349609e+01
1.215888595581054688e+01
1.215888595581054688e+01
1.215888595581054688e+01
1.215888595581054688e+01
1.215888404846191406e+01
1.215888500213623047e+01
1.215888404846191406e+01
1.215888500213623047e+01
1.215888404846191406e+01
1.215888404846191406e+01
1.215888404846191406e+01
1.215888404846191406e+01
1.215888404846191406e+01
1.215888500213623047e+01
1.215888500213623047e+01
1.215888595581054688e+01
1.215888595581054688e+01
1.215888786315917969e+01
1.215888881683349609e+01
1.215888881683349609e+01
1.215888595581054688e+01
1.215888595581054688e+01
1.215888595581054688e+01
1.215888881683349609e+01
1.215888595581054688e+01
1.215888500213623047e+01
1.215888404846191406e+01
1.215888404846191406e+01
1.215888404846191406e+01
1.215888404846191406e+01
1.215888404846191406e+01
1.215888404846191406e+01
1.215888404846191406e+01
1.215888404846191406e+01
1.215888500213623047e+01
1.215888500213623047e+01
1.215888500213623047e+01
1.215888500213623047e+01
1.215888595581054688e+01
1.215889072418212891e+01
1.215888881683349609e+01
1.215888881683349609e+01
1.215888786315917969e+01
1.215888595581054688e+01
1.215888595581054688e+01
1.215888595581054688e+01
1.215888595581054688e+01
1.215888500213623047e+01
1.215888500213623047e+01
1.215888404846191406e+01
1.215888404846191406e+01
1.215888309478759766e+01
1.215888404846191406e+01
1.215888404846191406e+01
1.215888404846191406e+01
1.215888500213623047e+01
1.215888404846191406e+01
1.215888595581054688e+01
1.215888881683349609e+01
1.215888595581054688e+01
1.215888977050781250e+01
1.215888881683349609e+01
1.215888881683349609e+01
1.215888786315917969e+01
1.215888595581054688e+01
1.215888500213623047e+01
1.215888404846191406e+01
1.215888404846191406e+01
1.215888309478759766e+01
1.215888309478759766e+01
1.215888214111328125e+01
1.215888214111328125e+01
1.215888309478759766e+01
1.215888404846191406e+01
1.215888500213623047e+01
1.215888881683349609e+01
1.215889072418212891e+01
1.215889358520507812e+01
1.215889358520507812e+01
1.215888881683349609e+01
1.215888786315917969e+01
1.215888595581054688e+01
1.215888595581054688e+01
1.215888500213623047e+01
1.215888500213623047e+01
1.215888404846191406e+01
1.215888309478759766e+01
1.215888404846191406e+01
1.215888595581054688e+01
1.215888404846191406e+01
1.215888404846191406e+01
1.215888404846191406e+01
1.215888500213623047e+01
1.215889072418212891e+01
1.215889549255371094e+01
1.215889358520507812e+01
1.215889072418212891e+01
1.215888595581054688e+01
1.215888881683349609e+01
1.215888595581054688e+01
1.215888595581054688e+01
1.215888595581054688e+01
1.215888595581054688e+01
1.215888786315917969e+01
1.215888595581054688e+01
1.215888786315917969e+01
1.215888595581054688e+01
1.215888786315917969e+01
1.215888595581054688e+01
1.215888595581054688e+01
1.215888595581054688e+01
1.215888595581054688e+01
1.215888595581054688e+01
1.215888595581054688e+01
1.215888595581054688e+01
1.215888595581054688e+01
1.215888595581054688e+01
1.215888595581054688e+01
1.215888595581054688e+01
1.215888786315917969e+01
1.215888595581054688e+01
1.215888595581054688e+01
1.215888595581054688e+01
1.215888500213623047e+01
1.215888500213623047e+01
1.215888500213623047e+01
1.215888404846191406e+01
1.215888500213623047e+01
1.215888404846191406e+01
1.215888404846191406e+01
1.215888500213623047e+01
1.215888404846191406e+01
1.215888404846191406e+01
1.215888500213623047e+01
1.215888500213623047e+01
1.215888595581054688e+01
1.215888595581054688e+01
1.215888786315917969e+01
1.215888977050781250e+01
1.215888881683349609e+01
1.215888881683349609e+01
1.215888595581054688e+01
1.215888500213623047e+01
1.215888595581054688e+01
1.215888500213623047e+01
1.215888595581054688e+01
1.215888595581054688e+01
1.215888786315917969e+01
1.215889167785644531e+01
1.215888786315917969e+01
1.215888881683349609e+01
1.215888595581054688e+01
1.215888595581054688e+01
1.215888977050781250e+01
1.215889549255371094e+01
1.215889453887939453e+01
1.215889072418212891e+01
1.215888786315917969e+01
1.215889072418212891e+01
1.215888881683349609e+01
