4.382828521728515625e+01
4.311773681640625000e+01
4.234366607666015625e+01
4.150838470458984375e+01
4.061099624633789062e+01
3.960793304443359375e+01
3.849451828002929688e+01
3.710885238647460938e+01
3.546863937377929688e+01
3.411185836791992188e+01
3.298719787597656250e+01
3.191759109497070312e+01
3.091034889221191406e+01
2.996976089477539062e+01
2.910760498046875000e+01
2.833306312561035156e+01
2.765166664123535156e+01
2.706492042541503906e+01
2.657044792175292969e+01
2.616259574890136719e+01
2.583344841003417969e+01
2.557396316528320312e+01
2.537496948242187500e+01
2.522792434692382812e+01
2.512520599365234375e+01
2.506015205383300781e+01
2.502682495117187500e+01
2.501978111267089844e+01
2.503387260437011719e+01
2.506415557861328125e+01
2.510589599609375000e+01
2.515466499328613281e+01
2.520644760131835938e+01
2.525777435302734375e+01
2.530577850341796875e+01
2.534828758239746094e+01
2.538384437561035156e+01
2.541169929504394531e+01
2.543175315856933594e+01
2.544444084167480469e+01
2.545061302185058594e+01
2.545135116577148438e+01
2.544783020019531250e+01
2.544121742248535156e+01
2.543257331848144531e+01
2.542282676696777344e+01
2.541274452209472656e+01
2.540292358398437500e+01
2.539381408691406250e+01
2.538571929931640625e+01
2.537882995605468750e+01
2.537322235107421875e+01
2.536889076232910156e+01
2.536576461791992188e+01
2.536372566223144531e+01
2.536261177062988281e+01
2.536223411560058594e+01
2.536239814758300781e+01
2.536290168762207031e+01
2.536353302001953125e+01
2.536410331726074219e+01
2.536442375183105469e+01
2.536434364318847656e+01
2.536373329162597656e+01
2.536251831054687500e+01
2.536067199707031250e+01
2.535822677612304688e+01
2.535526084899902344e+01
2.535189819335937500e+01
2.534828948974609375e+01
2.534457397460937500e+01
2.534090232849121094e+01
2.533739471435546875e+01
2.533414459228515625e+01
2.533121871948242188e+01
2.532865142822265625e+01
2.532644844055175781e+01
2.532460594177246094e+01
2.532308769226074219e+01
2.532185173034667969e+01
2.532085609436035156e+01
2.532004165649414062e+01
2.531936264038085938e+01
2.531877517700195312e+01
2.531824111938476562e+01
2.531772613525390625e+01
2.531720733642578125e+01
2.531666946411132812e+01
2.531610679626464844e+01
2.531551933288574219e+01
2.531490325927734375e+01
2.531426811218261719e+01
2.531362152099609375e+01
2.531296920776367188e+01
2.531231880187988281e+01
2.531167793273925781e+01
2.531105232238769531e+01
2.531044578552246094e+01
2.530985832214355469e+01
2.530929374694824219e+01
2.530874633789062500e+01
2.530822372436523438e+01
2.530771636962890625e+01
2.530722618103027344e+01
2.530674552917480469e+01
2.530627822875976562e+01
2.530582046508789062e+01
2.530536651611328125e+01
2.530492591857910156e+01
2.530448341369628906e+01
2.530405235290527344e+01
2.530362319946289062e+01
2.530320167541503906e+01
2.530278587341308594e+01
2.530237960815429688e+01
2.530198097229003906e+01
2.530159187316894531e+01
2.530120849609375000e+01
2.530083847045898438e+01
2.530047416687011719e+01
2.530011940002441406e+01
2.529977607727050781e+01
2.529944038391113281e+01
2.529911422729492188e+01
2.529879379272460938e+01
2.529848289489746094e+01
2.529817771911621094e+01
2.529788208007812500e+01
2.529759025573730469e+01
2.529730606079101562e+01
2.529702568054199219e+01
2.529675292968750000e+01
2.529648590087890625e+01
2.529622077941894531e+01
2.529596519470214844e+01
2.529571342468261719e+01
2.529546737670898438e+01
2.529522323608398438e+01
2.529498863220214844e+01
2.529475784301757812e+01
2.529453086853027344e+01
2.529430770874023438e+01
2.529409027099609375e+01
2.529388046264648438e+01
2.529367446899414062e+01
2.529347038269042969e+01
2.529327392578125000e+01
2.529307746887207031e+01
2.529289054870605469e+01
2.529270362854003906e+01
2.529252243041992188e+01
2.529234504699707031e+01
2.529216957092285156e+01
2.529199981689453125e+01
2.529183006286621094e+01
2.529166412353515625e+01
2.529150199890136719e+01
2.529134559631347656e+01
2.529119110107421875e+01
2.529103660583496094e+01
2.529088401794433594e+01
2.529073715209960938e+01
2.529059028625488281e+01
2.529044342041015625e+01
2.529029846191406250e+01
2.529015731811523438e+01
2.529001426696777344e+01
2.528987503051757812e+01
2.528973770141601562e+01
2.528960037231445312e+01
2.528947067260742188e+01
2.528935432434082031e+01
2.528923797607421875e+01
2.528909873962402344e+01
2.528894615173339844e+01
2.528879737854003906e+01
2.528865814208984375e+01
2.528851890563964844e+01
2.528838920593261719e+01
2.528825759887695312e+01
2.528811645507812500e+01
2.528795814514160156e+01
2.528781700134277344e+01
2.528767776489257812e+01
2.528753662109375000e+01
2.528738594055175781e+01
2.528723335266113281e+01
2.528706359863281250e+01
2.528686904907226562e+01
2.528667259216308594e+01
2.528645896911621094e+01
2.528621482849121094e+01
2.528594589233398438e+01
2.528565406799316406e+01
2.528533554077148438e+01
2.528496360778808594e+01
2.528447341918945312e+01
2.528376770019531250e+01
2.528185462951660156e+01
2.527968025207519531e+01
2.528235626220703125e+01
2.526979637145996094e+01
2.494559288024902344e+01
2.437791442871093750e+01
2.377537536621093750e+01
2.323014259338378906e+01
2.278669548034667969e+01
2.246310615539550781e+01
2.225208854675292969e+01
2.213022232055664062e+01
2.206672096252441406e+01
2.203705024719238281e+01
2.203273391723632812e+01
2.204731750488281250e+01
2.207332801818847656e+01
2.210939216613769531e+01
2.153870582580566406e+01
2.082380485534667969e+01
2.003797721862792969e+01
1.929673385620117188e+01
1.864707374572753906e+01
1.809986114501953125e+01
1.765655326843261719e+01
1.731351089477539062e+01
1.705841064453125000e+01
1.687306594848632812e+01
1.674293518066406250e+01
1.665986633300781250e+01
1.661402320861816406e+01
1.659610366821289062e+01
1.660084724426269531e+01
1.662303161621093750e+01
1.665914726257324219e+01
1.670572662353515625e+01
1.675767517089843750e+01
1.681122970581054688e+01
1.686422157287597656e+01
1.691263580322265625e+01
1.695669746398925781e+01
1.700102043151855469e+01
1.706834411621093750e+01
1.703495597839355469e+01
1.684121322631835938e+01
1.632624816894531250e+01
1.579150962829589844e+01
1.533437061309814453e+01
1.500076770782470703e+01
1.479727458953857422e+01
1.442877101898193359e+01
1.368860912322998047e+01
1.282277011871337891e+01
1.197946453094482422e+01
1.122751235961914062e+01
1.059781074523925781e+01
1.009810829162597656e+01
9.724398612976074219e+00
9.467209815979003906e+00
9.303613662719726562e+00
9.205415725708007812e+00
9.150726318359375000e+00
9.123317718505859375e+00
9.111002922058105469e+00
9.108949661254882812e+00
9.117901802062988281e+00
9.137674331665039062e+00
9.165943145751953125e+00
9.201114654541015625e+00
9.241318702697753906e+00
9.283332824707031250e+00
9.324244499206542969e+00
9.362010955810546875e+00
9.395326614379882812e+00
9.422770500183105469e+00
9.443264007568359375e+00
9.457103729248046875e+00
9.465011596679687500e+00
9.467560768127441406e+00
9.465250968933105469e+00
9.459044456481933594e+00
9.449840545654296875e+00
9.438431739807128906e+00
9.425538063049316406e+00
9.412167549133300781e+00
9.398885726928710938e+00
9.386399269104003906e+00
9.374765396118164062e+00
9.364832878112792969e+00
9.357451438903808594e+00
9.351631164550781250e+00
9.347114562988281250e+00
9.344587326049804688e+00
9.344141006469726562e+00
9.344511985778808594e+00
9.345322608947753906e+00
9.347317695617675781e+00
9.350095748901367188e+00
9.352689743041992188e+00
9.354899406433105469e+00
9.357414245605468750e+00
9.359908103942871094e+00
9.361704826354980469e+00
9.363715171813964844e+00
9.365562438964843750e+00
9.366424560546875000e+00
9.367249488830566406e+00
9.368062019348144531e+00
9.368304252624511719e+00
9.368242263793945312e+00
9.367986679077148438e+00
9.367700576782226562e+00
9.367245674133300781e+00
9.366570472717285156e+00
9.366079330444335938e+00
9.365501403808593750e+00
9.364898681640625000e+00
9.364455223083496094e+00
9.364055633544921875e+00
9.363669395446777344e+00
9.363272666931152344e+00
9.363054275512695312e+00
9.362826347351074219e+00
9.362658500671386719e+00
9.362490653991699219e+00
9.362464904785156250e+00
9.362277030944824219e+00
9.362374305725097656e+00
9.362328529357910156e+00
9.361708641052246094e+00
9.362112998962402344e+00
9.362839698791503906e+00
9.362357139587402344e+00
9.362711906433105469e+00
9.364069938659667969e+00
9.364306449890136719e+00
9.364394187927246094e+00
9.364632606506347656e+00
9.363888740539550781e+00
9.362977981567382812e+00
9.362213134765625000e+00
9.361118316650390625e+00
9.359691619873046875e+00
9.358359336853027344e+00
9.357349395751953125e+00
9.356097221374511719e+00
9.354905128479003906e+00
9.353863716125488281e+00
9.352981567382812500e+00
9.351798057556152344e+00
9.350978851318359375e+00
9.351028442382812500e+00
9.350347518920898438e+00
9.348813056945800781e+00
9.347189903259277344e+00
9.344198226928710938e+00
9.340318679809570312e+00
9.336230278015136719e+00
9.328481674194335938e+00
9.317726135253906250e+00
9.306607246398925781e+00
9.291631698608398438e+00
8.962638854980468750e+00
8.372445106506347656e+00
7.784392356872558594e+00
7.304339885711669922e+00
6.970760822296142578e+00
6.782575607299804688e+00
6.701446533203125000e+00
6.677114009857177734e+00
6.675466060638427734e+00
6.690080642700195312e+00
6.724701404571533203e+00
6.777824401855468750e+00
6.844619750976562500e+00
6.916714191436767578e+00
6.983854293823242188e+00
7.037433147430419922e+00
7.072165489196777344e+00
7.086399555206298828e+00
7.081324100494384766e+00
7.060189247131347656e+00
7.028007030487060547e+00
6.990715026855468750e+00
6.953302860260009766e+00
6.918652534484863281e+00
6.888303279876708984e+00
6.863640785217285156e+00
6.845914840698242188e+00
6.835349559783935547e+00
6.830818176269531250e+00
6.830862522125244141e+00
6.834619998931884766e+00
6.841483592987060547e+00
6.850495338439941406e+00
6.860420703887939453e+00
6.870244979858398438e+00
6.879360675811767578e+00
6.887289047241210938e+00
6.893582820892333984e+00
6.897986888885498047e+00
6.900582790374755859e+00
6.901652812957763672e+00
6.901407718658447266e+00
6.900025367736816406e+00
6.897833347320556641e+00
6.895243167877197266e+00
6.892608165740966797e+00
6.890136241912841797e+00
6.887903690338134766e+00
6.886013984680175781e+00
6.884584426879882812e+00
6.883643150329589844e+00
6.883131504058837891e+00
6.882996559143066406e+00
6.883208751678466797e+00
6.883701324462890625e+00
6.884363174438476562e+00
6.885109424591064453e+00
6.885900020599365234e+00
6.886696338653564453e+00
6.887455463409423828e+00
6.888084411621093750e+00
6.888492107391357422e+00
6.888710498809814453e+00
6.888820648193359375e+00
6.888843059539794922e+00
6.888780593872070312e+00
6.888445377349853516e+00
6.887899875640869141e+00
6.887493610382080078e+00
6.887104988098144531e+00
6.886496067047119141e+00
6.885893344879150391e+00
6.885454654693603516e+00
6.885016918182373047e+00
6.884615898132324219e+00
6.884389400482177734e+00
6.884239196777343750e+00
6.884120464324951172e+00
6.884130477905273438e+00
6.884208679199218750e+00
6.884283542633056641e+00
6.884436130523681641e+00
6.884652614593505859e+00
6.884836196899414062e+00
6.885014533996582031e+00
6.885216712951660156e+00
6.885391235351562500e+00
6.885545253753662109e+00
6.885703086853027344e+00
6.885834693908691406e+00
6.885941982269287109e+00
6.886048316955566406e+00
6.886134624481201172e+00
6.886200428009033203e+00
6.886273384094238281e+00
6.886342048645019531e+00
6.886397361755371094e+00
6.886456966400146484e+00
6.886514663696289062e+00
6.886567115783691406e+00
6.886627197265625000e+00
6.886689662933349609e+00
6.886748790740966797e+00
6.886813640594482422e+00
6.886879920959472656e+00
6.886944293975830078e+00
6.887011528015136719e+00
6.887080192565917969e+00
6.887146949768066406e+00
6.887214183807373047e+00
6.887280464172363281e+00
6.887342929840087891e+00
6.887406826019287109e+00
6.887467861175537109e+00
6.887527465820312500e+00
6.887587070465087891e+00
6.887644767761230469e+00
6.887700557708740234e+00
6.887757301330566406e+00
6.887813091278076172e+00
6.887867450714111328e+00
6.887923717498779297e+00
6.887978553771972656e+00
6.888033390045166016e+00
6.888089179992675781e+00
6.888145446777343750e+00
6.888201713562011719e+00
6.888258457183837891e+00
6.888315677642822266e+00
6.888372421264648438e+00
6.888431072235107422e+00
6.888487815856933594e+00
6.888545513153076172e+00
6.888603687286376953e+00
6.888660430908203125e+00
6.888718605041503906e+00
6.888776302337646484e+00
6.888832092285156250e+00
6.888889312744140625e+00
6.888945579528808594e+00
6.889002799987792969e+00
6.889059066772460938e+00
6.889118194580078125e+00
6.889173507690429688e+00
6.889218330383300781e+00
6.889251232147216797e+00
6.889278888702392578e+00
6.889307975769042969e+00
6.889337062835693359e+00
6.889369010925292969e+00
6.889405250549316406e+00
6.889441490173339844e+00
6.889477252960205078e+00
6.889512538909912109e+00
6.889551639556884766e+00
6.889595508575439453e+00
6.889642715454101562e+00
6.889690399169921875e+00
6.889738559722900391e+00
6.889786720275878906e+00
6.889837265014648438e+00
6.889887332916259766e+00
6.889938831329345703e+00
6.889992237091064453e+00
6.890045166015625000e+00
6.890098094940185547e+00
6.890150070190429688e+00
6.890202999114990234e+00
6.890256404876708984e+00
6.890311717987060547e+00
6.890367031097412109e+00
6.890422344207763672e+00
6.890477180480957031e+00
6.890533447265625000e+00
6.890591144561767578e+00
6.890647888183593750e+00
6.890697956085205078e+00
6.890740394592285156e+00
6.890779495239257812e+00
6.890819072723388672e+00
6.890857219696044922e+00
6.890898704528808594e+00
6.890944004058837891e+00
6.890990734100341797e+00
6.891037464141845703e+00
6.891082286834716797e+00
6.891131401062011719e+00
6.891184806823730469e+00
6.891242027282714844e+00
6.891299247741699219e+00
6.891357421875000000e+00
6.891416549682617188e+00
6.891476631164550781e+00
6.891536712646484375e+00
6.891597747802734375e+00
6.891662120819091797e+00
6.891726016998291016e+00
6.891788482666015625e+00
6.891848564147949219e+00
6.891907691955566406e+00
6.891968727111816406e+00
6.892030239105224609e+00
6.892093181610107422e+00
6.892151832580566406e+00
6.892215251922607422e+00
6.892272472381591797e+00
6.892343521118164062e+00
6.892394065856933594e+00
6.892477035522460938e+00
6.892513275146484375e+00
6.892637729644775391e+00
6.892642498016357422e+00
6.892766952514648438e+00
6.893410682678222656e+00
6.893948554992675781e+00
6.893865108489990234e+00
6.893992900848388672e+00
6.894912242889404297e+00
6.895780563354492188e+00
6.895991325378417969e+00
6.895841598510742188e+00
6.895911216735839844e+00
6.896313190460205078e+00
6.896574020385742188e+00
6.895971775054931641e+00
6.895454406738281250e+00
6.895917892456054688e+00
6.896214962005615234e+00
6.895278930664062500e+00
6.894711971282958984e+00
6.895969867706298828e+00
6.896937370300292969e+00
6.895998477935791016e+00
6.895332813262939453e+00
6.896536827087402344e+00
6.897530555725097656e+00
6.896023273468017578e+00
6.894140720367431641e+00
6.894540786743164062e+00
6.895447731018066406e+00
6.893677234649658203e+00
6.890526771545410156e+00
6.884930610656738281e+00
6.873650074005126953e+00
6.857192993164062500e+00
6.837302684783935547e+00
6.816259384155273438e+00
6.795071125030517578e+00
6.773931026458740234e+00
6.754203796386718750e+00
6.737071990966796875e+00
6.722630977630615234e+00
6.710601329803466797e+00
6.701012611389160156e+00
6.694038391113281250e+00
6.689564228057861328e+00
6.687145233154296875e+00
6.686311721801757812e+00
6.686746597290039062e+00
6.688145160675048828e+00
6.690213203430175781e+00
6.692667007446289062e+00
6.695231914520263672e+00
6.697649955749511719e+00
6.699755191802978516e+00
6.701526641845703125e+00
6.703012943267822266e+00
6.704217433929443359e+00
6.705114841461181641e+00
6.705721378326416016e+00
6.706088542938232422e+00
6.706292629241943359e+00
6.706423759460449219e+00
6.706533908843994141e+00
6.706624984741210938e+00
6.706717491149902344e+00
6.706857681274414062e+00
6.707066059112548828e+00
6.707314491271972656e+00
6.707576274871826172e+00
6.707860946655273438e+00
6.708179473876953125e+00
6.708513259887695312e+00
6.708803176879882812e+00
6.709014415740966797e+00
6.709180355072021484e+00
6.709332942962646484e+00
6.709451675415039062e+00
6.709499359130859375e+00
6.709485054016113281e+00
6.709448337554931641e+00
6.709401607513427734e+00
6.709331989288330078e+00
6.709232330322265625e+00
6.709123134613037109e+00
6.709026336669921875e+00
6.708939075469970703e+00
6.708856582641601562e+00
6.708780288696289062e+00
6.708721160888671875e+00
6.708680152893066406e+00
6.708649635314941406e+00
6.708625793457031250e+00
6.708611965179443359e+00
6.708606719970703125e+00
6.708606719970703125e+00
6.708603382110595703e+00
6.708599567413330078e+00
6.708595275878906250e+00
6.708601951599121094e+00
6.708577156066894531e+00
6.708475589752197266e+00
6.708352088928222656e+00
6.708268165588378906e+00
6.708202362060546875e+00
6.708102226257324219e+00
6.707980632781982422e+00
6.707893848419189453e+00
6.707849502563476562e+00
6.707800865173339844e+00
6.707726955413818359e+00
6.707656860351562500e+00
6.707617759704589844e+00
6.707588672637939453e+00
6.707541942596435547e+00
6.707479476928710938e+00
6.707425117492675781e+00
6.707381725311279297e+00
6.707329273223876953e+00
6.707262516021728516e+00
6.707193374633789062e+00
6.707134723663330078e+00
6.706787109375000000e+00
6.706361770629882812e+00
6.706267833709716797e+00
6.706303119659423828e+00
6.706283569335937500e+00
6.706309318542480469e+00
6.706521987915039062e+00
6.706861495971679688e+00
6.707178592681884766e+00
6.707421302795410156e+00
6.707628250122070312e+00
6.707806587219238281e+00
6.707913398742675781e+00
6.707925319671630859e+00
6.707853317260742188e+00
6.707712173461914062e+00
6.707509040832519531e+00
6.707265377044677734e+00
6.707007884979248047e+00
6.706752300262451172e+00
6.706501007080078125e+00
6.706264495849609375e+00
6.706062316894531250e+00
6.705900669097900391e+00
6.705764770507812500e+00
6.705644607543945312e+00
6.705546855926513672e+00
6.705480098724365234e+00
6.705433368682861328e+00
6.705390930175781250e+00
6.705350875854492188e+00
6.705319881439208984e+00
6.705297946929931641e+00
6.705272197723388672e+00
6.705236434936523438e+00
6.705196857452392578e+00
6.705154418945312500e+00
6.705106735229492188e+00
6.705049514770507812e+00
6.704986572265625000e+00
6.704923152923583984e+00
6.704858303070068359e+00
6.704792499542236328e+00
6.704731464385986328e+00
6.704661369323730469e+00
6.704564094543457031e+00
6.704457759857177734e+00
6.704362869262695312e+00
6.704267024993896484e+00
6.704154014587402344e+00
6.704034805297851562e+00
6.703926086425781250e+00
6.703824520111083984e+00
6.703717231750488281e+00
6.703608512878417969e+00
6.703510761260986328e+00
6.703426361083984375e+00
6.703342437744140625e+00
6.703258514404296875e+00
6.703185081481933594e+00
6.703120708465576172e+00
6.703061103820800781e+00
6.703001976013183594e+00
6.702945709228515625e+00
6.702897071838378906e+00
6.702848434448242188e+00
6.702798843383789062e+00
6.702748298645019531e+00
6.702700138092041016e+00
6.702648639678955078e+00
6.702593803405761719e+00
6.702535629272460938e+00
6.702476024627685547e+00
6.702413558959960938e+00
6.702348232269287109e+00
6.702279090881347656e+00
6.702208995819091797e+00
6.702136993408203125e+00
6.702063560485839844e+00
6.701989173889160156e+00
6.701913833618164062e+00
6.701839447021484375e+00
6.701764106750488281e+00
6.701689243316650391e+00
6.701615810394287109e+00
6.701541900634765625e+00
6.701468944549560547e+00
6.701410293579101562e+00
6.701309204101562500e+00
6.701111316680908203e+00
6.700877666473388672e+00
6.700680255889892578e+00
6.700513362884521484e+00
6.700328826904296875e+00
6.700138568878173828e+00
6.699990272521972656e+00
6.699876308441162109e+00
6.699760913848876953e+00
6.699644088745117188e+00
6.699551582336425781e+00
6.699479103088378906e+00
6.699398517608642578e+00
6.699311733245849609e+00
6.699233055114746094e+00
6.699156761169433594e+00
6.699068546295166016e+00
6.698970317840576172e+00
6.698873043060302734e+00
6.698776721954345703e+00
6.698662281036376953e+00
6.698229312896728516e+00
6.697810173034667969e+00
6.697753906250000000e+00
6.697678089141845703e+00
6.697541236877441406e+00
6.697635650634765625e+00
6.697940826416015625e+00
6.698143005371093750e+00
6.698182106018066406e+00
6.698254108428955078e+00
6.698327064514160156e+00
6.698189258575439453e+00
6.697882175445556641e+00
6.697589874267578125e+00
6.697292327880859375e+00
6.696892261505126953e+00
6.696470737457275391e+00
6.696141719818115234e+00
6.695862293243408203e+00
6.695591926574707031e+00
6.695387840270996094e+00
6.695271492004394531e+00
6.695184707641601562e+00
6.695114612579345703e+00
6.695092678070068359e+00
6.695097923278808594e+00
6.695087909698486328e+00
6.695074558258056641e+00
6.695078849792480469e+00
6.694782257080078125e+00
6.694504261016845703e+00
6.694591522216796875e+00
6.694641113281250000e+00
6.694653987884521484e+00
6.694927215576171875e+00
6.695322513580322266e+00
6.695477962493896484e+00
6.695451259613037109e+00
6.695203304290771484e+00
6.694937229156494141e+00
6.694777965545654297e+00
6.694497108459472656e+00
6.694281101226806641e+00
6.694289684295654297e+00
6.694298744201660156e+00
6.694131851196289062e+00
6.693904399871826172e+00
6.693554401397705078e+00
6.693147182464599609e+00
6.692778110504150391e+00
6.692406654357910156e+00
6.692149162292480469e+00
6.692035675048828125e+00
6.691949844360351562e+00
6.691854476928710938e+00
6.691811084747314453e+00
6.691806316375732422e+00
6.691764831542968750e+00
6.691679000854492188e+00
6.691573619842529297e+00
6.691440105438232422e+00
6.691277503967285156e+00
6.691112518310546875e+00
6.690952301025390625e+00
6.690794944763183594e+00
6.690667152404785156e+00
6.690312385559082031e+00
6.690034866333007812e+00
6.690091609954833984e+00
6.690112590789794922e+00
6.690191268920898438e+00
6.690555095672607422e+00
6.690937042236328125e+00
6.691094398498535156e+00
6.691166400909423828e+00
6.691153049468994141e+00
6.690969467163085938e+00
6.690673351287841797e+00
6.690395355224609375e+00
6.690202713012695312e+00
6.690018653869628906e+00
6.689835071563720703e+00
6.689712047576904297e+00
6.689637184143066406e+00
6.689581871032714844e+00
6.689543724060058594e+00
6.689508438110351562e+00
6.689450263977050781e+00
6.689381599426269531e+00
6.689315319061279297e+00
6.689225673675537109e+00
6.689092159271240234e+00
6.688756465911865234e+00
6.688493728637695312e+00
6.688457489013671875e+00
6.688378334045410156e+00
6.688424110412597656e+00
6.688717365264892578e+00
6.688971042633056641e+00
6.689088344573974609e+00
6.689248085021972656e+00
6.689356803894042969e+00
6.689100265502929688e+00
6.688788890838623047e+00
6.688643932342529297e+00
6.688397884368896484e+00
6.688198566436767578e+00
6.688217639923095703e+00
6.688217639923095703e+00
6.688135623931884766e+00
6.688170433044433594e+00
6.688243865966796875e+00
6.688172340393066406e+00
6.688053131103515625e+00
6.687967777252197266e+00
6.687813758850097656e+00
6.687589168548583984e+00
6.687167644500732422e+00
6.686838150024414062e+00
6.686767578125000000e+00
6.686670303344726562e+00
6.686715126037597656e+00
6.687013149261474609e+00
6.687261104583740234e+00
6.687339305877685547e+00
6.687222003936767578e+00
6.687154293060302734e+00
6.687148571014404297e+00
6.687007904052734375e+00
6.687006950378417969e+00
6.687167167663574219e+00
6.687175750732421875e+00
6.686711311340332031e+00
6.686605453491210938e+00
6.687171459197998047e+00
6.687117099761962891e+00
6.687099933624267578e+00
6.687668800354003906e+00
6.687885284423828125e+00
6.687629222869873047e+00
6.687664031982421875e+00
6.688036918640136719e+00
6.688081741333007812e+00
6.687797069549560547e+00
6.687474727630615234e+00
6.687221527099609375e+00
6.686911106109619141e+00
6.686560153961181641e+00
6.686404228210449219e+00
6.686369419097900391e+00
6.686268329620361328e+00
6.686007976531982422e+00
6.685806751251220703e+00
6.685676574707031250e+00
6.685455322265625000e+00
6.685340404510498047e+00
6.685374736785888672e+00
6.685360431671142578e+00
6.685326576232910156e+00
6.685398578643798828e+00
6.685460567474365234e+00
6.685423851013183594e+00
6.685397148132324219e+00
6.685386657714843750e+00
6.685290813446044922e+00
6.685151576995849609e+00
6.685050487518310547e+00
6.684941291809082031e+00
6.684804439544677734e+00
6.684702873229980469e+00
6.684640884399414062e+00
6.684576511383056641e+00
6.684529304504394531e+00
6.684517860412597656e+00
6.684507369995117188e+00
6.684494972229003906e+00
6.684502601623535156e+00
6.684516429901123047e+00
6.684515953063964844e+00
6.684519290924072266e+00
6.684527873992919922e+00
6.684523105621337891e+00
6.684509277343750000e+00
6.684497356414794922e+00
6.684478759765625000e+00
6.684450149536132812e+00
6.684426784515380859e+00
6.684167385101318359e+00
6.684006690979003906e+00
6.684171199798583984e+00
6.684228897094726562e+00
6.684342384338378906e+00
6.684743404388427734e+00
6.685038089752197266e+00
6.684724330902099609e+00
6.684764862060546875e+00
6.685569763183593750e+00
6.685623168945312500e+00
