2.712617874145507812e+01
2.660084915161132812e+01
2.604360008239746094e+01
2.546996116638183594e+01
2.488600921630859375e+01
2.429341888427734375e+01
2.369186592102050781e+01
2.307959556579589844e+01
2.241454124450683594e+01
2.176100730895996094e+01
2.108700180053710938e+01
2.032604408264160156e+01
1.958381271362304688e+01
1.889154624938964844e+01
1.821836853027343750e+01
1.762093353271484375e+01
1.701787948608398438e+01
1.644069862365722656e+01
1.590645313262939453e+01
1.542277431488037109e+01
1.499215507507324219e+01
1.461529636383056641e+01
1.429101467132568359e+01
1.401740455627441406e+01
1.379543209075927734e+01
1.362502861022949219e+01
1.347922611236572266e+01
1.333548069000244141e+01
1.320422458648681641e+01
1.309822845458984375e+01
1.301933288574218750e+01
1.296443462371826172e+01
1.292950439453125000e+01
1.291039180755615234e+01
1.290354442596435547e+01
1.290548896789550781e+01
1.291228389739990234e+01
1.292084312438964844e+01
1.292982101440429688e+01
1.294041442871093750e+01
1.296316432952880859e+01
1.298413562774658203e+01
1.295299816131591797e+01
1.293855953216552734e+01
1.293169021606445312e+01
1.292627143859863281e+01
1.291604900360107422e+01
1.289522743225097656e+01
1.287336826324462891e+01
1.286015415191650391e+01
1.285154533386230469e+01
1.284480667114257812e+01
1.283908557891845703e+01
1.283412837982177734e+01
1.282986354827880859e+01
1.282622432708740234e+01
1.282310676574707031e+01
1.282038593292236328e+01
1.281786346435546875e+01
1.281522846221923828e+01
1.281218528747558594e+01
1.280861759185791016e+01
1.280456924438476562e+01
1.280018901824951172e+01
1.279564380645751953e+01
1.279107761383056641e+01
1.278657913208007812e+01
1.278184890747070312e+01
1.277657127380371094e+01
1.277076530456542969e+01
1.276446342468261719e+01
1.275716590881347656e+01
1.274863338470458984e+01
1.273903656005859375e+01
1.273105525970458984e+01
1.272719097137451172e+01
1.272488975524902344e+01
1.272174549102783203e+01
1.271829509735107422e+01
1.271486949920654297e+01
1.271165084838867188e+01
1.270868015289306641e+01
1.270618534088134766e+01
1.270401000976562500e+01
1.270129585266113281e+01
1.269526195526123047e+01
1.268504333496093750e+01
1.267203807830810547e+01
1.265328788757324219e+01
1.263018321990966797e+01
1.260884475708007812e+01
1.259549140930175781e+01
1.259220409393310547e+01
1.259315204620361328e+01
1.259067058563232422e+01
1.258256149291992188e+01
1.257092666625976562e+01
1.255889225006103516e+01
1.255748462677001953e+01
1.256237316131591797e+01
1.255949687957763672e+01
1.255312347412109375e+01
1.254782295227050781e+01
1.254396343231201172e+01
1.254150581359863281e+01
1.254011631011962891e+01
1.253644466400146484e+01
1.252898693084716797e+01
1.252675151824951172e+01
1.252810287475585938e+01
1.252538490295410156e+01
1.251972103118896484e+01
1.251653766632080078e+01
1.251890373229980469e+01
1.252133464813232422e+01
1.251900100708007812e+01
1.251296138763427734e+01
1.250885772705078125e+01
1.250864219665527344e+01
1.250753498077392578e+01
1.250316047668457031e+01
1.249915409088134766e+01
1.249790287017822266e+01
1.249624443054199219e+01
1.249191951751708984e+01
1.249073791503906250e+01
1.249150657653808594e+01
1.248853778839111328e+01
1.248270893096923828e+01
1.247783374786376953e+01
1.247616672515869141e+01
1.247467041015625000e+01
1.247106647491455078e+01
1.247066688537597656e+01
1.247223186492919922e+01
1.247005748748779297e+01
1.246479034423828125e+01
1.245798397064208984e+01
1.245661258697509766e+01
1.245901012420654297e+01
1.245804119110107422e+01
1.245387172698974609e+01
1.244774627685546875e+01
1.246329975128173828e+01
1.250465297698974609e+01
1.252614021301269531e+01
1.251376914978027344e+01
1.247928237915039062e+01
1.244652748107910156e+01
1.242640972137451172e+01
1.241781902313232422e+01
1.241798877716064453e+01
1.242563438415527344e+01
1.244006729125976562e+01
1.244913673400878906e+01
1.244228267669677734e+01
1.243372440338134766e+01
1.242582607269287109e+01
1.242177963256835938e+01
1.242299938201904297e+01
1.242523574829101562e+01
1.242475414276123047e+01
1.242150974273681641e+01
1.241621875762939453e+01
1.241146373748779297e+01
1.240882587432861328e+01
1.240786361694335938e+01
1.240795230865478516e+01
1.240658950805664062e+01
1.240203380584716797e+01
1.239698982238769531e+01
1.239346122741699219e+01
1.239125919342041016e+01
1.238841724395751953e+01
1.238372516632080078e+01
1.237968730926513672e+01
1.237785911560058594e+01
1.237628841400146484e+01
1.237356281280517578e+01
1.237162876129150391e+01
1.237028503417968750e+01
1.236955928802490234e+01
1.236910438537597656e+01
1.236743831634521484e+01
1.236633205413818359e+01
1.236551475524902344e+01
1.236499214172363281e+01
1.236442375183105469e+01
1.236238384246826172e+01
1.236071109771728516e+01
1.235922241210937500e+01
1.235882377624511719e+01
1.235887145996093750e+01
1.235678958892822266e+01
1.235305881500244141e+01
1.235067367553710938e+01
1.235059452056884766e+01
1.234984588623046875e+01
1.234690666198730469e+01
1.234248638153076172e+01
1.233968067169189453e+01
1.233943271636962891e+01
1.233881378173828125e+01
1.233629512786865234e+01
1.233246994018554688e+01
1.233028125762939453e+01
1.233140373229980469e+01
1.233256435394287109e+01
1.233087253570556641e+01
1.232685947418212891e+01
1.232176685333251953e+01
1.231880187988281250e+01
1.231956577301025391e+01
1.232089328765869141e+01
1.231993484497070312e+01
1.231695556640625000e+01
1.231287479400634766e+01
1.231066703796386719e+01
1.231191062927246094e+01
1.231344032287597656e+01
1.231237697601318359e+01
1.230907154083251953e+01
1.230460548400878906e+01
1.230205631256103516e+01
1.230300045013427734e+01
1.230434036254882812e+01
1.230325984954833984e+01
1.230008125305175781e+01
1.229582977294921875e+01
1.229349613189697266e+01
1.229461479187011719e+01
1.229610729217529297e+01
1.229511451721191406e+01
1.229194831848144531e+01
1.228768539428710938e+01
1.228534221649169922e+01
1.228643608093261719e+01
1.228792667388916016e+01
1.228696537017822266e+01
1.228385829925537109e+01
1.228044414520263672e+01
1.227917671203613281e+01
1.227947139739990234e+01
1.227870178222656250e+01
1.227615737915039062e+01
1.227451229095458984e+01
1.227343463897705078e+01
1.227213096618652344e+01
1.227052211761474609e+01
1.226965236663818359e+01
1.226909542083740234e+01
1.226680469512939453e+01
1.226428031921386719e+01
1.226374816894531250e+01
1.226377296447753906e+01
1.226212978363037109e+01
1.226011180877685547e+01
1.225985622406005859e+01
1.225990962982177734e+01
1.225808620452880859e+01
1.225504207611083984e+01
1.225353431701660156e+01
1.225501251220703125e+01
1.225649070739746094e+01
1.225517177581787109e+01
1.225165748596191406e+01
1.224812030792236328e+01
1.224694728851318359e+01
1.224754238128662109e+01
1.224732208251953125e+01
1.224540424346923828e+01
1.224422550201416016e+01
1.224346256256103516e+01
1.224131679534912109e+01
1.224022579193115234e+01
1.223980712890625000e+01
1.223812580108642578e+01
1.223744392395019531e+01
1.223732566833496094e+01
1.223576450347900391e+01
1.223405933380126953e+01
1.223414993286132812e+01
1.223455142974853516e+01
1.223305606842041016e+01
1.223026847839355469e+01
1.222886657714843750e+01
1.222925376892089844e+01
1.222900867462158203e+01
1.222727680206298828e+01
1.222637367248535156e+01
1.222593402862548828e+01
1.222412014007568359e+01
1.222323703765869141e+01
1.222290611267089844e+01
1.222123813629150391e+01
1.221957302093505859e+01
1.221976757049560547e+01
1.222029209136962891e+01
1.221891880035400391e+01
1.221622753143310547e+01
1.221486759185791016e+01
1.221527957916259766e+01
1.221508312225341797e+01
1.221340179443359375e+01
1.221164512634277344e+01
1.221168899536132812e+01
1.221205329895019531e+01
1.221062183380126953e+01
1.220871925354003906e+01
1.220746231079101562e+01
1.220768356323242188e+01
1.220786571502685547e+01
1.220596599578857422e+01
1.220284557342529297e+01
1.220210742950439453e+01
1.220301818847656250e+01
1.220225143432617188e+01
1.220011234283447266e+01
1.219830036163330078e+01
1.219783878326416016e+01
1.219840526580810547e+01
1.219860267639160156e+01
1.219746398925781250e+01
1.219626235961914062e+01
1.219668197631835938e+01
1.219722080230712891e+01
1.219581985473632812e+01
1.219317054748535156e+01
1.219268989562988281e+01
1.219366645812988281e+01
1.219281864166259766e+01
1.219049263000488281e+01
1.218849945068359375e+01
1.218790912628173828e+01
1.218839931488037109e+01
1.218853759765625000e+01
1.218732261657714844e+01
1.218603992462158203e+01
1.218558883666992188e+01
1.218566226959228516e+01
1.218505096435546875e+01
1.218388557434082031e+01
1.218378543853759766e+01
1.218341922760009766e+01
1.218119239807128906e+01
1.217886066436767578e+01
1.217768096923828125e+01
1.217755413055419922e+01
1.217727470397949219e+01
1.217671966552734375e+01
1.217582893371582031e+01
1.217559242248535156e+01
1.217560100555419922e+01
1.217423534393310547e+01
1.217290401458740234e+01
1.217327308654785156e+01
1.217392349243164062e+01
1.217290973663330078e+01
1.217086315155029297e+01
1.217018985748291016e+01
1.217130947113037109e+01
1.217192173004150391e+01
1.217089939117431641e+01
1.216962337493896484e+01
1.216916370391845703e+01
1.216932010650634766e+01
1.216890716552734375e+01
1.216732311248779297e+01
1.216605663299560547e+01
1.216660213470458984e+01
1.216741943359375000e+01
1.216644096374511719e+01
1.216424846649169922e+01
1.216326045989990234e+01
1.216395282745361328e+01
1.216416645050048828e+01
1.216289424896240234e+01
1.216152858734130859e+01
1.216108036041259766e+01
1.216128635406494141e+01
1.216090297698974609e+01
1.215930461883544922e+01
1.215799999237060547e+01
1.215786743164062500e+01
1.215846061706542969e+01
1.215837097167968750e+01
1.215684986114501953e+01
1.215664482116699219e+01
1.215717887878417969e+01
1.215581989288330078e+01
1.215340042114257812e+01
1.215189743041992188e+01
1.215221118927001953e+01
1.215372657775878906e+01
1.215462398529052734e+01
1.215361595153808594e+01
1.215154075622558594e+01
1.215086364746093750e+01
1.215197753906250000e+01
1.215261554718017578e+01
1.215157413482666016e+01
1.215022277832031250e+01
1.214965534210205078e+01
1.214970397949218750e+01
1.214921283721923828e+01
1.214762115478515625e+01
1.214642810821533203e+01
1.214645099639892578e+01
1.214650154113769531e+01
1.214566802978515625e+01
1.214614868164062500e+01
1.214722251892089844e+01
1.214597988128662109e+01
1.214339828491210938e+01
1.214174365997314453e+01
1.214199638366699219e+01
1.214353656768798828e+01
1.214450263977050781e+01
1.214345073699951172e+01
1.214137458801269531e+01
1.214025020599365234e+01
1.214086151123046875e+01
1.214245033264160156e+01
1.214313888549804688e+01
1.214167499542236328e+01
1.213932132720947266e+01
1.213905334472656250e+01
1.214025020599365234e+01
1.214006996154785156e+01
1.213857364654541016e+01
1.213742923736572266e+01
1.213755321502685547e+01
1.213776016235351562e+01
1.213704299926757812e+01
1.213649654388427734e+01
1.213677501678466797e+01
1.213666534423828125e+01
1.213542556762695312e+01
1.213450050354003906e+01
1.213465595245361328e+01
1.213468647003173828e+01
1.213370704650878906e+01
1.213293743133544922e+01
1.213306999206542969e+01
1.213294506072998047e+01
1.213179779052734375e+01
1.213093376159667969e+01
1.213106060028076172e+01
1.213101482391357422e+01
1.212996864318847656e+01
1.212964153289794922e+01
1.212971782684326172e+01
1.212872028350830078e+01
1.212788295745849609e+01
1.212796878814697266e+01
1.212788295745849609e+01
1.212685966491699219e+01
1.212620925903320312e+01
1.212659645080566406e+01
1.212679004669189453e+01
1.212586212158203125e+01
1.212515735626220703e+01
1.212540340423583984e+01
1.212546253204345703e+01
1.212453079223632812e+01
1.212436008453369141e+01
1.212463378906250000e+01
1.212379550933837891e+01
1.212310314178466797e+01
1.212330055236816406e+01
1.212328052520751953e+01
1.212226486206054688e+01
1.212165927886962891e+01
1.212210559844970703e+01
1.212236213684082031e+01
1.212142467498779297e+01
1.212072467803955078e+01
1.212097072601318359e+01
1.212104320526123047e+01
1.212010288238525391e+01
1.211948680877685547e+01
1.211980533599853516e+01
1.211985397338867188e+01
1.211888980865478516e+01
1.211859226226806641e+01
1.211855125427246094e+01
1.211739063262939453e+01
1.211637401580810547e+01
1.211620712280273438e+01
1.211576938629150391e+01
1.211425685882568359e+01
1.211314487457275391e+01
1.211310672760009766e+01
1.211294746398925781e+01
1.211170673370361328e+01
1.211079025268554688e+01
1.211086559295654297e+01
1.211080265045166016e+01
1.210976219177246094e+01
1.210908889770507812e+01
1.210940170288085938e+01
1.210953140258789062e+01
1.210861110687255859e+01
1.210799407958984375e+01
1.210832691192626953e+01
1.210848140716552734e+01
1.210764122009277344e+01
1.210747814178466797e+01
1.210772895812988281e+01
1.210701084136962891e+01
1.210651302337646484e+01
1.210687828063964844e+01
1.210699653625488281e+01
1.210608291625976562e+01
1.210558128356933594e+01
1.210609817504882812e+01
1.210643863677978516e+01
1.210560703277587891e+01
1.210504722595214844e+01
1.210540962219238281e+01
1.210559272766113281e+01
1.210476684570312500e+01
1.210425376892089844e+01
1.210464763641357422e+01
1.210480499267578125e+01
1.210389423370361328e+01
1.210328578948974609e+01
1.210359764099121094e+01
1.210372829437255859e+01
1.210285091400146484e+01
1.210225868225097656e+01
1.210256004333496094e+01
1.210265636444091797e+01
1.210176563262939453e+01
1.210118103027343750e+01
1.210150337219238281e+01
1.210163307189941406e+01
1.210077190399169922e+01
1.210020446777343750e+01
1.210052967071533203e+01
1.210066604614257812e+01
1.209983634948730469e+01
1.209965133666992188e+01
1.209987735748291016e+01
1.209922885894775391e+01
1.209881210327148438e+01
1.209871292114257812e+01
1.209893703460693359e+01
1.209918689727783203e+01
1.209873104095458984e+01
1.209863948822021484e+01
1.209884262084960938e+01
1.209866809844970703e+01
1.209893035888671875e+01
1.209936523437500000e+01
1.209909248352050781e+01
1.209903049468994141e+01
1.209908485412597656e+01
1.209862899780273438e+01
1.209861469268798828e+01
1.209882736206054688e+01
1.209839916229248047e+01
1.209822273254394531e+01
1.209816360473632812e+01
1.209754371643066406e+01
1.209771537780761719e+01
1.209845352172851562e+01
1.209703159332275391e+01
1.209607505798339844e+01
1.209614849090576172e+01
1.209619522094726562e+01
1.209528064727783203e+01
1.209472942352294922e+01
1.209456825256347656e+01
1.209471225738525391e+01
1.209481811523437500e+01
1.209419918060302734e+01
1.209395599365234375e+01
1.209404563903808594e+01
1.209382629394531250e+01
1.209404850006103516e+01
1.209443473815917969e+01
1.209413623809814453e+01
1.209402656555175781e+01
1.209403705596923828e+01
1.209361457824707031e+01
1.209364604949951172e+01
1.209390544891357422e+01
1.209354400634765625e+01
1.209339523315429688e+01
1.209335231781005859e+01
1.209284400939941406e+01
1.209357070922851562e+01
1.209521961212158203e+01
1.209881496429443359e+01
1.213007736206054688e+01
1.216631984710693359e+01
1.211621665954589844e+01
1.209471130371093750e+01
1.208943271636962891e+01
1.208677577972412109e+01
1.208543586730957031e+01
1.208481884002685547e+01
1.208409023284912109e+01
1.208441257476806641e+01
1.208544445037841797e+01
1.208478069305419922e+01
1.208465385437011719e+01
1.208558845520019531e+01
1.208651065826416016e+01
1.208646202087402344e+01
1.208673095703125000e+01
1.208733940124511719e+01
1.208815860748291016e+01
1.208882236480712891e+01
1.208867454528808594e+01
1.208880329132080078e+01
1.208918190002441406e+01
1.208918666839599609e+01
1.208952522277832031e+01
1.208992576599121094e+01
1.208961009979248047e+01
1.208944606781005859e+01
1.208940124511718750e+01
1.208894348144531250e+01
1.208889770507812500e+01
1.208904361724853516e+01
1.208857536315917969e+01
1.208830928802490234e+01
1.208816719055175781e+01
1.208760070800781250e+01
1.208747386932373047e+01
1.208758449554443359e+01
1.208713912963867188e+01
1.208694362640380859e+01
1.208689022064208984e+01
1.208638858795166016e+01
1.208631229400634766e+01
1.208647060394287109e+01
1.208608436584472656e+01
1.208597373962402344e+01
1.208601379394531250e+01
1.208557987213134766e+01
1.208554172515869141e+01
1.208571720123291016e+01
1.208535671234130859e+01
1.208528518676757812e+01
1.208536529541015625e+01
1.208495998382568359e+01
1.208492565155029297e+01
1.208509159088134766e+01
1.208473014831542969e+01
1.208466625213623047e+01
1.208475971221923828e+01
1.208436203002929688e+01
1.208432292938232422e+01
1.208447456359863281e+01
1.208410835266113281e+01
1.208404541015625000e+01
1.208414649963378906e+01
1.208375644683837891e+01
1.208371543884277344e+01
1.208386039733886719e+01
1.208349418640136719e+01
1.208343505859375000e+01
1.208354473114013672e+01
1.208316421508789062e+01
1.208312606811523438e+01
1.208326530456542969e+01
1.208290481567382812e+01
1.208285427093505859e+01
1.208296871185302734e+01
1.208260059356689453e+01
1.208256530761718750e+01
1.208270454406738281e+01
1.208234786987304688e+01
1.208230209350585938e+01
1.208242321014404297e+01
1.208206367492675781e+01
1.208203029632568359e+01
1.208216953277587891e+01
1.208181858062744141e+01
1.208177661895751953e+01
1.208190059661865234e+01
1.208154678344726562e+01
1.208151531219482422e+01
1.208165454864501953e+01
1.208130931854248047e+01
1.208127021789550781e+01
1.208139705657958984e+01
1.208105087280273438e+01
1.208101940155029297e+01
1.208115863800048828e+01
1.208081817626953125e+01
1.208078289031982422e+01
1.208090972900390625e+01
1.208056831359863281e+01
1.208054161071777344e+01
1.208067989349365234e+01
1.208034324645996094e+01
1.208031177520751953e+01
1.208044147491455078e+01
1.208010482788085938e+01
1.208008098602294922e+01
1.208021926879882812e+01
1.207988643646240234e+01
1.207985687255859375e+01
1.207998752593994141e+01
1.207965660095214844e+01
1.207963562011718750e+01
1.207977199554443359e+01
1.207944583892822266e+01
1.207941818237304688e+01
1.207954978942871094e+01
1.207922554016113281e+01
1.207920455932617188e+01
1.207934284210205078e+01
1.207901954650878906e+01
1.207899475097656250e+01
1.207912826538085938e+01
1.207880687713623047e+01
1.207878684997558594e+01
1.207892513275146484e+01
1.207860851287841797e+01
1.207858562469482422e+01
1.207872009277343750e+01
1.207840442657470703e+01
1.207838439941406250e+01
1.207852363586425781e+01
1.207820987701416016e+01
1.207818984985351562e+01
1.207832527160644531e+01
1.207801246643066406e+01
1.207799720764160156e+01
1.207813644409179688e+01
1.207782649993896484e+01
1.207780933380126953e+01
1.207794284820556641e+01
1.207763767242431641e+01
1.207762145996093750e+01
1.207775974273681641e+01
1.207745552062988281e+01
1.207744026184082031e+01
1.207757568359375000e+01
1.207727336883544922e+01
1.207725811004638672e+01
1.207739830017089844e+01
1.207709789276123047e+01
1.207708263397216797e+01
1.207721900939941406e+01
1.207692050933837891e+01
1.207690906524658203e+01
1.207704544067382812e+01
1.207675075531005859e+01
1.207673835754394531e+01
1.207687377929687500e+01
1.207658100128173828e+01
1.207656955718994141e+01
1.207670688629150391e+01
1.207641696929931641e+01
1.207640552520751953e+01
1.207654094696044922e+01
1.207625102996826172e+01
1.207624244689941406e+01
1.207638072967529297e+01
1.207609272003173828e+01
1.207608127593994141e+01
1.207621955871582031e+01
1.207593345642089844e+01
1.207592678070068359e+01
1.207606506347656250e+01
1.207577991485595703e+01
1.207577133178710938e+01
1.207590961456298828e+01
1.207562637329101562e+01
1.207561969757080078e+01
1.207575798034667969e+01
1.207547760009765625e+01
1.207547187805175781e+01
1.207560634613037109e+01
1.207532882690429688e+01
1.207500553131103516e+01
1.207543182373046875e+01
1.207621002197265625e+01
1.207605934143066406e+01
1.207545280456542969e+01
1.207556152343750000e+01
1.207614612579345703e+01
1.207616901397705078e+01
1.207575321197509766e+01
1.207582473754882812e+01
1.207617759704589844e+01
1.207596015930175781e+01
1.207546901702880859e+01
1.207560253143310547e+01
1.207606506347656250e+01
1.207582378387451172e+01
1.207521057128906250e+01
1.207524490356445312e+01
1.207567882537841797e+01
1.207550716400146484e+01
1.207496261596679688e+01
1.207500362396240234e+01
1.207539081573486328e+01
1.207518863677978516e+01
1.207466220855712891e+01
1.207475280761718750e+01
1.207519435882568359e+01
1.207500076293945312e+01
1.207446002960205078e+01
1.207454109191894531e+01
1.207499122619628906e+01
1.207482719421386719e+01
1.207431411743164062e+01
1.207439613342285156e+01
1.207483005523681641e+01
1.207466125488281250e+01
1.207415390014648438e+01
1.207424926757812500e+01
1.207468986511230469e+01
1.207451725006103516e+01
1.207400417327880859e+01
1.207409477233886719e+01
1.207453346252441406e+01
1.207436847686767578e+01
1.207386112213134766e+01
1.207394695281982422e+01
1.207437801361083984e+01
1.207421302795410156e+01
1.207370853424072266e+01
1.207379913330078125e+01
1.207423019409179688e+01
1.207406330108642578e+01
1.207356166839599609e+01
1.207365226745605469e+01
1.207408618927001953e+01
1.207392597198486328e+01
1.207343101501464844e+01
1.207352256774902344e+01
1.207395839691162109e+01
1.207380771636962891e+01
1.207332801818847656e+01
1.207344627380371094e+01
1.207394218444824219e+01
1.207418346405029297e+01
1.207428073883056641e+01
1.207480239868164062e+01
1.207550811767578125e+01
1.207549858093261719e+01
1.207504463195800781e+01
1.207507514953613281e+01
1.207536602020263672e+01
1.207501888275146484e+01
1.207431221008300781e+01
1.207415771484375000e+01
1.207433128356933594e+01
1.207392978668212891e+01
1.207321643829345703e+01
1.207310009002685547e+01
1.207333660125732422e+01
1.207302665710449219e+01
1.207242298126220703e+01
1.207241821289062500e+01
1.207276630401611328e+01
1.207256698608398438e+01
1.207206821441650391e+01
1.207215309143066406e+01
1.207257843017578125e+01
1.207244586944580078e+01
1.207200241088867188e+01
1.207212734222412109e+01
1.207258033752441406e+01
1.207246589660644531e+01
1.207203006744384766e+01
1.207215595245361328e+01
1.207259941101074219e+01
1.207247447967529297e+01
1.207202911376953125e+01
1.207213783264160156e+01
1.207256317138671875e+01
1.207242107391357422e+01
1.207196140289306641e+01
1.207205581665039062e+01
1.207246589660644531e+01
1.207231330871582031e+01
1.207184696197509766e+01
1.207193565368652344e+01
1.207233905792236328e+01
1.207218360900878906e+01
1.207171916961669922e+01
1.207180595397949219e+01
1.207220935821533203e+01
1.207205867767333984e+01
1.207159805297851562e+01
1.207168674468994141e+01
1.207209110260009766e+01
1.207194137573242188e+01
1.207148647308349609e+01
1.207157802581787109e+01
1.207198238372802734e+01
1.207183742523193359e+01
1.207138442993164062e+01
1.207147789001464844e+01
1.207188224792480469e+01
1.207173728942871094e+01
1.207128906250000000e+01
1.207138347625732422e+01
1.207178497314453125e+01
1.207164096832275391e+01
1.207119464874267578e+01
1.206909465789794922e+01
1.207618618011474609e+01
1.209926128387451172e+01
1.213576889038085938e+01
1.218232727050781250e+01
1.223790359497070312e+01
1.230090904235839844e+01
1.234806919097900391e+01
1.238818168640136719e+01
1.242852306365966797e+01
1.246554565429687500e+01
1.249715900421142578e+01
1.252241706848144531e+01
1.254095745086669922e+01
1.255288124084472656e+01
1.255866432189941406e+01
1.255903244018554688e+01
1.255487346649169922e+01
1.254716491699218750e+01
1.253689193725585938e+01
1.252500152587890625e+01
1.251234722137451172e+01
1.249965572357177734e+01
1.248752593994140625e+01
1.247640419006347656e+01
1.246660518646240234e+01
1.245831108093261719e+01
1.245159721374511719e+01
1.244644546508789062e+01
1.244277000427246094e+01
1.244042682647705078e+01
1.243924140930175781e+01
1.243902206420898438e+01
1.243956851959228516e+01
1.244069290161132812e+01
1.244221687316894531e+01
1.244398212432861328e+01
1.244585895538330078e+01
1.244773864746093750e+01
1.244953441619873047e+01
1.245118045806884766e+01
1.245263481140136719e+01
1.245387649536132812e+01
1.245486545562744141e+01
1.245556831359863281e+01
1.245597743988037109e+01
1.245611286163330078e+01
1.245600700378417969e+01
1.245570373535156250e+01
1.245525455474853516e+01
1.245470619201660156e+01
1.245413970947265625e+01
1.245357036590576172e+01
1.245291900634765625e+01
1.245214271545410156e+01
1.245123100280761719e+01
1.245022583007812500e+01
1.244920063018798828e+01
1.244822502136230469e+01
1.244734477996826172e+01
1.244658088684082031e+01
1.244592380523681641e+01
1.244536304473876953e+01
1.244487094879150391e+01
1.244442367553710938e+01
1.244403171539306641e+01
1.244393253326416016e+01
1.244552707672119141e+01
1.244433212280273438e+01
1.243650817871093750e+01
1.243187427520751953e+01
1.242611789703369141e+01
1.241020107269287109e+01
1.239695549011230469e+01
1.238434314727783203e+01
1.237191677093505859e+01
1.235942268371582031e+01
1.234717178344726562e+01
1.233592224121093750e+01
1.232567024230957031e+01
1.231597232818603516e+01
1.230723571777343750e+01
1.229986763000488281e+01
1.229394912719726562e+01
1.228928756713867188e+01
1.228551864624023438e+01
1.228225612640380859e+01
1.227941131591796875e+01
1.227722549438476562e+01
1.227594184875488281e+01
