2.492959737777709961e+00
2.322489976882934570e+00
2.151500701904296875e+00
1.999210476875305176e+00
1.865741610527038574e+00
1.747616887092590332e+00
1.644332051277160645e+00
1.555467128753662109e+00
1.480473756790161133e+00
1.416723966598510742e+00
1.365282654762268066e+00
1.324326634407043457e+00
1.292425751686096191e+00
1.266421318054199219e+00
1.242276310920715332e+00
1.230636477470397949e+00
1.220214128494262695e+00
1.217839717864990234e+00
1.218801498413085938e+00
1.222072482109069824e+00
1.226841688156127930e+00
1.232847929000854492e+00
1.239410638809204102e+00
1.245606660842895508e+00
1.251165866851806641e+00
1.255928039550781250e+00
1.259803175926208496e+00
1.262877225875854492e+00
1.265476942062377930e+00
1.266481161117553711e+00
1.267370939254760742e+00
1.267834663391113281e+00
1.267986059188842773e+00
1.267908573150634766e+00
1.267669200897216797e+00
1.267320752143859863e+00
1.266897201538085938e+00
1.266350626945495605e+00
1.264836311340332031e+00
1.262426733970642090e+00
1.263057589530944824e+00
1.263095378875732422e+00
1.262084007263183594e+00
1.261948347091674805e+00
1.262428283691406250e+00
1.262003898620605469e+00
1.261115431785583496e+00
1.261022806167602539e+00
1.261428236961364746e+00
1.261001348495483398e+00
1.260431170463562012e+00
1.260357499122619629e+00
1.260463118553161621e+00
1.260158658027648926e+00
1.259699463844299316e+00
1.259371995925903320e+00
1.259150624275207520e+00
1.258973121643066406e+00
1.258856654167175293e+00
1.258797645568847656e+00
1.258721709251403809e+00
1.258498787879943848e+00
1.258327126502990723e+00
1.258349895477294922e+00
1.258088111877441406e+00
1.257727384567260742e+00
1.257662534713745117e+00
1.257744789123535156e+00
1.257597208023071289e+00
1.257288336753845215e+00
1.257282018661499023e+00
1.257570981979370117e+00
1.257477521896362305e+00
1.257017254829406738e+00
1.256890892982482910e+00
1.257188320159912109e+00
1.257130980491638184e+00
1.256524443626403809e+00
1.256026387214660645e+00
1.255934715270996094e+00
1.256114840507507324e+00
1.255608677864074707e+00
1.254764318466186523e+00
1.254306912422180176e+00
1.254101514816284180e+00
1.253682374954223633e+00
1.252761125564575195e+00
1.251719713211059570e+00
1.251000165939331055e+00
1.250398397445678711e+00
1.249218463897705078e+00
1.247877717018127441e+00
1.246666312217712402e+00
1.245383858680725098e+00
1.243880152702331543e+00
1.242129325866699219e+00
1.240391731262207031e+00
1.238735318183898926e+00
1.236726999282836914e+00
1.233122825622558594e+00
1.227642774581909180e+00
1.224688172340393066e+00
1.221439599990844727e+00
1.218076109886169434e+00
1.214702010154724121e+00
1.211300492286682129e+00
1.207843065261840820e+00
1.204484701156616211e+00
1.201367616653442383e+00
1.198187232017517090e+00
1.194797277450561523e+00
1.191741466522216797e+00
1.188940286636352539e+00
1.185922265052795410e+00
1.182988882064819336e+00
1.180261731147766113e+00
1.177647113800048828e+00
1.174996376037597656e+00
1.172302842140197754e+00
1.169982075691223145e+00
1.167985200881958008e+00
1.165698885917663574e+00
1.163407087326049805e+00
1.161496639251708984e+00
1.159985184669494629e+00
1.158385276794433594e+00
1.156462907791137695e+00
1.154826402664184570e+00
1.153746604919433594e+00
1.152599215507507324e+00
1.150995612144470215e+00
1.149622321128845215e+00
1.148491024971008301e+00
1.147578835487365723e+00
1.146507620811462402e+00
1.145106196403503418e+00
1.143874526023864746e+00
1.142902612686157227e+00
1.142083764076232910e+00
1.140766382217407227e+00
1.139455556869506836e+00
1.138461351394653320e+00
1.137461185455322266e+00
1.136503815650939941e+00
1.135507345199584961e+00
1.134410858154296875e+00
1.133594632148742676e+00
1.132854700088500977e+00
1.131773591041564941e+00
1.130812883377075195e+00
1.130393266677856445e+00
1.129656434059143066e+00
1.128485441207885742e+00
1.127575516700744629e+00
1.127259016036987305e+00
1.127072215080261230e+00
1.126231431961059570e+00
1.125643968582153320e+00
1.125838756561279297e+00
1.125233173370361328e+00
1.124155044555664062e+00
1.123470664024353027e+00
1.123285889625549316e+00
1.123314142227172852e+00
1.123054742813110352e+00
1.122785568237304688e+00
1.122596144676208496e+00
1.122484683990478516e+00
1.122480630874633789e+00
1.122438430786132812e+00
1.122297644615173340e+00
1.122338175773620605e+00
1.122364044189453125e+00
1.122138738632202148e+00
1.122180819511413574e+00
1.122303128242492676e+00
1.122015357017517090e+00
1.121747732162475586e+00
1.122669219970703125e+00
1.120908260345458984e+00
1.120416760444641113e+00
1.119872093200683594e+00
1.119409441947937012e+00
1.119398593902587891e+00
1.119493126869201660e+00
1.119002223014831543e+00
1.118697643280029297e+00
1.118742823600769043e+00
1.118950843811035156e+00
1.119135618209838867e+00
1.119121074676513672e+00
1.119181275367736816e+00
1.119440197944641113e+00
1.119770526885986328e+00
1.119908809661865234e+00
1.120053410530090332e+00
1.120192766189575195e+00
1.120205163955688477e+00
1.120272874832153320e+00
1.120404124259948730e+00
1.120606422424316406e+00
1.120548248291015625e+00
1.120224118232727051e+00
1.120106697082519531e+00
1.120159029960632324e+00
1.120171427726745605e+00
1.119878768920898438e+00
1.119560360908508301e+00
1.119532227516174316e+00
1.119551062583923340e+00
1.119071125984191895e+00
1.118691921234130859e+00
1.118496537208557129e+00
1.118412971496582031e+00
1.118160843849182129e+00
1.117736339569091797e+00
1.117406606674194336e+00
1.117214083671569824e+00
1.117094397544860840e+00
1.117078304290771484e+00
1.116950154304504395e+00
1.116644144058227539e+00
1.116442561149597168e+00
1.116380095481872559e+00
1.116340875625610352e+00
1.116217851638793945e+00
1.116042494773864746e+00
1.115885019302368164e+00
1.115760445594787598e+00
1.115679025650024414e+00
1.115878820419311523e+00
1.115288853645324707e+00
1.115111231803894043e+00
1.114965200424194336e+00
1.114844322204589844e+00
1.114786624908447266e+00
1.114809632301330566e+00
1.114871501922607422e+00
1.114895105361938477e+00
1.114841699600219727e+00
1.114759802818298340e+00
1.114686369895935059e+00
1.114641547203063965e+00
1.114590406417846680e+00
1.114501953125000000e+00
1.114380121231079102e+00
1.114388465881347656e+00
1.113924503326416016e+00
1.113754630088806152e+00
1.113604187965393066e+00
1.113403558731079102e+00
1.113146781921386719e+00
1.112929105758666992e+00
1.112787723541259766e+00
1.112717986106872559e+00
1.112632632255554199e+00
1.112450480461120605e+00
1.112281680107116699e+00
1.111898064613342285e+00
1.111687660217285156e+00
1.111550450325012207e+00
1.111436724662780762e+00
1.111248612403869629e+00
1.110984206199645996e+00
1.111407399177551270e+00
1.109922289848327637e+00
1.109521746635437012e+00
1.109710574150085449e+00
1.109673142433166504e+00
1.109419703483581543e+00
1.109619379043579102e+00
1.110014677047729492e+00
1.110570192337036133e+00
1.110740065574645996e+00
1.110815882682800293e+00
1.110987901687622070e+00
1.111232519149780273e+00
1.111420989036560059e+00
1.111347913742065430e+00
1.111179590225219727e+00
1.111018776893615723e+00
1.110856294631958008e+00
1.110610365867614746e+00
1.110226273536682129e+00
1.109820008277893066e+00
1.109482169151306152e+00
1.109218597412109375e+00
1.108976125717163086e+00
1.108721852302551270e+00
1.108504772186279297e+00
1.108378887176513672e+00
1.108343005180358887e+00
1.108355164527893066e+00
1.108373165130615234e+00
1.108397960662841797e+00
1.108448982238769531e+00
1.108525753021240234e+00
1.108607411384582520e+00
1.108670711517333984e+00
1.108713030815124512e+00
1.108742952346801758e+00
1.108763933181762695e+00
1.108771800994873047e+00
1.108764290809631348e+00
1.108752250671386719e+00
1.108744382858276367e+00
1.108734130859375000e+00
1.108704328536987305e+00
1.108644366264343262e+00
1.108572363853454590e+00
1.108517885208129883e+00
1.108476281166076660e+00
1.108419060707092285e+00
1.108325839042663574e+00
1.108222246170043945e+00
1.108140110969543457e+00
1.108078360557556152e+00
1.108010530471801758e+00
1.107918143272399902e+00
1.107813000679016113e+00
1.107711791992187500e+00
1.107615113258361816e+00
1.107512831687927246e+00
1.107403039932250977e+00
1.107294678688049316e+00
1.107189655303955078e+00
1.107078909873962402e+00
1.106957197189331055e+00
1.106831192970275879e+00
1.106709241867065430e+00
1.106590032577514648e+00
1.106467008590698242e+00
1.106340169906616211e+00
1.106213331222534180e+00
1.106087088584899902e+00
1.105958461761474609e+00
1.105828166007995605e+00
1.105699896812438965e+00
1.105573892593383789e+00
1.105446696281433105e+00
1.105317831039428711e+00
1.105155110359191895e+00
1.104993820190429688e+00
1.104872226715087891e+00
1.104757070541381836e+00
1.104655146598815918e+00
1.104575037956237793e+00
1.104462504386901855e+00
1.104340910911560059e+00
1.104258775711059570e+00
1.104151487350463867e+00
1.104046702384948730e+00
1.103978395462036133e+00
1.103896260261535645e+00
1.103816866874694824e+00
1.103719472885131836e+00
1.103575825691223145e+00
1.103450655937194824e+00
1.103361248970031738e+00
1.103278160095214844e+00
1.103207230567932129e+00
1.103122353553771973e+00
1.102985978126525879e+00
1.102825641632080078e+00
1.102687478065490723e+00
1.102538704872131348e+00
1.102433681488037109e+00
1.104533195495605469e+00
1.105898380279541016e+00
1.102605581283569336e+00
1.102313518524169922e+00
1.102553486824035645e+00
1.104650259017944336e+00
1.103151917457580566e+00
1.103461384773254395e+00
1.103098273277282715e+00
1.102783322334289551e+00
1.102100610733032227e+00
1.101899862289428711e+00
1.102107167243957520e+00
1.101648092269897461e+00
1.101518034934997559e+00
1.101384401321411133e+00
1.101207852363586426e+00
1.100938439369201660e+00
1.100832939147949219e+00
1.100974917411804199e+00
1.100798130035400391e+00
1.100775480270385742e+00
1.100791215896606445e+00
1.100611925125122070e+00
1.100541114807128906e+00
1.100582242012023926e+00
1.100537300109863281e+00
1.100504279136657715e+00
1.100478529930114746e+00
1.100375175476074219e+00
1.100276947021484375e+00
1.100266695022583008e+00
1.100236654281616211e+00
1.100239396095275879e+00
1.100244283676147461e+00
1.100178480148315430e+00
1.100103139877319336e+00
1.100054860115051270e+00
1.100011229515075684e+00
1.100013971328735352e+00
1.100027561187744141e+00
1.099987268447875977e+00
1.099925041198730469e+00
1.099825382232666016e+00
1.099740982055664062e+00
1.099711775779724121e+00
1.099687218666076660e+00
1.099663734436035156e+00
1.099602699279785156e+00
1.099514842033386230e+00
1.099460959434509277e+00
1.099432706832885742e+00
1.099448084831237793e+00
1.099443793296813965e+00
1.099403738975524902e+00
1.099389672279357910e+00
1.099183320999145508e+00
1.111237525939941406e+00
1.121876358985900879e+00
1.102041244506835938e+00
1.124634265899658203e+00
1.129662394523620605e+00
1.141962647438049316e+00
1.126474857330322266e+00
1.121685028076171875e+00
1.118162989616394043e+00
1.123249173164367676e+00
1.123394012451171875e+00
1.116170287132263184e+00
1.114022731781005859e+00
1.113218784332275391e+00
1.110559344291687012e+00
1.106710553169250488e+00
1.104087948799133301e+00
1.103587627410888672e+00
1.102460026741027832e+00
1.100493311882019043e+00
1.099714040756225586e+00
1.099871039390563965e+00
1.100022673606872559e+00
1.100118637084960938e+00
1.100578784942626953e+00
1.101366043090820312e+00
1.101906061172485352e+00
1.102171540260314941e+00
1.102539777755737305e+00
1.102962017059326172e+00
1.103234887123107910e+00
1.103392243385314941e+00
1.103534936904907227e+00
1.103618025779724121e+00
1.103563904762268066e+00
1.103440642356872559e+00
1.103328347206115723e+00
1.103186845779418945e+00
1.102985143661499023e+00
1.102759718894958496e+00
1.102544069290161133e+00
1.102332472801208496e+00
1.102129340171813965e+00
1.101948618888854980e+00
1.101782560348510742e+00
1.101655244827270508e+00
1.101585507392883301e+00
1.101539969444274902e+00
1.101502776145935059e+00
1.101467013359069824e+00
1.101419806480407715e+00
1.101388216018676758e+00
1.101387143135070801e+00
1.101405501365661621e+00
1.101410627365112305e+00
1.101378321647644043e+00
1.101351261138916016e+00
1.101325988769531250e+00
1.101266860961914062e+00
1.101200342178344727e+00
1.101127624511718750e+00
1.101073145866394043e+00
1.101028084754943848e+00
1.100952863693237305e+00
1.100877165794372559e+00
1.100823402404785156e+00
1.100787639617919922e+00
1.100743412971496582e+00
1.100672721862792969e+00
1.100583672523498535e+00
1.100526809692382812e+00
1.100533723831176758e+00
1.100548386573791504e+00
1.100525379180908203e+00
1.100469112396240234e+00
1.100388407707214355e+00
1.100315451622009277e+00
1.100291728973388672e+00
1.100305795669555664e+00
1.100307941436767578e+00
1.100277066230773926e+00
1.100219368934631348e+00
1.100164532661437988e+00
1.100152134895324707e+00
1.100152015686035156e+00
1.100124239921569824e+00
1.100074291229248047e+00
1.100046515464782715e+00
1.100049734115600586e+00
1.100039720535278320e+00
1.100001573562622070e+00
1.099961876869201660e+00
1.099940180778503418e+00
1.099931836128234863e+00
1.099911689758300781e+00
1.099864244461059570e+00
1.099798202514648438e+00
1.099760174751281738e+00
1.099778294563293457e+00
1.099800229072570801e+00
1.099784255027770996e+00
1.099734544754028320e+00
1.099660754203796387e+00
1.099593043327331543e+00
1.099569320678710938e+00
1.099559903144836426e+00
1.099526762962341309e+00
1.099474668502807617e+00
1.099446415901184082e+00
1.099453687667846680e+00
1.099452733993530273e+00
1.099424004554748535e+00
1.099373102188110352e+00
1.099342107772827148e+00
1.099343299865722656e+00
1.099334001541137695e+00
1.099296212196350098e+00
1.099236369132995605e+00
1.099197030067443848e+00
1.099190354347229004e+00
1.099174499511718750e+00
1.099131584167480469e+00
1.099067687988281250e+00
1.099024653434753418e+00
1.098996281623840332e+00
1.098967194557189941e+00
1.098934769630432129e+00
1.098881840705871582e+00
1.098848819732666016e+00
1.098862171173095703e+00
1.098873496055603027e+00
1.098843216896057129e+00
1.098774552345275879e+00
1.098675251007080078e+00
1.098555922508239746e+00
1.098444938659667969e+00
1.098374009132385254e+00
1.098338127136230469e+00
1.098258137702941895e+00
1.098021149635314941e+00
1.097604870796203613e+00
1.096922039985656738e+00
1.100416421890258789e+00
1.117101430892944336e+00
1.114730834960937500e+00
1.103742241859436035e+00
1.106441378593444824e+00
1.111180543899536133e+00
1.101274132728576660e+00
1.101487874984741211e+00
1.103249907493591309e+00
1.100623607635498047e+00
1.098106026649475098e+00
1.100195288658142090e+00
1.100180387496948242e+00
1.098274946212768555e+00
1.098948955535888672e+00
1.099708318710327148e+00
1.099388360977172852e+00
1.099567055702209473e+00
1.100391030311584473e+00
1.100233316421508789e+00
1.099719882011413574e+00
1.099696040153503418e+00
1.099580764770507812e+00
1.099271297454833984e+00
1.099241971969604492e+00
1.099308371543884277e+00
1.099144697189331055e+00
1.099025011062622070e+00
1.099009752273559570e+00
1.098928570747375488e+00
1.098859548568725586e+00
1.098838925361633301e+00
1.098750948905944824e+00
1.098608493804931641e+00
1.098467826843261719e+00
1.098313689231872559e+00
1.098149538040161133e+00
1.098026275634765625e+00
1.097945213317871094e+00
1.097861051559448242e+00
1.097764611244201660e+00
1.097664117813110352e+00
1.097558259963989258e+00
1.097472786903381348e+00
1.097410798072814941e+00
1.097337007522583008e+00
1.097260951995849609e+00
1.097186803817749023e+00
1.097108840942382812e+00
1.097108960151672363e+00
1.097030520439147949e+00
1.096866965293884277e+00
1.096749544143676758e+00
1.096691608428955078e+00
1.096695542335510254e+00
1.096615552902221680e+00
1.096518874168395996e+00
1.096503019332885742e+00
1.096512198448181152e+00
1.096466898918151855e+00
1.096414327621459961e+00
1.096383213996887207e+00
1.096328377723693848e+00
1.096255302429199219e+00
1.096209883689880371e+00
1.096138715744018555e+00
1.096058487892150879e+00
1.096008896827697754e+00
1.095929503440856934e+00
1.095881819725036621e+00
1.095895051956176758e+00
1.095872759819030762e+00
1.095816016197204590e+00
1.095772266387939453e+00
1.095692515373229980e+00
1.095629811286926270e+00
1.095613360404968262e+00
1.095558524131774902e+00
1.095504641532897949e+00
1.095500946044921875e+00
1.095443129539489746e+00
1.095361948013305664e+00
1.095315456390380859e+00
1.095296263694763184e+00
1.095201373100280762e+00
1.095152497291564941e+00
1.095142483711242676e+00
1.095180630683898926e+00
1.095035076141357422e+00
1.094909787178039551e+00
1.094882726669311523e+00
1.094940900802612305e+00
1.094835281372070312e+00
1.094701170921325684e+00
1.094671130180358887e+00
1.094735026359558105e+00
1.094644784927368164e+00
1.094529151916503906e+00
1.094493985176086426e+00
1.094536185264587402e+00
1.094509005546569824e+00
1.094400882720947266e+00
1.094337224960327148e+00
1.094317317008972168e+00
1.094244480133056641e+00
1.094170451164245605e+00
1.094177126884460449e+00
1.094200491905212402e+00
1.094065904617309570e+00
1.093978524208068848e+00
1.093981742858886719e+00
1.094056844711303711e+00
1.093861103057861328e+00
1.093773245811462402e+00
1.093742251396179199e+00
1.093856334686279297e+00
1.093709349632263184e+00
1.093580842018127441e+00
1.093544363975524902e+00
1.093590021133422852e+00
1.093490123748779297e+00
1.093443751335144043e+00
1.093458414077758789e+00
1.093441843986511230e+00
1.093343615531921387e+00
1.093307852745056152e+00
1.093298316001892090e+00
1.093237876892089844e+00
1.093162894248962402e+00
1.093125700950622559e+00
1.093116283416748047e+00
1.093016505241394043e+00
1.092955470085144043e+00
1.093006014823913574e+00
1.092959642410278320e+00
1.092882275581359863e+00
1.092870235443115234e+00
1.092914819717407227e+00
1.092760205268859863e+00
1.092709064483642578e+00
1.092751026153564453e+00
1.092662692070007324e+00
1.092529892921447754e+00
1.092511653900146484e+00
1.092622518539428711e+00
1.092527270317077637e+00
1.092463612556457520e+00
1.092468976974487305e+00
1.092421174049377441e+00
1.092341899871826172e+00
1.092294454574584961e+00
1.092302083969116211e+00
1.092200994491577148e+00
1.092197775840759277e+00
1.092242836952209473e+00
1.092205166816711426e+00
1.092134952545166016e+00
1.092075824737548828e+00
1.092049241065979004e+00
1.092019200325012207e+00
1.091931939125061035e+00
1.091888427734375000e+00
1.091982364654541016e+00
1.091783881187438965e+00
1.091791033744812012e+00
1.091929912567138672e+00
1.091844677925109863e+00
1.091794371604919434e+00
1.091821312904357910e+00
1.091795086860656738e+00
1.091693162918090820e+00
1.091685295104980469e+00
1.091639161109924316e+00
1.091576814651489258e+00
1.091566801071166992e+00
1.091620206832885742e+00
1.091512918472290039e+00
1.091494917869567871e+00
1.091472268104553223e+00
1.091441512107849121e+00
1.091484427452087402e+00
1.091433048248291016e+00
1.091422796249389648e+00
1.091436982154846191e+00
1.091408252716064453e+00
1.091422438621520996e+00
1.091419100761413574e+00
1.091345906257629395e+00
1.091320157051086426e+00
1.091219902038574219e+00
1.091172099113464355e+00
1.091177582740783691e+00
1.091148972511291504e+00
1.091155767440795898e+00
1.091146945953369141e+00
1.091080665588378906e+00
1.091079473495483398e+00
1.090999603271484375e+00
1.090981721878051758e+00
1.091002941131591797e+00
1.090971827507019043e+00
1.090970277786254883e+00
1.090946316719055176e+00
1.090874314308166504e+00
1.090874552726745605e+00
1.090773820877075195e+00
1.090738415718078613e+00
1.090751051902770996e+00
1.090722203254699707e+00
1.090744614601135254e+00
1.090756297111511230e+00
1.090712428092956543e+00
1.090703606605529785e+00
1.090723872184753418e+00
1.090685486793518066e+00
1.090669989585876465e+00
1.090663790702819824e+00
1.090622305870056152e+00
1.090631365776062012e+00
1.090610504150390625e+00
1.090557932853698730e+00
1.090537309646606445e+00
1.090529918670654297e+00
1.090493202209472656e+00
1.090496420860290527e+00
1.090494036674499512e+00
1.090459585189819336e+00
1.090460777282714844e+00
1.090405941009521484e+00
1.090339660644531250e+00
1.090381264686584473e+00
1.090280532836914062e+00
1.090294241905212402e+00
1.090297460556030273e+00
1.090254783630371094e+00
1.090243697166442871e+00
1.090312480926513672e+00
1.090201973915100098e+00
1.090177297592163086e+00
1.090168714523315430e+00
1.090167403221130371e+00
1.090162158012390137e+00
1.090144038200378418e+00
1.090131521224975586e+00
1.090108513832092285e+00
1.090083003044128418e+00
1.090049743652343750e+00
1.090027809143066406e+00
1.090008735656738281e+00
1.089991450309753418e+00
1.090032577514648438e+00
1.089977264404296875e+00
1.089955568313598633e+00
1.089959144592285156e+00
1.089900255203247070e+00
1.089879393577575684e+00
1.089877009391784668e+00
1.089907765388488770e+00
1.089842438697814941e+00
1.089816331863403320e+00
1.089800119400024414e+00
1.089739441871643066e+00
1.089708685874938965e+00
1.089692115783691406e+00
1.089727640151977539e+00
1.089686512947082520e+00
1.089671611785888672e+00
1.089666485786437988e+00
1.089634418487548828e+00
1.089662313461303711e+00
1.089603066444396973e+00
1.089584112167358398e+00
1.089601039886474609e+00
1.089583754539489746e+00
1.089632272720336914e+00
1.089598536491394043e+00
1.089564681053161621e+00
1.089548826217651367e+00
1.089468002319335938e+00
1.089430093765258789e+00
1.089325666427612305e+00
1.089249134063720703e+00
1.089214324951171875e+00
1.089148044586181641e+00
1.089150309562683105e+00
1.089093446731567383e+00
1.089103817939758301e+00
1.089159011840820312e+00
1.089165091514587402e+00
1.089222550392150879e+00
1.089175343513488770e+00
1.089175105094909668e+00
1.089209556579589844e+00
1.089206099510192871e+00
1.089219570159912109e+00
1.089226484298706055e+00
1.089214801788330078e+00
1.089239120483398438e+00
1.089164614677429199e+00
1.089159965515136719e+00
1.089118480682373047e+00
1.089141130447387695e+00
1.089161276817321777e+00
1.089096069335937500e+00
1.089075446128845215e+00
1.089061260223388672e+00
1.088944554328918457e+00
1.088911414146423340e+00
1.088890433311462402e+00
1.088901638984680176e+00
1.088921070098876953e+00
1.088925480842590332e+00
1.088888525962829590e+00
1.088876128196716309e+00
1.088813662528991699e+00
1.088797926902770996e+00
1.088816761970520020e+00
1.088793039321899414e+00
1.088784456253051758e+00
1.088828682899475098e+00
1.088806748390197754e+00
1.088806867599487305e+00
1.088814496994018555e+00
1.088769435882568359e+00
1.088756799697875977e+00
1.088686227798461914e+00
1.088646411895751953e+00
1.088621020317077637e+00
1.088621020317077637e+00
1.088628888130187988e+00
1.088635921478271484e+00
1.088602781295776367e+00
1.088571548461914062e+00
1.088546514511108398e+00
1.088487386703491211e+00
1.088425993919372559e+00
1.088403940200805664e+00
1.088327407836914062e+00
1.088291883468627930e+00
1.088291883468627930e+00
1.088289380073547363e+00
1.088296175003051758e+00
1.088314414024353027e+00
1.088294625282287598e+00
1.088292002677917480e+00
1.088300108909606934e+00
1.088289260864257812e+00
1.088269948959350586e+00
1.088289022445678711e+00
1.136164069175720215e+00
1.087129831314086914e+00
1.234021186828613281e+00
1.121025204658508301e+00
1.139634013175964355e+00
1.155920028686523438e+00
1.139844417572021484e+00
1.137555360794067383e+00
1.130916953086853027e+00
1.123548984527587891e+00
1.124679923057556152e+00
1.117419958114624023e+00
1.121853113174438477e+00
1.117372393608093262e+00
1.118421077728271484e+00
1.119359493255615234e+00
1.118529319763183594e+00
1.120878815650939941e+00
1.120193958282470703e+00
1.120678663253784180e+00
1.121487259864807129e+00
1.121522188186645508e+00
1.122644305229187012e+00
1.122672796249389648e+00
1.122963428497314453e+00
1.123347997665405273e+00
1.123472809791564941e+00
1.123857617378234863e+00
1.123765945434570312e+00
1.123753786087036133e+00
1.123759746551513672e+00
1.123715281486511230e+00
1.123783826828002930e+00
1.123689174652099609e+00
1.123654484748840332e+00
1.123649716377258301e+00
1.123657464981079102e+00
1.123697400093078613e+00
1.123674631118774414e+00
1.123683094978332520e+00
1.123699545860290527e+00
1.123729705810546875e+00
1.123762249946594238e+00
1.123769640922546387e+00
1.123796343803405762e+00
1.123848795890808105e+00
1.123920917510986328e+00
1.123972415924072266e+00
1.123996496200561523e+00
1.124011278152465820e+00
1.124016165733337402e+00
1.124012827873229980e+00
1.123994350433349609e+00
1.123983502388000488e+00
1.123985648155212402e+00
1.123987555503845215e+00
1.123985528945922852e+00
1.123976826667785645e+00
1.123968005180358887e+00
1.123963356018066406e+00
1.123963117599487305e+00
1.123977661132812500e+00
1.124000430107116699e+00
1.124016761779785156e+00
1.124023795127868652e+00
1.124017953872680664e+00
1.124003529548645020e+00
1.123983979225158691e+00
1.123963475227355957e+00
1.123943567276000977e+00
1.123924374580383301e+00
1.123906850814819336e+00
1.123899817466735840e+00
1.123902082443237305e+00
1.123909711837768555e+00
1.123932719230651855e+00
1.123965382575988770e+00
1.123992085456848145e+00
1.124010205268859863e+00
1.124020218849182129e+00
1.124024152755737305e+00
1.124024868011474609e+00
1.124025106430053711e+00
1.124026775360107422e+00
1.124030709266662598e+00
