3.185190677642822266e+00
3.034717559814453125e+00
2.895022392272949219e+00
2.765615940093994141e+00
2.647946357727050781e+00
2.542220115661621094e+00
2.448190450668334961e+00
2.365315198898315430e+00
2.292799949645996094e+00
2.229735374450683594e+00
2.175196170806884766e+00
2.128338098526000977e+00
2.088360309600830078e+00
2.054550647735595703e+00
2.026390075683593750e+00
2.003221750259399414e+00
1.984367966651916504e+00
1.969144463539123535e+00
1.956873655319213867e+00
1.946985721588134766e+00
1.938977122306823730e+00
1.932434320449829102e+00
1.927058935165405273e+00
1.922541499137878418e+00
1.918782711029052734e+00
1.915727376937866211e+00
1.913331866264343262e+00
1.911548137664794922e+00
1.910274505615234375e+00
1.909397125244140625e+00
1.908824443817138672e+00
1.908573269844055176e+00
1.908686041831970215e+00
1.909105896949768066e+00
1.909674525260925293e+00
1.910120487213134766e+00
1.909747958183288574e+00
1.909380316734313965e+00
1.908856749534606934e+00
1.904868483543395996e+00
1.896075248718261719e+00
1.887830257415771484e+00
1.882308483123779297e+00
1.880344152450561523e+00
1.881023883819580078e+00
1.883301377296447754e+00
1.886014580726623535e+00
1.888727784156799316e+00
1.890677928924560547e+00
1.891268372535705566e+00
1.890537261962890625e+00
1.888366937637329102e+00
1.882192492485046387e+00
1.874951124191284180e+00
1.872530341148376465e+00
1.874066829681396484e+00
1.876289367675781250e+00
1.877032041549682617e+00
1.876532793045043945e+00
1.875949144363403320e+00
1.876186966896057129e+00
1.877284407615661621e+00
1.881675362586975098e+00
1.891943335533142090e+00
1.902644276618957520e+00
1.909750580787658691e+00
1.911203980445861816e+00
1.908138632774353027e+00
1.904433488845825195e+00
1.901357889175415039e+00
1.899307250976562500e+00
1.897873044013977051e+00
1.895941495895385742e+00
1.894750952720642090e+00
1.868215084075927734e+00
1.860111713409423828e+00
1.858847737312316895e+00
1.858658075332641602e+00
1.859158873558044434e+00
1.860589742660522461e+00
1.862929582595825195e+00
1.866061687469482422e+00
1.869456171989440918e+00
1.872348666191101074e+00
1.874574303627014160e+00
1.875570297241210938e+00
1.875277519226074219e+00
1.874220728874206543e+00
1.873134851455688477e+00
1.872850775718688965e+00
1.873328208923339844e+00
1.874212980270385742e+00
1.875400662422180176e+00
1.876508474349975586e+00
1.877363920211791992e+00
1.878099918365478516e+00
1.878900885581970215e+00
1.879859209060668945e+00
1.880770921707153320e+00
1.881125211715698242e+00
1.881274819374084473e+00
1.881747722625732422e+00
1.882377982139587402e+00
1.882891654968261719e+00
1.883195996284484863e+00
1.883603334426879883e+00
1.884323596954345703e+00
1.885201334953308105e+00
1.885629892349243164e+00
1.885248303413391113e+00
1.884853601455688477e+00
1.884928107261657715e+00
1.885203838348388672e+00
1.885446548461914062e+00
1.885744810104370117e+00
1.886036276817321777e+00
1.886199474334716797e+00
1.886224269866943359e+00
1.886568784713745117e+00
1.886966824531555176e+00
1.887057542800903320e+00
1.887142181396484375e+00
1.887256741523742676e+00
1.887568354606628418e+00
1.887778639793395996e+00
1.887765526771545410e+00
1.887803912162780762e+00
1.887841343879699707e+00
1.887904763221740723e+00
1.888062477111816406e+00
1.888087630271911621e+00
1.888165950775146484e+00
1.888607382774353027e+00
1.888998031616210938e+00
1.889001846313476562e+00
1.889182686805725098e+00
1.889666080474853516e+00
1.889923930168151855e+00
1.889771699905395508e+00
1.889721035957336426e+00
1.890165448188781738e+00
1.890677690505981445e+00
1.890725493431091309e+00
1.890475749969482422e+00
1.890526056289672852e+00
1.890956401824951172e+00
1.891278624534606934e+00
1.891243934631347656e+00
1.891183614730834961e+00
1.891395926475524902e+00
1.891625523567199707e+00
1.891790270805358887e+00
1.892060279846191406e+00
1.892171859741210938e+00
1.891993999481201172e+00
1.892054080963134766e+00
1.892271041870117188e+00
1.892241239547729492e+00
1.892227649688720703e+00
1.892396330833435059e+00
1.892504453659057617e+00
1.892372727394104004e+00
1.892306089401245117e+00
1.892542004585266113e+00
1.892814040184020996e+00
1.892815232276916504e+00
1.892985582351684570e+00
1.893239498138427734e+00
1.893123626708984375e+00
1.892817139625549316e+00
1.892697334289550781e+00
1.892862319946289062e+00
1.893099069595336914e+00
1.893178582191467285e+00
1.893277764320373535e+00
1.893368601799011230e+00
1.893446326255798340e+00
1.893485546112060547e+00
1.893435239791870117e+00
1.893508315086364746e+00
1.893596649169921875e+00
1.893687367439270020e+00
1.893730878829956055e+00
1.893569469451904297e+00
1.893478512763977051e+00
1.893457174301147461e+00
1.893509149551391602e+00
1.893583416938781738e+00
1.893499255180358887e+00
1.893467903137207031e+00
1.893482327461242676e+00
1.893426060676574707e+00
1.893471598625183105e+00
1.893717765808105469e+00
1.893884778022766113e+00
1.893715262413024902e+00
1.893377780914306641e+00
1.893088936805725098e+00
1.893050551414489746e+00
1.893283843994140625e+00
1.893661737442016602e+00
1.893649578094482422e+00
1.893393993377685547e+00
1.893143415451049805e+00
1.893180370330810547e+00
1.893454909324645996e+00
1.893517732620239258e+00
1.893269896507263184e+00
1.892910242080688477e+00
1.892717599868774414e+00
1.892826318740844727e+00
1.892622113227844238e+00
1.892775654792785645e+00
1.893053412437438965e+00
1.893310427665710449e+00
1.893454551696777344e+00
1.893506050109863281e+00
1.893619060516357422e+00
1.893815994262695312e+00
1.893909215927124023e+00
1.893838047981262207e+00
1.893741369247436523e+00
1.893746495246887207e+00
1.893898129463195801e+00
1.894165515899658203e+00
1.894361853599548340e+00
1.894382238388061523e+00
1.894288301467895508e+00
1.894211769104003906e+00
1.894253015518188477e+00
1.894383788108825684e+00
1.894436120986938477e+00
1.894357204437255859e+00
1.894226431846618652e+00
1.894151329994201660e+00
1.894255518913269043e+00
1.894619464874267578e+00
1.894595503807067871e+00
1.894041061401367188e+00
1.893399357795715332e+00
1.893053531646728516e+00
1.893062472343444824e+00
1.893313169479370117e+00
1.893719673156738281e+00
1.894183993339538574e+00
1.894549131393432617e+00
1.894727945327758789e+00
1.894833803176879883e+00
1.894845843315124512e+00
1.894628643989562988e+00
1.894330739974975586e+00
1.894132733345031738e+00
1.894089818000793457e+00
1.894190549850463867e+00
1.894239664077758789e+00
1.894119381904602051e+00
1.893917202949523926e+00
1.893780946731567383e+00
1.893774390220642090e+00
1.893884778022766113e+00
1.894081711769104004e+00
1.894322276115417480e+00
1.894539713859558105e+00
1.894745826721191406e+00
1.894861817359924316e+00
1.894590616226196289e+00
1.894118666648864746e+00
1.893778204917907715e+00
1.893678545951843262e+00
1.893754601478576660e+00
1.893960475921630859e+00
1.894259572029113770e+00
1.894545435905456543e+00
1.894696235656738281e+00
1.894770264625549316e+00
1.894722461700439453e+00
1.894365668296813965e+00
1.893924117088317871e+00
1.893649816513061523e+00
1.893586635589599609e+00
1.893675684928894043e+00
1.893882274627685547e+00
1.894149422645568848e+00
1.894363284111022949e+00
1.894439697265625000e+00
1.894402384757995605e+00
1.894406199455261230e+00
1.894459009170532227e+00
1.894173622131347656e+00
1.893664240837097168e+00
1.893288254737854004e+00
1.893171072006225586e+00
1.893234133720397949e+00
1.893429279327392578e+00
1.893722057342529297e+00
1.893988966941833496e+00
1.894102215766906738e+00
1.894064903259277344e+00
1.893984079360961914e+00
1.893942594528198242e+00
1.893938302993774414e+00
1.893844962120056152e+00
1.893649816513061523e+00
1.893464326858520508e+00
1.893375873565673828e+00
1.893391966819763184e+00
1.893488764762878418e+00
1.893631219863891602e+00
1.893762707710266113e+00
1.893830418586730957e+00
1.893829941749572754e+00
1.893799781799316406e+00
1.893795728683471680e+00
1.893802881240844727e+00
1.893637299537658691e+00
1.893346428871154785e+00
1.893115162849426270e+00
1.893025517463684082e+00
1.893054723739624023e+00
1.893173456192016602e+00
1.893333911895751953e+00
1.893450260162353516e+00
1.893470525741577148e+00
1.893425822257995605e+00
1.893381476402282715e+00
1.893381714820861816e+00
1.893421292304992676e+00
1.893271565437316895e+00
1.892964482307434082e+00
1.892724156379699707e+00
1.892656564712524414e+00
1.892720699310302734e+00
1.892862796783447266e+00
1.893016695976257324e+00
1.893093466758728027e+00
1.893075704574584961e+00
1.893023014068603516e+00
1.892993927001953125e+00
1.893017888069152832e+00
1.893092393875122070e+00
1.892908096313476562e+00
1.892541170120239258e+00
1.892292618751525879e+00
1.892226338386535645e+00
1.892276287078857422e+00
1.892425894737243652e+00
1.892597556114196777e+00
1.892657041549682617e+00
1.892595410346984863e+00
1.892517089843750000e+00
1.892488479614257812e+00
1.892525196075439453e+00
1.892645597457885742e+00
1.892447233200073242e+00
1.892041563987731934e+00
1.891806006431579590e+00
1.891764402389526367e+00
1.891830801963806152e+00
1.892008781433105469e+00
1.892180919647216797e+00
1.892194271087646484e+00
1.892101645469665527e+00
1.892037510871887207e+00
1.892035722732543945e+00
1.892124414443969727e+00
1.891934990882873535e+00
1.891566991806030273e+00
1.891368508338928223e+00
1.891339302062988281e+00
1.891410946846008301e+00
1.891580581665039062e+00
1.891704320907592773e+00
1.891672015190124512e+00
1.891585111618041992e+00
1.891549587249755859e+00
1.891568064689636230e+00
1.891680955886840820e+00
1.891843199729919434e+00
1.891441464424133301e+00
1.890971660614013672e+00
1.890843272209167480e+00
1.890832066535949707e+00
1.890954852104187012e+00
1.891177773475646973e+00
1.891197323799133301e+00
1.891048789024353027e+00
1.890967607498168945e+00
1.890968680381774902e+00
1.891072511672973633e+00
1.891304016113281250e+00
1.890871047973632812e+00
1.890382885932922363e+00
1.890289425849914551e+00
1.890271663665771484e+00
1.890421032905578613e+00
1.890662074089050293e+00
1.890626788139343262e+00
1.890469193458557129e+00
1.890434980392456055e+00
1.890501499176025391e+00
1.890913963317871094e+00
1.890305399894714355e+00
1.889692068099975586e+00
1.889673948287963867e+00
1.889634966850280762e+00
1.889888405799865723e+00
1.890184521675109863e+00
1.890032649040222168e+00
1.889874458312988281e+00
1.889870524406433105e+00
1.889894604682922363e+00
1.890016913414001465e+00
1.890048146247863770e+00
1.890015244483947754e+00
1.889807224273681641e+00
1.889365911483764648e+00
1.889200329780578613e+00
1.889161348342895508e+00
1.889254093170166016e+00
1.889396905899047852e+00
1.889336228370666504e+00
1.889241576194763184e+00
1.889229774475097656e+00
1.889261245727539062e+00
1.889329791069030762e+00
1.889622330665588379e+00
1.889603137969970703e+00
1.888633608818054199e+00
1.888524770736694336e+00
1.888437747955322266e+00
1.888590812683105469e+00
1.888968944549560547e+00
1.888788342475891113e+00
1.888690114021301270e+00
1.888746142387390137e+00
1.888811945915222168e+00
1.888986229896545410e+00
1.888934373855590820e+00
1.888786911964416504e+00
1.889098048210144043e+00
1.889927506446838379e+00
1.888166546821594238e+00
1.887856841087341309e+00
1.887906432151794434e+00
1.887815117835998535e+00
1.888576626777648926e+00
1.888592004776000977e+00
1.888197541236877441e+00
1.888216018676757812e+00
1.888222575187683105e+00
1.888374567031860352e+00
1.888625860214233398e+00
1.888528466224670410e+00
1.888334274291992188e+00
1.888312220573425293e+00
1.888381958007812500e+00
1.888537883758544922e+00
1.888734817504882812e+00
1.888813614845275879e+00
1.888801097869873047e+00
1.889333248138427734e+00
1.890751481056213379e+00
1.889566421508789062e+00
1.887159824371337891e+00
1.887872219085693359e+00
1.887587666511535645e+00
1.887547254562377930e+00
1.888767004013061523e+00
1.888933181762695312e+00
1.888055443763732910e+00
1.888327956199645996e+00
1.888475060462951660e+00
1.888642072677612305e+00
1.889192819595336914e+00
1.889012932777404785e+00
1.888639450073242188e+00
1.888590335845947266e+00
1.888558387756347656e+00
1.888659119606018066e+00
1.888784050941467285e+00
1.888698339462280273e+00
1.888487577438354492e+00
1.888358116149902344e+00
1.888334393501281738e+00
1.888370871543884277e+00
1.888447999954223633e+00
1.888525962829589844e+00
1.888543248176574707e+00
1.888513088226318359e+00
1.888474106788635254e+00
1.888434886932373047e+00
1.888417840003967285e+00
1.888412117958068848e+00
1.888374090194702148e+00
1.888293147087097168e+00
1.888201475143432617e+00
1.888146758079528809e+00
1.888140678405761719e+00
1.888172268867492676e+00
1.888211607933044434e+00
1.888234019279479980e+00
1.888247966766357422e+00
1.888260483741760254e+00
1.888270735740661621e+00
1.888441681861877441e+00
1.888875484466552734e+00
1.888484716415405273e+00
1.887329339981079102e+00
1.887394905090332031e+00
1.887448310852050781e+00
1.887654781341552734e+00
1.888179063796997070e+00
1.888395786285400391e+00
1.888254761695861816e+00
1.888128042221069336e+00
1.888104200363159180e+00
1.888102769851684570e+00
1.888185858726501465e+00
1.888309121131896973e+00
1.888265609741210938e+00
1.888115882873535156e+00
1.888018369674682617e+00
1.888001084327697754e+00
1.888029694557189941e+00
1.888106465339660645e+00
1.888154625892639160e+00
1.888107657432556152e+00
1.888042211532592773e+00
1.888009905815124512e+00
1.887995839118957520e+00
1.887997269630432129e+00
1.887997269630432129e+00
1.887962579727172852e+00
1.887903809547424316e+00
1.887858152389526367e+00
1.887826800346374512e+00
1.887811422348022461e+00
1.887809753417968750e+00
1.887806296348571777e+00
1.887805104255676270e+00
1.887800455093383789e+00
1.887779951095581055e+00
1.887759208679199219e+00
1.887961983680725098e+00
1.888599634170532227e+00
1.890057563781738281e+00
1.888953089714050293e+00
1.892879962921142578e+00
1.891575098037719727e+00
1.893771290779113770e+00
1.893985271453857422e+00
1.892024278640747070e+00
1.892268896102905273e+00
1.891923308372497559e+00
1.891587495803833008e+00
1.891855239868164062e+00
1.891017436981201172e+00
1.889934420585632324e+00
1.889523863792419434e+00
1.889135599136352539e+00
1.889892578125000000e+00
1.889166712760925293e+00
1.888047337532043457e+00
1.888111829757690430e+00
1.888017773628234863e+00
1.888237118721008301e+00
1.888783454895019531e+00
1.888634681701660156e+00
1.888300061225891113e+00
1.888227343559265137e+00
1.888127326965332031e+00
1.888128161430358887e+00
1.888156175613403320e+00
1.887925982475280762e+00
1.887651085853576660e+00
1.887571811676025391e+00
1.887833952903747559e+00
1.887141346931457520e+00
1.886626005172729492e+00
1.886734485626220703e+00
1.886819362640380859e+00
1.887243509292602539e+00
1.887640714645385742e+00
1.887590050697326660e+00
1.887561559677124023e+00
1.887644648551940918e+00
1.887722373008728027e+00
1.887861132621765137e+00
1.887876629829406738e+00
1.887711048126220703e+00
1.887571454048156738e+00
1.887513399124145508e+00
1.887518882751464844e+00
1.887566685676574707e+00
1.887561440467834473e+00
1.887501239776611328e+00
1.887465953826904297e+00
1.887475967407226562e+00
1.887518405914306641e+00
1.887558579444885254e+00
1.887554526329040527e+00
1.887518048286437988e+00
1.887487888336181641e+00
1.887476921081542969e+00
1.887478232383728027e+00
1.887471437454223633e+00
1.887443304061889648e+00
1.887407660484313965e+00
1.887384057044982910e+00
1.887377262115478516e+00
1.887379169464111328e+00
1.887376427650451660e+00
1.887364745140075684e+00
1.887352585792541504e+00
1.887347459793090820e+00
1.887349367141723633e+00
1.887350440025329590e+00
1.887345194816589355e+00
1.887334108352661133e+00
1.887323141098022461e+00
1.887316107749938965e+00
1.887311220169067383e+00
1.887305259704589844e+00
1.887295842170715332e+00
1.887285351753234863e+00
1.887276530265808105e+00
1.887270212173461914e+00
1.887264370918273926e+00
1.887257099151611328e+00
1.887247800827026367e+00
1.887238144874572754e+00
1.887229323387145996e+00
1.887220978736877441e+00
1.887212514877319336e+00
1.887202501296997070e+00
1.887191891670227051e+00
1.887181997299194336e+00
1.887172937393188477e+00
1.887164115905761719e+00
1.887155175209045410e+00
1.887145996093750000e+00
1.887136936187744141e+00
1.887132525444030762e+00
1.887130856513977051e+00
1.887127280235290527e+00
1.887121558189392090e+00
1.887114167213439941e+00
1.887105822563171387e+00
1.887096405029296875e+00
1.887086272239685059e+00
1.887075662612915039e+00
1.887065172195434570e+00
1.887055158615112305e+00
1.887045621871948242e+00
1.887036323547363281e+00
1.887027382850646973e+00
1.887018680572509766e+00
1.887010335922241211e+00
1.887002110481262207e+00
1.886994242668151855e+00
1.886986255645751953e+00
1.886978387832641602e+00
1.886970758438110352e+00
1.886963605880737305e+00
1.886956572532653809e+00
1.886949896812438965e+00
1.886943340301513672e+00
1.886936783790588379e+00
1.886930465698242188e+00
1.886923909187316895e+00
1.886917114257812500e+00
1.886909723281860352e+00
1.886900901794433594e+00
1.886890411376953125e+00
1.886876821517944336e+00
1.886858224868774414e+00
1.886832356452941895e+00
1.886796712875366211e+00
1.886753559112548828e+00
1.886707782745361328e+00
1.886667132377624512e+00
1.886634588241577148e+00
1.886608242988586426e+00
1.886583685874938965e+00
1.886560678482055664e+00
1.886534094810485840e+00
1.886500597000122070e+00
1.886471271514892578e+00
1.886454105377197266e+00
1.886439323425292969e+00
1.886412024497985840e+00
1.886383175849914551e+00
1.886372923851013184e+00
1.886384129524230957e+00
1.886394977569580078e+00
1.886392116546630859e+00
1.886393547058105469e+00
1.886409878730773926e+00
1.886438965797424316e+00
1.886457920074462891e+00
1.886445283889770508e+00
1.886420726776123047e+00
1.886404514312744141e+00
1.886401534080505371e+00
1.886409878730773926e+00
1.886422276496887207e+00
1.886429667472839355e+00
1.886430382728576660e+00
1.886431574821472168e+00
1.886439085006713867e+00
1.886446356773376465e+00
1.886441349983215332e+00
1.886426568031311035e+00
1.886411666870117188e+00
1.886402487754821777e+00
1.886397957801818848e+00
1.886391997337341309e+00
1.886380791664123535e+00
1.886367917060852051e+00
1.886852860450744629e+00
1.887776136398315430e+00
1.886152505874633789e+00
1.885560631752014160e+00
1.885912060737609863e+00
1.885511279106140137e+00
1.886277794837951660e+00
1.886537790298461914e+00
1.886106014251708984e+00
1.886132955551147461e+00
1.886179804801940918e+00
1.886210322380065918e+00
1.886479258537292480e+00
1.886472940444946289e+00
1.886214137077331543e+00
1.886108160018920898e+00
1.886090517044067383e+00
1.886148929595947266e+00
1.886282682418823242e+00
1.886279225349426270e+00
1.886178493499755859e+00
1.886137127876281738e+00
1.886144995689392090e+00
1.886186957359313965e+00
1.886222600936889648e+00
1.886186957359313965e+00
1.886118412017822266e+00
1.886077880859375000e+00
1.886068701744079590e+00
1.886083960533142090e+00
1.886099100112915039e+00
1.886085629463195801e+00
1.886058807373046875e+00
1.886043548583984375e+00
1.886048674583435059e+00
1.886065244674682617e+00
1.886072993278503418e+00
1.886061072349548340e+00
1.886042237281799316e+00
1.886031866073608398e+00
1.886031270027160645e+00
1.886033296585083008e+00
1.886028647422790527e+00
1.886016249656677246e+00
1.886002540588378906e+00
1.885992884635925293e+00
1.885988354682922363e+00
1.885984659194946289e+00
1.885976076126098633e+00
1.885962486267089844e+00
1.885947823524475098e+00
1.885935902595520020e+00
1.885925769805908203e+00
1.885913968086242676e+00
1.885899305343627930e+00
1.885882496833801270e+00
1.885866522789001465e+00
1.885852217674255371e+00
1.885839223861694336e+00
1.885826110839843750e+00
1.885811686515808105e+00
1.885797142982482910e+00
1.885783791542053223e+00
1.885771512985229492e+00
1.885759592056274414e+00
1.885747194290161133e+00
1.885734081268310547e+00
1.885720729827880859e+00
1.885708093643188477e+00
1.885695576667785645e+00
1.885682702064514160e+00
1.885669708251953125e+00
1.885656237602233887e+00
1.885642886161804199e+00
1.885629892349243164e+00
1.885617017745971680e+00
1.885604262351989746e+00
1.885590791702270508e+00
1.886475086212158203e+00
1.887654900550842285e+00
1.885110855102539062e+00
1.884915232658386230e+00
1.885039091110229492e+00
1.884563684463500977e+00
1.885685801506042480e+00
1.885338187217712402e+00
1.884826302528381348e+00
1.885078072547912598e+00
1.885119557380676270e+00
1.885406017303466797e+00
1.885687351226806641e+00
1.885422110557556152e+00
1.885277748107910156e+00
1.885252833366394043e+00
1.885258913040161133e+00
1.885420799255371094e+00
1.885439991950988770e+00
1.885292887687683105e+00
1.885239958763122559e+00
1.885249733924865723e+00
1.885294914245605469e+00
1.885368585586547852e+00
1.885347008705139160e+00
1.885271906852722168e+00
1.885244011878967285e+00
1.885249733924865723e+00
1.885271906852722168e+00
1.885279178619384766e+00
1.885236620903015137e+00
1.885182976722717285e+00
1.885156869888305664e+00
1.885151267051696777e+00
1.885151505470275879e+00
1.885138273239135742e+00
1.885106682777404785e+00
1.885081410408020020e+00
1.885075807571411133e+00
1.885080695152282715e+00
1.885084271430969238e+00
1.885077118873596191e+00
1.885062336921691895e+00
1.885053396224975586e+00
1.885051965713500977e+00
1.885050773620605469e+00
1.885043859481811523e+00
1.885028958320617676e+00
1.885011911392211914e+00
1.884999275207519531e+00
1.884988784790039062e+00
1.884977340698242188e+00
1.884961962699890137e+00
1.884943842887878418e+00
1.884927630424499512e+00
1.884913921356201172e+00
1.884901285171508789e+00
1.884887695312500000e+00
1.884871959686279297e+00
1.884856462478637695e+00
1.884842514991760254e+00
1.884829640388488770e+00
1.884817004203796387e+00
1.884802937507629395e+00
1.884788751602172852e+00
1.884774446487426758e+00
1.884761452674865723e+00
1.884748458862304688e+00
1.884735107421875000e+00
1.884721040725708008e+00
1.884707331657409668e+00
1.884693980216979980e+00
1.884919643402099609e+00
1.884624242782592773e+00
1.885017514228820801e+00
1.885892987251281738e+00
1.886162161827087402e+00
1.885660409927368164e+00
1.884623765945434570e+00
1.884382724761962891e+00
1.884146451950073242e+00
1.884179115295410156e+00
1.884405374526977539e+00
1.884528398513793945e+00
1.884154081344604492e+00
1.884382128715515137e+00
1.884397506713867188e+00
1.884658694267272949e+00
1.884834647178649902e+00
1.884621143341064453e+00
1.884568452835083008e+00
1.884606838226318359e+00
1.884593844413757324e+00
1.884667754173278809e+00
1.884638428688049316e+00
1.884514451026916504e+00
1.884511709213256836e+00
1.884590148925781250e+00
1.884613752365112305e+00
1.884604811668395996e+00
1.884549140930175781e+00
1.884520649909973145e+00
1.885748147964477539e+00
1.887398123741149902e+00
1.884242653846740723e+00
1.883781552314758301e+00
1.884531259536743164e+00
1.884813189506530762e+00
1.886004328727722168e+00
1.886021375656127930e+00
1.885378003120422363e+00
1.885048031806945801e+00
1.884766221046447754e+00
1.884746432304382324e+00
1.884408950805664062e+00
1.884393453598022461e+00
1.884425640106201172e+00
1.884625911712646484e+00
1.884620428085327148e+00
1.884620547294616699e+00
1.884684801101684570e+00
1.884800076484680176e+00
1.884858369827270508e+00
1.884821772575378418e+00
1.884831309318542480e+00
1.884866833686828613e+00
1.884897947311401367e+00
1.884850144386291504e+00
1.884808659553527832e+00
1.884794592857360840e+00
1.884791851043701172e+00
1.884748339653015137e+00
1.884686946868896484e+00
1.884645342826843262e+00
1.884621739387512207e+00
1.884590387344360352e+00
1.884547948837280273e+00
1.884524106979370117e+00
1.884522914886474609e+00
1.884527444839477539e+00
1.884522080421447754e+00
1.884518980979919434e+00
1.884524941444396973e+00
1.884531259536743164e+00
1.884525537490844727e+00
1.884512424468994141e+00
1.884502291679382324e+00
1.884494781494140625e+00
1.884483814239501953e+00
1.884469985961914062e+00
1.884460687637329102e+00
1.884457588195800781e+00
1.884455800056457520e+00
1.884452342987060547e+00
1.884450674057006836e+00
1.884451866149902344e+00
1.884453058242797852e+00
1.884451270103454590e+00
1.884447813034057617e+00
1.884445309638977051e+00
1.884442448616027832e+00
1.884437918663024902e+00
1.884432196617126465e+00
1.884427428245544434e+00
1.884423255920410156e+00
1.884418249130249023e+00
1.884412527084350586e+00
1.884406805038452148e+00
1.884401679039001465e+00
1.884396314620971680e+00
1.884389877319335938e+00
1.884383678436279297e+00
1.884377837181091309e+00
1.884371757507324219e+00
1.884365558624267578e+00
1.884359478950500488e+00
1.884353637695312500e+00
1.884347915649414062e+00
1.884341955184936523e+00
1.884335756301879883e+00
1.884329795837402344e+00
1.884323596954345703e+00
1.884317040443420410e+00
1.884310722351074219e+00
1.884304046630859375e+00
1.884297490119934082e+00
1.884290814399719238e+00
1.884284019470214844e+00
1.884277105331420898e+00
1.884270429611206055e+00
1.884263277053833008e+00
1.884256362915039062e+00
1.884249210357666016e+00
1.884241938591003418e+00
1.884234666824340820e+00
1.884227275848388672e+00
1.884219765663146973e+00
1.884212255477905273e+00
1.884204626083374023e+00
1.884197115898132324e+00
1.884189367294311523e+00
1.884181499481201172e+00
1.884173512458801270e+00
