4.988503646850585938e+01
4.926884078979492188e+01
4.842723846435546875e+01
4.721062469482421875e+01
4.573234939575195312e+01
4.420349884033203125e+01
4.252177810668945312e+01
4.037794876098632812e+01
3.835631942749023438e+01
3.591542053222656250e+01
3.384459304809570312e+01
3.161795043945312500e+01
2.947792816162109375e+01
2.731887626647949219e+01
2.530309867858886719e+01
2.305158042907714844e+01
2.113461875915527344e+01
1.939049339294433594e+01
1.810083961486816406e+01
1.728006172180175781e+01
1.674976158142089844e+01
1.632645606994628906e+01
1.601979637145996094e+01
1.590722751617431641e+01
1.587655925750732422e+01
1.586466503143310547e+01
1.589768409729003906e+01
1.597484874725341797e+01
1.608934783935546875e+01
1.623040580749511719e+01
1.638454437255859375e+01
1.653615951538085938e+01
1.666756057739257812e+01
1.676771736145019531e+01
1.686815452575683594e+01
1.687731742858886719e+01
1.687421798706054688e+01
1.685427284240722656e+01
1.681758117675781250e+01
1.676985740661621094e+01
1.671609306335449219e+01
1.666177940368652344e+01
1.661160087585449219e+01
1.656824111938476562e+01
1.653322219848632812e+01
1.650713348388671875e+01
1.648981857299804688e+01
1.648059654235839844e+01
1.647841644287109375e+01
1.648201179504394531e+01
1.648999404907226562e+01
1.650095748901367188e+01
1.651355934143066406e+01
1.652658462524414062e+01
1.653901863098144531e+01
1.655006027221679688e+01
1.655915069580078125e+01
1.656596183776855469e+01
1.657038497924804688e+01
1.657249641418457031e+01
1.657251930236816406e+01
1.657077789306640625e+01
1.656765556335449219e+01
1.656355857849121094e+01
1.655887031555175781e+01
1.655394172668457031e+01
1.654908370971679688e+01
1.654454803466796875e+01
1.654053115844726562e+01
1.653717422485351562e+01
1.653454971313476562e+01
1.653267860412597656e+01
1.653159713745117188e+01
1.653144454956054688e+01
1.653258514404296875e+01
1.653438377380371094e+01
1.654627418518066406e+01
1.652430152893066406e+01
1.651318168640136719e+01
1.650136566162109375e+01
1.649037933349609375e+01
1.648059844970703125e+01
1.647221374511718750e+01
1.646531105041503906e+01
1.645989036560058594e+01
1.645589447021484375e+01
1.645319366455078125e+01
1.645161819458007812e+01
1.645094871520996094e+01
1.645094680786132812e+01
1.645136451721191406e+01
1.645197868347167969e+01
1.645259475708007812e+01
1.645306777954101562e+01
1.645329093933105469e+01
1.645321655273437500e+01
1.645282554626464844e+01
1.645213317871093750e+01
1.645117950439453125e+01
1.645001029968261719e+01
1.644867897033691406e+01
1.644724082946777344e+01
1.644574356079101562e+01
1.644422912597656250e+01
1.644273757934570312e+01
1.644129180908203125e+01
1.643991088867187500e+01
1.643860054016113281e+01
1.643736839294433594e+01
1.643620872497558594e+01
1.643511390686035156e+01
1.643407630920410156e+01
1.643308448791503906e+01
1.643213653564453125e+01
1.643121528625488281e+01
1.643031883239746094e+01
1.642943763732910156e+01
1.642856597900390625e+01
1.642770195007324219e+01
1.642683982849121094e+01
1.642597961425781250e+01
1.642512130737304688e+01
1.642426490783691406e+01
1.642340850830078125e+01
1.642255592346191406e+01
1.642170715332031250e+01
1.642086601257324219e+01
1.642003250122070312e+01
1.641920852661132812e+01
1.641839408874511719e+01
1.641758728027343750e+01
1.641679000854492188e+01
1.641600418090820312e+01
1.641522789001464844e+01
1.641446113586425781e+01
1.641370391845703125e+01
1.641295623779296875e+01
1.641221427917480469e+01
1.641148376464843750e+01
1.641075897216796875e+01
1.641003990173339844e+01
1.640932655334472656e+01
1.640862083435058594e+01
1.640791893005371094e+01
1.640722465515136719e+01
1.640653610229492188e+01
1.640584945678710938e+01
1.640517044067382812e+01
1.640449523925781250e+01
1.640382575988769531e+01
1.640316200256347656e+01
1.640250205993652344e+01
1.640184593200683594e+01
1.640119361877441406e+01
1.640054893493652344e+01
1.639990806579589844e+01
1.639926910400390625e+01
1.639863967895507812e+01
1.639800834655761719e+01
1.639738464355468750e+01
1.639676284790039062e+01
1.639614868164062500e+01
1.639553642272949219e+01
1.639492607116699219e+01
1.639432144165039062e+01
1.639372062683105469e+01
1.639312171936035156e+01
1.639253044128417969e+01
1.639193916320800781e+01
1.639135169982910156e+01
1.639076805114746094e+01
1.639018821716308594e+01
1.638961029052734375e+01
1.638903617858886719e+01
1.638846588134765625e+01
1.638789749145507812e+01
1.638733482360839844e+01
1.638677215576171875e+01
1.638621330261230469e+01
1.638565826416015625e+01
1.638510322570800781e+01
1.638455390930175781e+01
1.638400459289550781e+01
1.638345909118652344e+01
1.638291740417480469e+01
1.638237762451171875e+01
1.638184165954589844e+01
1.638130760192871094e+01
1.638077545166015625e+01
1.638024520874023438e+01
1.637971878051757812e+01
1.637919425964355469e+01
1.637867164611816406e+01
1.637815284729003906e+01
1.637763595581054688e+01
1.637711906433105469e+01
1.637660789489746094e+01
1.637609672546386719e+01
1.637558937072753906e+01
1.637508392333984375e+01
1.637458038330078125e+01
1.637407875061035156e+01
1.637357902526855469e+01
1.637308311462402344e+01
1.637258720397949219e+01
1.637209701538085938e+01
1.637160491943359375e+01
1.637111663818359375e+01
1.637063217163085938e+01
1.637014770507812500e+01
1.636966514587402344e+01
1.636918449401855469e+01
1.636870765686035156e+01
1.636823081970214844e+01
1.636775779724121094e+01
1.636728668212890625e+01
1.636681747436523438e+01
1.636634826660156250e+01
1.636588287353515625e+01
1.636541938781738281e+01
1.636495780944824219e+01
1.636449813842773438e+01
1.636403846740722656e+01
1.636358261108398438e+01
1.636313056945800781e+01
1.636267662048339844e+01
1.636222839355468750e+01
1.636177825927734375e+01
1.636133193969726562e+01
1.636088943481445312e+01
1.636044502258300781e+01
1.636000251770019531e+01
1.635956382751464844e+01
1.635912704467773438e+01
1.635869026184082031e+01
1.635825729370117188e+01
1.635782623291015625e+01
1.635739707946777344e+01
1.635696792602539062e+01
1.635654258728027344e+01
1.635611915588378906e+01
1.635569572448730469e+01
1.635527420043945312e+01
1.635485458374023438e+01
1.635443878173828125e+01
1.635402107238769531e+01
1.635360908508300781e+01
1.635319709777832031e+01
1.635278511047363281e+01
1.635237884521484375e+01
1.635197067260742188e+01
1.635156440734863281e+01
1.635116195678710938e+01
1.635075950622558594e+01
1.635036087036132812e+01
1.634996223449707031e+01
1.634956550598144531e+01
1.634917068481445312e+01
1.634877777099609375e+01
1.634838485717773438e+01
1.634799575805664062e+01
1.634760856628417969e+01
1.634722328186035156e+01
1.634683609008789062e+01
1.634645462036132812e+01
1.634607505798339844e+01
1.634569358825683594e+01
1.634531593322753906e+01
1.634494018554687500e+01
1.634456634521484375e+01
1.634419059753417969e+01
1.634382247924804688e+01
1.634345054626464844e+01
1.634308242797851562e+01
1.634271812438964844e+01
1.634235382080078125e+01
1.634198951721191406e+01
1.634162902832031250e+01
1.634126853942871094e+01
1.634091186523437500e+01
1.634055328369140625e+01
1.634020042419433594e+01
1.633984565734863281e+01
1.633949470520019531e+01
1.633914566040039062e+01
1.633879661560058594e+01
1.633844947814941406e+01
1.633810424804687500e+01
1.633776092529296875e+01
1.633741950988769531e+01
1.633708000183105469e+01
1.633674049377441406e+01
1.633640480041503906e+01
1.633606719970703125e+01
1.633573341369628906e+01
1.633540153503417969e+01
1.633507156372070312e+01
1.633474159240722656e+01
1.633441543579101562e+01
1.633408927917480469e+01
1.633376502990722656e+01
1.633344268798828125e+01
1.633312034606933594e+01
1.633280181884765625e+01
1.633248519897460938e+01
1.633216857910156250e+01
1.633185386657714844e+01
1.633154106140136719e+01
1.633122825622558594e+01
1.633091735839843750e+01
1.633060836791992188e+01
1.633030319213867188e+01
1.632999801635742188e+01
1.632969474792480469e+01
1.632939147949218750e+01
1.632909202575683594e+01
1.632879257202148438e+01
1.632849502563476562e+01
1.632819938659667969e+01
1.632790565490722656e+01
1.632761192321777344e+01
1.632732009887695312e+01
1.632703208923339844e+01
1.632674407958984375e+01
1.632645797729492188e+01
1.632617187500000000e+01
1.632588958740234375e+01
1.632560729980468750e+01
1.632532691955566406e+01
1.632504844665527344e+01
1.632477188110351562e+01
1.632449722290039062e+01
1.632422256469726562e+01
1.632394981384277344e+01
1.632367897033691406e+01
1.632341194152832031e+01
1.632314300537109375e+01
1.632287788391113281e+01
1.632261276245117188e+01
1.632234954833984375e+01
1.632208824157714844e+01
1.632183074951171875e+01
1.632157135009765625e+01
1.632131576538085938e+01
1.632106018066406250e+01
1.632080841064453125e+01
1.632055664062500000e+01
1.632030677795410156e+01
1.632006072998046875e+01
1.631981277465820312e+01
1.631956863403320312e+01
1.631932640075683594e+01
1.631908416748046875e+01
1.631884574890136719e+01
1.631860923767089844e+01
1.631837272644042969e+01
1.631813812255859375e+01
1.631790542602539062e+01
1.631767463684082031e+01
1.631744575500488281e+01
1.631722068786621094e+01
1.631699371337890625e+01
1.631677246093750000e+01
1.631655120849609375e+01
1.631633186340332031e+01
1.631611442565917969e+01
1.631589889526367188e+01
1.631568527221679688e+01
1.631547546386718750e+01
1.631526756286621094e+01
1.631506156921386719e+01
1.631485557556152344e+01
1.631465530395507812e+01
1.631445503234863281e+01
1.631425857543945312e+01
1.631406211853027344e+01
1.631386947631835938e+01
1.631368064880371094e+01
1.631349372863769531e+01
1.631330680847167969e+01
1.631312370300292969e+01
1.631294441223144531e+01
1.631276512145996094e+01
1.631258773803710938e+01
1.631241607666015625e+01
1.631224632263183594e+01
1.631207656860351562e+01
1.631190872192382812e+01
1.631174659729003906e+01
1.631158256530761719e+01
1.631142044067382812e+01
1.631125831604003906e+01
1.631109809875488281e+01
1.631093978881835938e+01
1.631077957153320312e+01
1.631061744689941406e+01
1.631045341491699219e+01
1.631028938293457031e+01
1.631012344360351562e+01
1.630995368957519531e+01
1.630978202819824219e+01
1.630960273742675781e+01
1.630941963195800781e+01
1.630923461914062500e+01
1.630904388427734375e+01
1.630884742736816406e+01
1.630864906311035156e+01
1.630844497680664062e+01
1.630823516845703125e+01
1.630802536010742188e+01
1.630781173706054688e+01
1.630759429931640625e+01
1.630737495422363281e+01
1.630715560913085938e+01
1.630693435668945312e+01
1.630671501159667969e+01
1.630649185180664062e+01
1.630627059936523438e+01
1.630604934692382812e+01
1.630583000183105469e+01
1.630560874938964844e+01
1.630538940429687500e+01
1.630516815185546875e+01
1.630494689941406250e+01
1.630472373962402344e+01
1.630450248718261719e+01
1.630427932739257812e+01
1.630405426025390625e+01
1.630383110046386719e+01
1.630360412597656250e+01
1.630337715148925781e+01
1.630315208435058594e+01
1.630292510986328125e+01
1.630269813537597656e+01
1.630247116088867188e+01
1.630224037170410156e+01
1.630186653137207031e+01
1.629874038696289062e+01
1.629414749145507812e+01
1.629128646850585938e+01
1.629013061523437500e+01
1.629044723510742188e+01
1.629187774658203125e+01
1.629400825500488281e+01
1.629641151428222656e+01
1.629871559143066406e+01
1.630062675476074219e+01
1.630195999145507812e+01
1.630265045166015625e+01
1.630273056030273438e+01
1.630230522155761719e+01
1.630152511596679688e+01
1.630054283142089844e+01
1.629950904846191406e+01
1.629853439331054688e+01
1.629770469665527344e+01
1.629706001281738281e+01
1.629660987854003906e+01
1.629634666442871094e+01
1.629623413085937500e+01
1.629623413085937500e+01
1.629629516601562500e+01
1.629638099670410156e+01
1.629644966125488281e+01
1.629647445678710938e+01
1.629643440246582031e+01
1.629632759094238281e+01
1.629615020751953125e+01
1.629591941833496094e+01
1.629564857482910156e+01
1.629535865783691406e+01
1.629506874084472656e+01
1.629479598999023438e+01
1.629455375671386719e+01
1.629434013366699219e+01
1.629415702819824219e+01
1.629399871826171875e+01
1.629385566711425781e+01
1.629372215270996094e+01
1.629358291625976562e+01
1.629342460632324219e+01
1.629304122924804688e+01
1.630953788757324219e+01
1.630467796325683594e+01
1.629867172241210938e+01
1.627243232727050781e+01
1.626678657531738281e+01
1.626426696777343750e+01
1.626440429687500000e+01
1.626661300659179688e+01
1.627026557922363281e+01
1.627474212646484375e+01
1.627948760986328125e+01
1.628405761718750000e+01
1.628812599182128906e+01
1.629149246215820312e+01
1.629405593872070312e+01
1.629580116271972656e+01
1.629677963256835938e+01
1.629708862304687500e+01
1.629685974121093750e+01
1.629623222351074219e+01
1.629533386230468750e+01
1.629428100585937500e+01
1.629315948486328125e+01
1.629203033447265625e+01
1.629093933105468750e+01
1.628993034362792969e+01
1.628903770446777344e+01
1.628828811645507812e+01
1.628770256042480469e+01
1.628729438781738281e+01
1.628705596923828125e+01
1.628697013854980469e+01
1.628700828552246094e+01
1.628714179992675781e+01
1.628733634948730469e+01
1.628755569458007812e+01
1.628777122497558594e+01
1.628794860839843750e+01
1.628806686401367188e+01
1.628810691833496094e+01
1.628806877136230469e+01
1.628795433044433594e+01
1.628777313232421875e+01
1.628754615783691406e+01
1.628728866577148438e+01
1.628702354431152344e+01
1.628675842285156250e+01
1.628651237487792969e+01
1.628628921508789062e+01
1.628609657287597656e+01
1.628593635559082031e+01
1.628580093383789062e+01
1.628568840026855469e+01
1.628559303283691406e+01
1.628550148010253906e+01
1.628541183471679688e+01
1.628532409667968750e+01
1.628523063659667969e+01
1.628512954711914062e+01
1.628502082824707031e+01
1.628490638732910156e+01
1.628478431701660156e+01
1.628465843200683594e+01
1.628453254699707031e+01
1.628440475463867188e+01
1.628427505493164062e+01
1.628414726257324219e+01
1.628402137756347656e+01
1.628389549255371094e+01
1.628377342224121094e+01
1.628365135192871094e+01
1.628353118896484375e+01
1.628341102600097656e+01
1.628329467773437500e+01
1.628318214416503906e+01
1.628306579589843750e+01
1.628295326232910156e+01
1.628284072875976562e+01
1.628273010253906250e+01
1.628261947631835938e+01
1.628250885009765625e+01
1.628240013122558594e+01
1.628229141235351562e+01
1.628218078613281250e+01
1.628207206726074219e+01
1.628196144104003906e+01
1.628185272216796875e+01
1.628174591064453125e+01
1.628163719177246094e+01
1.628152847290039062e+01
1.628142166137695312e+01
1.628131675720214844e+01
1.628121185302734375e+01
1.628110504150390625e+01
1.628100204467773438e+01
1.628089904785156250e+01
1.628079605102539062e+01
1.628069496154785156e+01
1.628059196472167969e+01
1.628049087524414062e+01
1.628038978576660156e+01
1.628029060363769531e+01
1.628019142150878906e+01
1.628009223937988281e+01
1.627999305725097656e+01
1.627989387512207031e+01
1.627979469299316406e+01
1.627969932556152344e+01
1.627960205078125000e+01
1.627950477600097656e+01
1.627940940856933594e+01
1.627931404113769531e+01
1.627921867370605469e+01
1.627912330627441406e+01
1.627902984619140625e+01
1.627893638610839844e+01
1.627884292602539062e+01
1.627875137329101562e+01
1.627865791320800781e+01
1.627856636047363281e+01
1.627847480773925781e+01
1.627838325500488281e+01
1.627829360961914062e+01
1.627820205688476562e+01
1.627811241149902344e+01
1.627802276611328125e+01
1.627793312072753906e+01
1.627784538269042969e+01
1.627775764465332031e+01
1.627766990661621094e+01
1.627758216857910156e+01
1.627749443054199219e+01
1.627740859985351562e+01
1.627732276916503906e+01
1.627723503112792969e+01
1.627715110778808594e+01
1.627706527709960938e+01
1.627697944641113281e+01
1.627689552307128906e+01
1.627681159973144531e+01
1.627672767639160156e+01
1.627664566040039062e+01
1.627656173706054688e+01
1.627647972106933594e+01
1.627639770507812500e+01
1.627631568908691406e+01
1.627623367309570312e+01
1.627615165710449219e+01
1.627607154846191406e+01
1.627598953247070312e+01
1.627591133117675781e+01
1.627583122253417969e+01
1.627575302124023438e+01
1.627567291259765625e+01
1.627559471130371094e+01
1.627551651000976562e+01
1.627543830871582031e+01
1.627535820007324219e+01
1.627528190612792969e+01
1.627520561218261719e+01
1.627512931823730469e+01
1.627505302429199219e+01
1.627497482299804688e+01
1.627490043640136719e+01
1.627482414245605469e+01
1.627474975585937500e+01
1.627467536926269531e+01
1.627460098266601562e+01
1.627452659606933594e+01
1.627445411682128906e+01
1.627437973022460938e+01
1.627430725097656250e+01
1.627423286437988281e+01
1.627416229248046875e+01
1.627408981323242188e+01
1.627401733398437500e+01
1.627394485473632812e+01
1.627387428283691406e+01
1.627380371093750000e+01
1.627373313903808594e+01
1.627366065979003906e+01
1.627359008789062500e+01
1.627352142333984375e+01
1.627345085144042969e+01
1.627338027954101562e+01
1.627331161499023438e+01
1.627324104309082031e+01
1.627317237854003906e+01
1.627310562133789062e+01
1.627303504943847656e+01
1.627296638488769531e+01
1.627289772033691406e+01
1.627283096313476562e+01
1.627276229858398438e+01
1.627269554138183594e+01
1.627262687683105469e+01
1.627256011962890625e+01
1.627249336242675781e+01
1.627242660522460938e+01
1.627235984802246094e+01
1.627229309082031250e+01
1.627222633361816406e+01
1.627215957641601562e+01
1.627209281921386719e+01
1.627202606201171875e+01
1.627196121215820312e+01
1.627189445495605469e+01
1.627182960510253906e+01
1.627176284790039062e+01
1.627169799804687500e+01
1.627163314819335938e+01
1.627156639099121094e+01
1.627150154113769531e+01
1.627143669128417969e+01
1.627136802673339844e+01
1.627130317687988281e+01
1.627123832702636719e+01
1.627117347717285156e+01
1.627110671997070312e+01
1.627104187011718750e+01
1.627097702026367188e+01
1.627091217041015625e+01
1.627084732055664062e+01
1.627078247070312500e+01
1.627071571350097656e+01
1.627065277099609375e+01
1.627058601379394531e+01
1.627052116394042969e+01
1.627045631408691406e+01
1.627039146423339844e+01
1.627032470703125000e+01
1.627025794982910156e+01
1.627019309997558594e+01
1.627012634277343750e+01
1.627005958557128906e+01
1.626999473571777344e+01
1.626992607116699219e+01
1.626985931396484375e+01
1.626979064941406250e+01
1.626972198486328125e+01
1.626965332031250000e+01
1.626958465576171875e+01
1.626951217651367188e+01
1.626943778991699219e+01
1.626936340332031250e+01
1.626928710937500000e+01
1.626920700073242188e+01
1.626912307739257812e+01
1.626903152465820312e+01
1.626893234252929688e+01
1.626881790161132812e+01
1.626868438720703125e+01
1.626850700378417969e+01
1.626824378967285156e+01
1.626775360107421875e+01
1.626643180847167969e+01
1.625970458984375000e+01
1.628229141235351562e+01
1.626125144958496094e+01
1.626210403442382812e+01
1.626585006713867188e+01
1.630277061462402344e+01
1.625855445861816406e+01
1.625984001159667969e+01
1.625418090820312500e+01
1.624863052368164062e+01
1.624406623840332031e+01
1.624071121215820312e+01
1.623855781555175781e+01
1.623745346069335938e+01
1.623718833923339844e+01
1.623753738403320312e+01
1.623833465576171875e+01
1.623944473266601562e+01
1.624077606201171875e+01
1.624223518371582031e+01
1.624371528625488281e+01
1.624512100219726562e+01
1.624635124206542969e+01
1.624732971191406250e+01
1.624800300598144531e+01
1.624836349487304688e+01
1.624844551086425781e+01
1.624831581115722656e+01
1.624810218811035156e+01
1.624806594848632812e+01
1.624978446960449219e+01
1.625351333618164062e+01
1.625732803344726562e+01
1.626038742065429688e+01
1.626379203796386719e+01
1.626713562011718750e+01
1.626919555664062500e+01
1.627070999145507812e+01
1.627209281921386719e+01
1.627272224426269531e+01
1.627267265319824219e+01
1.627255821228027344e+01
1.627214050292968750e+01
1.627119636535644531e+01
1.627034950256347656e+01
1.626955413818359375e+01
1.626853370666503906e+01
1.626776504516601562e+01
1.626725959777832031e+01
1.626673316955566406e+01
1.626646232604980469e+01
1.626643371582031250e+01
1.626638984680175781e+01
1.626646614074707031e+01
1.626665878295898438e+01
1.626677322387695312e+01
1.626690483093261719e+01
1.626706504821777344e+01
1.626713180541992188e+01
1.626718139648437500e+01
1.626723098754882812e+01
1.626720046997070312e+01
1.626715278625488281e+01
1.626709365844726562e+01
1.626697731018066406e+01
1.626686096191406250e+01
1.626674079895019531e+01
1.626659584045410156e+01
1.626647567749023438e+01
1.626637077331542969e+01
1.626626205444335938e+01
1.626618576049804688e+01
1.626612091064453125e+01
1.626605606079101562e+01
1.626601409912109375e+01
1.626596832275390625e+01
1.626592063903808594e+01
1.626588058471679688e+01
1.626583290100097656e+01
1.626578140258789062e+01
1.626573181152343750e+01
1.626567077636718750e+01
1.626560974121093750e+01
1.626554489135742188e+01
1.626547622680664062e+01
1.626540565490722656e+01
1.626533317565917969e+01
1.626526069641113281e+01
1.626519012451171875e+01
1.626511764526367188e+01
1.626505088806152344e+01
1.626498222351074219e+01
1.626491737365722656e+01
1.626485252380371094e+01
1.626478767395019531e+01
1.626472473144531250e+01
1.626466178894042969e+01
1.626459884643554688e+01
1.626453590393066406e+01
1.626447105407714844e+01
1.626440811157226562e+01
1.626434326171875000e+01
1.626427841186523438e+01
1.626421356201171875e+01
1.626414680480957031e+01
1.626408195495605469e+01
1.626401329040527344e+01
1.626394844055175781e+01
1.626388168334960938e+01
1.626381492614746094e+01
1.626374816894531250e+01
1.626368331909179688e+01
1.626361656188964844e+01
1.626354980468750000e+01
1.626348495483398438e+01
1.626341819763183594e+01
1.626335334777832031e+01
1.626328659057617188e+01
1.626321983337402344e+01
1.626315307617187500e+01
1.626308631896972656e+01
1.626302146911621094e+01
1.626295471191406250e+01
1.626288795471191406e+01
1.626281929016113281e+01
1.626275444030761719e+01
1.626268768310546875e+01
1.626262092590332031e+01
1.626255416870117188e+01
1.626248550415039062e+01
1.626241874694824219e+01
1.626235198974609375e+01
1.626228332519531250e+01
1.626221847534179688e+01
1.626214599609375000e+01
1.626208496093750000e+01
1.626200675964355469e+01
1.626196098327636719e+01
1.626185798645019531e+01
1.626185035705566406e+01
1.626168441772460938e+01
1.626176071166992188e+01
1.626155662536621094e+01
1.626135635375976562e+01
1.626124572753906250e+01
1.626108741760253906e+01
1.626102066040039062e+01
1.626098251342773438e+01
1.626092529296875000e+01
1.626095771789550781e+01
1.626088142395019531e+01
1.626092720031738281e+01
1.626085281372070312e+01
1.626080322265625000e+01
1.626076316833496094e+01
1.626068496704101562e+01
1.626064300537109375e+01
1.626058387756347656e+01
1.626051902770996094e+01
1.626047706604003906e+01
1.626039123535156250e+01
1.626036834716796875e+01
1.626026344299316406e+01
1.626025009155273438e+01
1.626013946533203125e+01
1.626009941101074219e+01
1.626000976562500000e+01
1.625992774963378906e+01
1.625985908508300781e+01
1.625977897644042969e+01
1.625971221923828125e+01
1.625965499877929688e+01
1.625957870483398438e+01
1.625954055786132812e+01
1.625945281982421875e+01
1.625942611694335938e+01
1.625932884216308594e+01
1.625930595397949219e+01
1.625920677185058594e+01
1.625916671752929688e+01
1.625908470153808594e+01
1.625902366638183594e+01
1.625895309448242188e+01
1.625888442993164062e+01
1.625881385803222656e+01
1.625875091552734375e+01
1.625867080688476562e+01
1.625862121582031250e+01
1.625853157043457031e+01
1.625849151611328125e+01
1.625839614868164062e+01
1.625836181640625000e+01
1.625826644897460938e+01
1.625822639465332031e+01
1.625814247131347656e+01
1.625809097290039062e+01
1.625801658630371094e+01
1.625795936584472656e+01
1.625788497924804688e+01
1.625782394409179688e+01
1.625774192810058594e+01
1.625768661499023438e+01
1.625759506225585938e+01
1.625754737854003906e+01
1.625745010375976562e+01
1.625740623474121094e+01
1.625731086730957031e+01
1.625726699829101562e+01
1.625718116760253906e+01
1.625713157653808594e+01
1.625705146789550781e+01
1.625699234008789062e+01
1.625691413879394531e+01
1.625684928894042969e+01
1.625676345825195312e+01
1.625669860839843750e+01
1.625660133361816406e+01
1.625653839111328125e+01
1.625643539428710938e+01
1.625636863708496094e+01
1.625625991821289062e+01
1.625618934631347656e+01
1.625607681274414062e+01
1.625599098205566406e+01
1.625586700439453125e+01
1.625574684143066406e+01
1.625558280944824219e+01
1.625538253784179688e+01
1.625509452819824219e+01
1.625460243225097656e+01
1.625360870361328125e+01
1.625027847290039062e+01
1.624742698669433594e+01
1.625154876708984375e+01
1.625427246093750000e+01
1.626071739196777344e+01
1.626788520812988281e+01
1.627064132690429688e+01
1.626670455932617188e+01
1.626085853576660156e+01
1.625821495056152344e+01
1.625775718688964844e+01
1.625614738464355469e+01
1.625309562683105469e+01
1.625200080871582031e+01
1.625389480590820312e+01
1.625520896911621094e+01
1.625383949279785156e+01
1.625280189514160156e+01
1.625411224365234375e+01
1.625512695312500000e+01
1.625435447692871094e+01
1.625438880920410156e+01
1.625595474243164062e+01
1.625643157958984375e+01
1.625533676147460938e+01
1.625537490844726562e+01
1.625697326660156250e+01
1.625731849670410156e+01
1.625579452514648438e+01
1.625532341003417969e+01
1.625676155090332031e+01
