2.655042648315429688e+00
2.550226926803588867e+00
2.446127414703369141e+00
2.339843750000000000e+00
2.238363027572631836e+00
2.143947839736938477e+00
2.059102773666381836e+00
1.984793066978454590e+00
1.921323418617248535e+00
1.868181109428405762e+00
1.824347734451293945e+00
1.788714051246643066e+00
1.760194897651672363e+00
1.737908720970153809e+00
1.721022367477416992e+00
1.708756685256958008e+00
1.700320363044738770e+00
1.694843649864196777e+00
1.691466212272644043e+00
1.691192388534545898e+00
1.684204936027526855e+00
1.679393887519836426e+00
1.675187349319458008e+00
1.668382048606872559e+00
1.663427233695983887e+00
1.671672821044921875e+00
1.673664331436157227e+00
1.665445446968078613e+00
1.644470810890197754e+00
1.640814185142517090e+00
1.640599370002746582e+00
1.631743788719177246e+00
1.626891613006591797e+00
1.627703189849853516e+00
1.641219854354858398e+00
1.636013150215148926e+00
1.618034601211547852e+00
1.610829710960388184e+00
1.595410943031311035e+00
1.563340425491333008e+00
1.546847105026245117e+00
1.541901826858520508e+00
1.540258884429931641e+00
1.539747476577758789e+00
1.539614915847778320e+00
1.539545059204101562e+00
1.539345622062683105e+00
1.538892745971679688e+00
1.538116931915283203e+00
1.536993265151977539e+00
1.535529136657714844e+00
1.533753156661987305e+00
1.531705617904663086e+00
1.529432058334350586e+00
1.526980400085449219e+00
1.524396896362304688e+00
1.521726250648498535e+00
1.519009232521057129e+00
1.516260862350463867e+00
1.513499259948730469e+00
1.510762572288513184e+00
1.508083343505859375e+00
1.505486965179443359e+00
1.502992987632751465e+00
1.500613570213317871e+00
1.498331427574157715e+00
1.496136069297790527e+00
1.494044065475463867e+00
1.492068052291870117e+00
1.490215778350830078e+00
1.488488197326660156e+00
1.486879825592041016e+00
1.486758947372436523e+00
1.501186609268188477e+00
1.502450704574584961e+00
1.555013775825500488e+00
1.639325141906738281e+00
1.568972706794738770e+00
1.483276844024658203e+00
1.476434111595153809e+00
1.458295702934265137e+00
1.457891106605529785e+00
1.460205674171447754e+00
1.464851498603820801e+00
1.472787261009216309e+00
1.487842559814453125e+00
1.495884656906127930e+00
1.497867226600646973e+00
1.493437886238098145e+00
1.493469953536987305e+00
1.488392472267150879e+00
1.479385972023010254e+00
1.478868603706359863e+00
1.478569865226745605e+00
1.476354598999023438e+00
1.475454807281494141e+00
1.474447965621948242e+00
1.472149014472961426e+00
1.470656037330627441e+00
1.470709681510925293e+00
1.467592239379882812e+00
1.465260267257690430e+00
1.463794708251953125e+00
1.460438370704650879e+00
1.458062767982482910e+00
1.456191301345825195e+00
1.453716158866882324e+00
1.451147437095642090e+00
1.448923110961914062e+00
1.447112321853637695e+00
1.445512652397155762e+00
1.443992137908935547e+00
1.442763090133666992e+00
1.441745400428771973e+00
1.440820455551147461e+00
1.439924120903015137e+00
1.439037084579467773e+00
1.438181757926940918e+00
1.437384366989135742e+00
1.436627984046936035e+00
1.435892701148986816e+00
1.435198664665222168e+00
1.434515118598937988e+00
1.433780908584594727e+00
1.433006525039672852e+00
1.432254552841186523e+00
1.431526303291320801e+00
1.430796265602111816e+00
1.430063009262084961e+00
1.429308652877807617e+00
1.428550243377685547e+00
1.427819848060607910e+00
1.427099585533142090e+00
1.426374435424804688e+00
1.425648927688598633e+00
1.424921154975891113e+00
1.424200177192687988e+00
1.423496961593627930e+00
1.422797560691833496e+00
1.422088265419006348e+00
1.421366930007934570e+00
1.420610427856445312e+00
1.420129418373107910e+00
1.420621275901794434e+00
1.421124815940856934e+00
1.422030925750732422e+00
1.422521352767944336e+00
1.422247767448425293e+00
1.421261191368103027e+00
1.419712781906127930e+00
1.417799830436706543e+00
1.415704846382141113e+00
1.413586139678955078e+00
1.411574006080627441e+00
1.409751892089843750e+00
1.408162593841552734e+00
1.406757354736328125e+00
1.400392293930053711e+00
1.404370069503784180e+00
1.403362274169921875e+00
1.400704264640808105e+00
1.407703757286071777e+00
1.410764932632446289e+00
1.412625551223754883e+00
1.413042306900024414e+00
1.411562085151672363e+00
1.412931442260742188e+00
1.413052320480346680e+00
1.411917209625244141e+00
1.409930706024169922e+00
1.407555580139160156e+00
1.405162930488586426e+00
1.402962565422058105e+00
1.401118278503417969e+00
1.399680614471435547e+00
1.398647427558898926e+00
1.397990226745605469e+00
1.397644758224487305e+00
1.397523999214172363e+00
1.397537708282470703e+00
1.397600054740905762e+00
1.397636413574218750e+00
1.397593379020690918e+00
1.397444725036621094e+00
1.397184133529663086e+00
1.396811246871948242e+00
1.395452260971069336e+00
1.380987524986267090e+00
1.379142284393310547e+00
1.376347541809082031e+00
1.373007297515869141e+00
1.369469165802001953e+00
1.366015315055847168e+00
1.362871766090393066e+00
1.360243678092956543e+00
1.357753992080688477e+00
1.355881571769714355e+00
1.354551792144775391e+00
1.353606581687927246e+00
1.352970123291015625e+00
1.352560043334960938e+00
1.352290511131286621e+00
1.352081179618835449e+00
1.351866722106933594e+00
1.351602077484130859e+00
1.351263165473937988e+00
1.350845098495483398e+00
1.350357532501220703e+00
1.349819540977478027e+00
1.349255442619323730e+00
1.348688125610351562e+00
1.348137259483337402e+00
1.347618103027343750e+00
1.347137689590454102e+00
1.346697926521301270e+00
1.346294283866882324e+00
1.345918416976928711e+00
1.345559716224670410e+00
1.345206975936889648e+00
1.344850659370422363e+00
1.344483017921447754e+00
1.344099998474121094e+00
1.343699693679809570e+00
1.343284130096435547e+00
1.342856526374816895e+00
1.342421889305114746e+00
1.341986060142517090e+00
1.341556310653686523e+00
1.341140508651733398e+00
1.340746402740478516e+00
1.340381145477294922e+00
1.340030908584594727e+00
1.339739918708801270e+00
1.339533209800720215e+00
1.339313149452209473e+00
1.339060664176940918e+00
1.338776111602783203e+00
1.338467955589294434e+00
1.338148236274719238e+00
1.337829589843750000e+00
1.337522625923156738e+00
1.337235689163208008e+00
1.336967706680297852e+00
1.336687684059143066e+00
1.336390852928161621e+00
1.336113691329956055e+00
1.335866689682006836e+00
1.335643649101257324e+00
1.335435986518859863e+00
1.335235238075256348e+00
1.335031270980834961e+00
1.334812283515930176e+00
1.334570407867431641e+00
1.334312796592712402e+00
1.334048986434936523e+00
1.333783388137817383e+00
1.333518266677856445e+00
1.333253383636474609e+00
1.332988500595092773e+00
1.332721352577209473e+00
1.332453489303588867e+00
1.332188725471496582e+00
1.331929564476013184e+00
1.331677913665771484e+00
1.331432819366455078e+00
1.331183671951293945e+00
1.330924034118652344e+00
1.330662369728088379e+00
1.330407381057739258e+00
1.330167293548583984e+00
1.329946994781494141e+00
1.329748153686523438e+00
1.329568505287170410e+00
1.329403877258300781e+00
1.329248547554016113e+00
1.329096555709838867e+00
1.328943014144897461e+00
1.328783273696899414e+00
1.328613877296447754e+00
1.328426599502563477e+00
1.328217625617980957e+00
1.327991485595703125e+00
1.327753424644470215e+00
1.327512502670288086e+00
1.327271699905395508e+00
1.327014923095703125e+00
1.326542615890502930e+00
1.319840073585510254e+00
1.318498373031616211e+00
1.333879351615905762e+00
1.346856117248535156e+00
1.347601056098937988e+00
1.351905941963195801e+00
1.360687136650085449e+00
1.373383402824401855e+00
1.388624191284179688e+00
1.404186606407165527e+00
1.417619466781616211e+00
1.426571249961853027e+00
1.423258662223815918e+00
1.442236304283142090e+00
1.430567741394042969e+00
1.418502569198608398e+00
1.396740198135375977e+00
1.394201755523681641e+00
1.368161320686340332e+00
1.382784008979797363e+00
1.413877248764038086e+00
1.371307730674743652e+00
1.355951309204101562e+00
1.335941314697265625e+00
1.327991247177124023e+00
1.321964502334594727e+00
1.317314386367797852e+00
1.312805891036987305e+00
1.306286692619323730e+00
1.311001539230346680e+00
1.299821615219116211e+00
1.299968481063842773e+00
1.302032470703125000e+00
1.296907424926757812e+00
1.296011924743652344e+00
1.297250747680664062e+00
1.294063568115234375e+00
1.291923165321350098e+00
1.290224075317382812e+00
1.288538813591003418e+00
1.286047935485839844e+00
1.284518599510192871e+00
1.283743143081665039e+00
1.282945275306701660e+00
1.281729817390441895e+00
1.281251788139343262e+00
1.281175255775451660e+00
1.280445218086242676e+00
1.279731631278991699e+00
1.279088139533996582e+00
1.278469920158386230e+00
1.277461647987365723e+00
1.276524424552917480e+00
1.275888323783874512e+00
1.274899005889892578e+00
1.273969650268554688e+00
1.273267149925231934e+00
1.272538423538208008e+00
1.271813511848449707e+00
1.271202683448791504e+00
1.270857095718383789e+00
1.270357728004455566e+00
1.269827246665954590e+00
1.269641876220703125e+00
1.269267320632934570e+00
1.268770456314086914e+00
1.268620252609252930e+00
1.268535137176513672e+00
1.267943859100341797e+00
1.267939090728759766e+00
1.267979383468627930e+00
1.267196536064147949e+00
1.267180085182189941e+00
1.267489790916442871e+00
1.266601681709289551e+00
1.266483068466186523e+00
1.266835689544677734e+00
1.266063809394836426e+00
1.265921354293823242e+00
1.266179561614990234e+00
1.265592575073242188e+00
1.265374183654785156e+00
1.265682458877563477e+00
1.265440702438354492e+00
1.264988541603088379e+00
1.265032649040222168e+00
1.265017271041870117e+00
1.264659762382507324e+00
1.264541387557983398e+00
1.264373421669006348e+00
1.264171242713928223e+00
1.263987421989440918e+00
1.263920307159423828e+00
1.263724923133850098e+00
1.263493657112121582e+00
1.263331770896911621e+00
1.263066053390502930e+00
1.263329386711120605e+00
1.263220906257629395e+00
1.262579798698425293e+00
1.262810111045837402e+00
1.262920498847961426e+00
1.262093186378479004e+00
1.262210965156555176e+00
1.262788295745849609e+00
1.261680603027343750e+00
1.261675953865051270e+00
1.262336730957031250e+00
1.261348485946655273e+00
1.261270523071289062e+00
1.261747717857360840e+00
1.260993242263793945e+00
1.260925173759460449e+00
1.261243939399719238e+00
1.260560393333435059e+00
1.260584950447082520e+00
1.260887145996093750e+00
1.260107874870300293e+00
1.260190010070800781e+00
1.260592103004455566e+00
1.259688258171081543e+00
1.259762167930603027e+00
1.260260820388793945e+00
1.259300708770751953e+00
1.259345412254333496e+00
1.259876251220703125e+00
1.258931517601013184e+00
1.258962512016296387e+00
1.259478449821472168e+00
1.258565425872802734e+00
1.258608460426330566e+00
1.259104251861572266e+00
1.258195042610168457e+00
1.258260726928710938e+00
1.258756637573242188e+00
1.257822155952453613e+00
1.257901549339294434e+00
1.258416771888732910e+00
1.257453441619873047e+00
1.257532835006713867e+00
1.258068919181823730e+00
1.257092952728271484e+00
1.257165789604187012e+00
1.257708072662353516e+00
1.256739139556884766e+00
1.256803989410400391e+00
1.257334828376770020e+00
1.256385922431945801e+00
1.256440877914428711e+00
1.256943345069885254e+00
1.256026387214660645e+00
1.256061792373657227e+00
1.256512403488159180e+00
1.255654096603393555e+00
1.255551338195800781e+00
1.255920886993408203e+00
1.255411744117736816e+00
1.255241513252258301e+00
1.255377769470214844e+00
1.255065321922302246e+00
1.255050778388977051e+00
1.255076289176940918e+00
1.254696249961853027e+00
1.254922866821289062e+00
1.254891395568847656e+00
1.254460930824279785e+00
1.254412174224853516e+00
1.254268050193786621e+00
1.254396557807922363e+00
1.254101753234863281e+00
1.254019021987915039e+00
1.253960967063903809e+00
1.253782629966735840e+00
1.253645420074462891e+00
1.253639936447143555e+00
1.253395199775695801e+00
1.253417849540710449e+00
1.253272771835327148e+00
1.253196716308593750e+00
1.253141403198242188e+00
1.252990126609802246e+00
1.252818465232849121e+00
1.252792716026306152e+00
1.252565026283264160e+00
1.252604722976684570e+00
1.252513647079467773e+00
1.252391338348388672e+00
1.252302765846252441e+00
1.252289772033691406e+00
1.252082467079162598e+00
1.252044439315795898e+00
1.251899838447570801e+00
1.251773238182067871e+00
1.251650452613830566e+00
1.251621484756469727e+00
1.251462578773498535e+00
1.251453757286071777e+00
1.251316547393798828e+00
1.251242756843566895e+00
1.251106739044189453e+00
1.251051664352416992e+00
1.250887870788574219e+00
1.250852465629577637e+00
1.250702977180480957e+00
1.250651478767395020e+00
1.250518679618835449e+00
1.250475168228149414e+00
1.250329494476318359e+00
1.250297665596008301e+00
1.250145792961120605e+00
1.250100731849670410e+00
1.249958753585815430e+00
1.249909043312072754e+00
1.249769449234008789e+00
1.249732136726379395e+00
1.249587297439575195e+00
1.249552130699157715e+00
1.249406933784484863e+00
1.249362230300903320e+00
1.249220013618469238e+00
1.249173641204833984e+00
1.249031662940979004e+00
1.248991727828979492e+00
1.248848557472229004e+00
1.248810410499572754e+00
1.248667478561401367e+00
1.248625278472900391e+00
1.248483657836914062e+00
1.248439431190490723e+00
1.248299002647399902e+00
1.248256444931030273e+00
1.248116254806518555e+00
1.248074412345886230e+00
1.247934579849243164e+00
1.247890114784240723e+00
1.247752189636230469e+00
1.247703790664672852e+00
1.247569680213928223e+00
1.247518062591552734e+00
1.247388243675231934e+00
1.247333288192749023e+00
1.247207760810852051e+00
1.246917605400085449e+00
1.247356891632080078e+00
1.247236251831054688e+00
1.247459053993225098e+00
1.246790885925292969e+00
1.246599555015563965e+00
1.246325612068176270e+00
1.246259331703186035e+00
1.246429800987243652e+00
1.245996236801147461e+00
1.247220993041992188e+00
1.246319770812988281e+00
1.245831847190856934e+00
1.246011972427368164e+00
1.245372414588928223e+00
1.245531678199768066e+00
1.246129155158996582e+00
1.245613932609558105e+00
1.245907783508300781e+00
1.245591759681701660e+00
1.244840383529663086e+00
1.245083093643188477e+00
1.245129823684692383e+00
1.244745254516601562e+00
1.245085239410400391e+00
1.245131373405456543e+00
1.244612097740173340e+00
1.244647622108459473e+00
1.244559645652770996e+00
1.244248032569885254e+00
1.244314789772033691e+00
1.244242429733276367e+00
1.244143009185791016e+00
1.244270205497741699e+00
1.244063258171081543e+00
1.243985414505004883e+00
1.243983507156372070e+00
1.243905425071716309e+00
1.244020819664001465e+00
1.243983983993530273e+00
1.245383977890014648e+00
1.242503166198730469e+00
1.244283795356750488e+00
1.292987346649169922e+00
1.306766867637634277e+00
1.465070009231567383e+00
1.507445216178894043e+00
1.572410106658935547e+00
1.658379912376403809e+00
1.966706871986389160e+00
1.868214726448059082e+00
1.518489241600036621e+00
1.472442626953125000e+00
1.461062431335449219e+00
1.452863097190856934e+00
1.448135852813720703e+00
1.448378682136535645e+00
1.466990947723388672e+00
1.484338641166687012e+00
1.524078726768493652e+00
1.496513605117797852e+00
1.490904808044433594e+00
1.483787655830383301e+00
1.480235338211059570e+00
1.495536804199218750e+00
1.491883754730224609e+00
1.449366569519042969e+00
1.405107498168945312e+00
1.373777627944946289e+00
1.357290625572204590e+00
1.352262496948242188e+00
1.353773236274719238e+00
1.356951355934143066e+00
1.360231757164001465e+00
1.363280653953552246e+00
1.365663647651672363e+00
1.367027759552001953e+00
1.367122650146484375e+00
1.365901231765747070e+00
1.363647580146789551e+00
1.360893607139587402e+00
1.358169913291931152e+00
1.355850219726562500e+00
1.354135870933532715e+00
1.353088617324829102e+00
1.352655053138732910e+00
1.352689027786254883e+00
1.352983117103576660e+00
1.353315353393554688e+00
1.353499531745910645e+00
1.353424072265625000e+00
1.353070378303527832e+00
1.352500200271606445e+00
1.351822018623352051e+00
1.351151227951049805e+00
1.350578427314758301e+00
1.350153207778930664e+00
1.349884033203125000e+00
1.349746465682983398e+00
1.349708914756774902e+00
1.349779367446899414e+00
1.349895477294921875e+00
1.350003480911254883e+00
1.350065231323242188e+00
1.350062489509582520e+00
1.349995017051696777e+00
1.349875330924987793e+00
1.349722385406494141e+00
1.349553704261779785e+00
1.349381566047668457e+00
1.349213123321533203e+00
1.349048733711242676e+00
1.348882913589477539e+00
1.348707914352416992e+00
1.348518252372741699e+00
1.348312497138977051e+00
1.348093271255493164e+00
1.347865700721740723e+00
1.347636222839355469e+00
1.347409486770629883e+00
1.347187280654907227e+00
1.346968173980712891e+00
1.346748590469360352e+00
1.346525788307189941e+00
1.346297383308410645e+00
1.346059679985046387e+00
1.345827460289001465e+00
1.345605969429016113e+00
1.345352053642272949e+00
1.345039844512939453e+00
1.344692945480346680e+00
1.344346404075622559e+00
1.344022512435913086e+00
1.343719959259033203e+00
1.343415856361389160e+00
1.343115329742431641e+00
1.342805504798889160e+00
1.342463254928588867e+00
1.342088341712951660e+00
1.341743707656860352e+00
1.341356754302978516e+00
1.340460658073425293e+00
1.346984744071960449e+00
1.341642141342163086e+00
1.342871189117431641e+00
1.343610763549804688e+00
1.344038248062133789e+00
1.344247698783874512e+00
1.339719891548156738e+00
1.360026597976684570e+00
1.312665104866027832e+00
1.312821745872497559e+00
1.350106000900268555e+00
1.305531620979309082e+00
1.301275849342346191e+00
1.324866890907287598e+00
1.390428662300109863e+00
1.376062631607055664e+00
1.331468820571899414e+00
1.322657942771911621e+00
1.333929419517517090e+00
1.369353532791137695e+00
1.323494434356689453e+00
1.324163198471069336e+00
1.345476388931274414e+00
1.365579128265380859e+00
1.322981119155883789e+00
1.324612855911254883e+00
1.368797540664672852e+00
1.334040403366088867e+00
1.327721595764160156e+00
1.335181832313537598e+00
1.357940077781677246e+00
1.321651339530944824e+00
1.319611668586730957e+00
1.340959191322326660e+00
1.338185548782348633e+00
1.318166851997375488e+00
1.321080446243286133e+00
1.346346497535705566e+00
1.320753574371337891e+00
1.317957162857055664e+00
1.334554553031921387e+00
1.321145415306091309e+00
1.317742109298706055e+00
1.328033804893493652e+00
1.316869020462036133e+00
1.320336222648620605e+00
1.324523329734802246e+00
1.314338326454162598e+00
1.322575449943542480e+00
1.319121479988098145e+00
1.316259264945983887e+00
1.322126746177673340e+00
1.314354538917541504e+00
1.320600271224975586e+00
1.315756678581237793e+00
1.317481517791748047e+00
1.317050218582153320e+00
1.315183997154235840e+00
1.317839026451110840e+00
1.313352704048156738e+00
1.318638324737548828e+00
1.311705112457275391e+00
1.320020198822021484e+00
1.313581466674804688e+00
1.312622308731079102e+00
1.318456411361694336e+00
1.311352491378784180e+00
1.314377784729003906e+00
1.311815381050109863e+00
1.313510894775390625e+00
1.310681939125061035e+00
1.314600467681884766e+00
1.308475255966186523e+00
1.318928003311157227e+00
1.308637976646423340e+00
1.311929941177368164e+00
1.310020446777343750e+00
1.309900164604187012e+00
1.310347080230712891e+00
1.308256626129150391e+00
1.311935544013977051e+00
1.305965304374694824e+00
1.317578315734863281e+00
1.308422803878784180e+00
1.304814219474792480e+00
1.320547342300415039e+00
1.306075334548950195e+00
1.303410291671752930e+00
1.320898532867431641e+00
1.304503917694091797e+00
1.301995277404785156e+00
1.319845438003540039e+00
1.316606163978576660e+00
1.301261305809020996e+00
1.307235956192016602e+00
1.309200167655944824e+00
1.299260616302490234e+00
1.305990338325500488e+00
1.301729917526245117e+00
1.299105048179626465e+00
1.310757040977478027e+00
1.301359176635742188e+00
1.298810124397277832e+00
1.315338969230651855e+00
1.311874032020568848e+00
1.299504995346069336e+00
1.307451248168945312e+00
1.307490468025207520e+00
1.297499179840087891e+00
1.308759927749633789e+00
1.303326129913330078e+00
1.297890543937683105e+00
1.311349630355834961e+00
1.305074214935302734e+00
1.297186255455017090e+00
1.308017611503601074e+00
1.303685426712036133e+00
1.295935273170471191e+00
1.306907176971435547e+00
1.300089597702026367e+00
1.295727729797363281e+00
1.310053229331970215e+00
1.311766982078552246e+00
1.294001579284667969e+00
1.293653726577758789e+00
1.306770324707031250e+00
1.305404901504516602e+00
1.293205976486206055e+00
1.303481221199035645e+00
1.301288843154907227e+00
1.292392253875732422e+00
1.304277420043945312e+00
1.298915505409240723e+00
1.292473793029785156e+00
1.305862307548522949e+00
1.307622432708740234e+00
1.289461970329284668e+00
1.271003842353820801e+00
1.283517837524414062e+00
1.286476850509643555e+00
1.273450732231140137e+00
1.286862254142761230e+00
1.306712031364440918e+00
1.299285531044006348e+00
1.294846296310424805e+00
1.275773406028747559e+00
1.393115401268005371e+00
1.345847249031066895e+00
1.350810289382934570e+00
1.369415283203125000e+00
1.406135439872741699e+00
1.449647188186645508e+00
1.493864417076110840e+00
1.525268793106079102e+00
1.538964986801147461e+00
1.534468293190002441e+00
1.520526528358459473e+00
1.502783536911010742e+00
1.482650995254516602e+00
1.462107062339782715e+00
1.443146586418151855e+00
1.428791999816894531e+00
1.418995380401611328e+00
1.413883686065673828e+00
1.415139675140380859e+00
1.421450257301330566e+00
1.427893280982971191e+00
1.430804848670959473e+00
1.432507395744323730e+00
1.429781317710876465e+00
1.424111127853393555e+00
1.424101471900939941e+00
1.427759885787963867e+00
1.424640059471130371e+00
1.421935081481933594e+00
1.420021772384643555e+00
1.418951272964477539e+00
1.418659210205078125e+00
1.418971061706542969e+00
1.419629573822021484e+00
1.420327663421630859e+00
1.420578956604003906e+00
1.408280491828918457e+00
1.399733662605285645e+00
1.396722078323364258e+00
1.392067432403564453e+00
1.386798381805419922e+00
1.381690025329589844e+00
1.377211332321166992e+00
1.373586893081665039e+00
1.370877742767333984e+00
1.369035959243774414e+00
1.367936253547668457e+00
1.367409467697143555e+00
1.367305994033813477e+00
1.367466688156127930e+00
1.367810964584350586e+00
1.368233323097229004e+00
1.368549704551696777e+00
1.368665933609008789e+00
1.368582010269165039e+00
1.368351221084594727e+00
1.368015170097351074e+00
1.367571234703063965e+00
1.367005228996276855e+00
1.366342782974243164e+00
1.365659832954406738e+00
1.365043282508850098e+00
1.364535331726074219e+00
1.364122509956359863e+00
1.363798618316650391e+00
1.363562822341918945e+00
1.363401174545288086e+00
1.363299012184143066e+00
1.363222718238830566e+00
1.363123178482055664e+00
1.362962722778320312e+00
1.362750053405761719e+00
1.362531661987304688e+00
1.362208366394042969e+00
1.361865997314453125e+00
1.361450672149658203e+00
1.361126303672790527e+00
1.360733032226562500e+00
1.360190629959106445e+00
1.360042572021484375e+00
1.359712123870849609e+00
1.359132528305053711e+00
1.359246730804443359e+00
1.359118223190307617e+00
1.358095765113830566e+00
1.359755873680114746e+00
1.361897945404052734e+00
1.361955881118774414e+00
1.360726714134216309e+00
1.358226060867309570e+00
1.354179382324218750e+00
1.355416059494018555e+00
1.359353661537170410e+00
1.360587835311889648e+00
1.360396623611450195e+00
1.359132528305053711e+00
1.356729865074157715e+00
1.352638602256774902e+00
1.353353500366210938e+00
1.357075929641723633e+00
1.358205437660217285e+00
1.357779979705810547e+00
1.355807304382324219e+00
1.351736307144165039e+00
1.352196812629699707e+00
1.355763912200927734e+00
1.356286287307739258e+00
1.354361057281494141e+00
1.350977063179016113e+00
1.352912783622741699e+00
1.356724977493286133e+00
1.357073187828063965e+00
1.355047464370727539e+00
1.350381851196289062e+00
1.349292278289794922e+00
1.351091861724853516e+00
1.349789738655090332e+00
1.349082946777343750e+00
1.349135637283325195e+00
1.349746108055114746e+00
1.349829196929931641e+00
1.348959445953369141e+00
1.349431395530700684e+00
1.348551750183105469e+00
1.348823547363281250e+00
1.349166989326477051e+00
1.346230387687683105e+00
1.346937775611877441e+00
1.348939180374145508e+00
1.345974802970886230e+00
1.345152854919433594e+00
1.346435189247131348e+00
1.344903826713562012e+00
1.345350027084350586e+00
1.345571398735046387e+00
1.344035148620605469e+00
1.344584345817565918e+00
1.343650221824645996e+00
1.342806577682495117e+00
1.343518137931823730e+00
1.342106342315673828e+00
1.341787219047546387e+00
1.342507123947143555e+00
1.341251254081726074e+00
1.340889573097229004e+00
1.341385960578918457e+00
1.340250968933105469e+00
1.339563250541687012e+00
1.340093612670898438e+00
1.339161396026611328e+00
1.337998151779174805e+00
1.338434815406799316e+00
1.338222742080688477e+00
1.336975812911987305e+00
1.336435914039611816e+00
1.336556792259216309e+00
1.336153268814086914e+00
1.335120201110839844e+00
1.334327936172485352e+00
1.334034442901611328e+00
1.333800315856933594e+00
1.333198785781860352e+00
1.332308650016784668e+00
1.331481814384460449e+00
1.330910563468933105e+00
1.330516576766967773e+00
1.330088019371032715e+00
1.329498291015625000e+00
1.328807711601257324e+00
1.328165769577026367e+00
1.327657580375671387e+00
1.327256083488464355e+00
1.326871037483215332e+00
1.326436996459960938e+00
1.325955867767333984e+00
1.325474262237548828e+00
1.325036525726318359e+00
1.324650883674621582e+00
1.324290156364440918e+00
1.323922753334045410e+00
1.323545932769775391e+00
1.323187828063964844e+00
1.322876572608947754e+00
