4.600257492065429688e+01
4.550422668457031250e+01
4.500728225708007812e+01
4.450020980834960938e+01
4.396915435791015625e+01
4.340515136718750000e+01
4.280442047119140625e+01
4.216589355468750000e+01
4.148991394042968750e+01
4.077780532836914062e+01
4.003168106079101562e+01
3.925449752807617188e+01
3.845001602172851562e+01
3.762284088134765625e+01
3.677833175659179688e+01
3.592259216308593750e+01
3.506234741210937500e+01
3.420481491088867188e+01
3.335752487182617188e+01
3.252813339233398438e+01
3.172417449951171875e+01
3.095280075073242188e+01
3.022053337097167969e+01
2.953301239013671875e+01
2.889478492736816406e+01
2.830915260314941406e+01
2.777807998657226562e+01
2.730222129821777344e+01
2.688097381591796875e+01
2.651263427734375000e+01
2.619461441040039062e+01
2.592364692687988281e+01
2.569601821899414062e+01
2.550777816772460938e+01
2.535489845275878906e+01
2.523341178894042969e+01
2.513949203491210938e+01
2.506952285766601562e+01
2.502011871337890625e+01
2.498814582824707031e+01
2.497072219848632812e+01
2.496521568298339844e+01
2.496924972534179688e+01
2.498068809509277344e+01
2.499765014648437500e+01
2.501847267150878906e+01
2.504174613952636719e+01
2.506626892089843750e+01
2.509105491638183594e+01
2.511531639099121094e+01
2.513843536376953125e+01
2.515996170043945312e+01
2.517958641052246094e+01
2.519711685180664062e+01
2.521246910095214844e+01
2.522563743591308594e+01
2.523668289184570312e+01
2.524571800231933594e+01
2.525289535522460938e+01
2.525838661193847656e+01
2.526238250732421875e+01
2.526507186889648438e+01
2.526664733886718750e+01
2.526729393005371094e+01
2.526719093322753906e+01
2.526648902893066406e+01
2.526534080505371094e+01
2.526387023925781250e+01
2.526218414306640625e+01
2.526038551330566406e+01
2.525854682922363281e+01
2.525673103332519531e+01
2.525498771667480469e+01
2.525335693359375000e+01
2.525185966491699219e+01
2.525051498413085938e+01
2.524933815002441406e+01
2.524832153320312500e+01
2.524746704101562500e+01
2.524676513671875000e+01
2.524620819091796875e+01
2.524578285217285156e+01
2.524547386169433594e+01
2.524526786804199219e+01
2.524514961242675781e+01
2.524510383605957031e+01
2.524511909484863281e+01
2.524518013000488281e+01
2.524527740478515625e+01
2.524539947509765625e+01
2.524554252624511719e+01
2.524569129943847656e+01
2.524584197998046875e+01
2.524598884582519531e+01
2.524613189697265625e+01
2.524626350402832031e+01
2.524638366699218750e+01
2.524648857116699219e+01
2.524658203125000000e+01
2.524666023254394531e+01
2.524672317504882812e+01
2.524677467346191406e+01
2.524681282043457031e+01
2.524684143066406250e+01
2.524685859680175781e+01
2.524686813354492188e+01
2.524687004089355469e+01
2.524686813354492188e+01
2.524685478210449219e+01
2.524684333801269531e+01
2.524682998657226562e+01
2.524681282043457031e+01
2.524679374694824219e+01
2.524677467346191406e+01
2.524675559997558594e+01
2.524673652648925781e+01
2.524671936035156250e+01
2.524670410156250000e+01
2.524669075012207031e+01
2.524667739868164062e+01
2.524666595458984375e+01
2.524665641784667969e+01
2.524664688110351562e+01
2.524664115905761719e+01
2.524663543701171875e+01
2.524662971496582031e+01
2.524662590026855469e+01
2.524662399291992188e+01
2.524662208557128906e+01
2.524662208557128906e+01
2.524662208557128906e+01
2.524662208557128906e+01
2.524662208557128906e+01
2.524662208557128906e+01
2.524662208557128906e+01
2.524662208557128906e+01
2.524662208557128906e+01
2.524662399291992188e+01
2.524662399291992188e+01
2.524662399291992188e+01
2.524662399291992188e+01
2.524662590026855469e+01
2.524662208557128906e+01
2.524662208557128906e+01
2.524662208557128906e+01
2.524662208557128906e+01
2.524662208557128906e+01
2.524662017822265625e+01
2.524662017822265625e+01
2.524662017822265625e+01
2.524661827087402344e+01
2.524661827087402344e+01
2.524661827087402344e+01
2.524661636352539062e+01
2.524661636352539062e+01
2.524661445617675781e+01
2.524661445617675781e+01
2.524661254882812500e+01
2.524661254882812500e+01
2.524660873413085938e+01
2.524660873413085938e+01
2.524660873413085938e+01
2.524660682678222656e+01
2.524660491943359375e+01
2.524660491943359375e+01
2.524660491943359375e+01
2.524660301208496094e+01
2.524660301208496094e+01
2.524660301208496094e+01
2.524660110473632812e+01
2.524660110473632812e+01
2.524660110473632812e+01
2.524659919738769531e+01
2.524659729003906250e+01
2.524659729003906250e+01
2.524659729003906250e+01
2.524659729003906250e+01
2.524659538269042969e+01
2.524659538269042969e+01
2.524659538269042969e+01
2.524659347534179688e+01
2.524659347534179688e+01
2.524659347534179688e+01
2.524658966064453125e+01
2.524658966064453125e+01
2.524658966064453125e+01
2.524658775329589844e+01
2.524658775329589844e+01
2.524658775329589844e+01
2.524658775329589844e+01
2.524658584594726562e+01
2.524658584594726562e+01
2.524658584594726562e+01
2.524658584594726562e+01
2.524658393859863281e+01
2.524658393859863281e+01
2.524658393859863281e+01
2.524658393859863281e+01
2.524658393859863281e+01
2.524658393859863281e+01
2.524658203125000000e+01
2.524658203125000000e+01
2.524658203125000000e+01
2.524658012390136719e+01
2.524658012390136719e+01
2.524658012390136719e+01
2.524658012390136719e+01
2.524658012390136719e+01
2.524658012390136719e+01
2.524657821655273438e+01
2.524657630920410156e+01
2.524657630920410156e+01
2.524657630920410156e+01
2.524657630920410156e+01
2.524657630920410156e+01
2.524657630920410156e+01
2.524657630920410156e+01
2.524657630920410156e+01
2.524657440185546875e+01
2.524657440185546875e+01
2.524657440185546875e+01
2.524657440185546875e+01
2.524657058715820312e+01
2.524657058715820312e+01
2.524657058715820312e+01
2.524657058715820312e+01
2.524657058715820312e+01
2.524657058715820312e+01
2.524657058715820312e+01
2.524656867980957031e+01
2.524656867980957031e+01
2.524656867980957031e+01
2.524656867980957031e+01
2.524656867980957031e+01
2.524656677246093750e+01
2.524656677246093750e+01
2.524656677246093750e+01
2.524656677246093750e+01
2.524656677246093750e+01
2.524656677246093750e+01
2.524656677246093750e+01
2.524656486511230469e+01
2.524656295776367188e+01
2.524656486511230469e+01
2.524656295776367188e+01
2.524656295776367188e+01
2.524656486511230469e+01
2.524656295776367188e+01
2.524656295776367188e+01
2.524656295776367188e+01
2.524656295776367188e+01
2.524656295776367188e+01
2.524656295776367188e+01
2.524656295776367188e+01
2.524656295776367188e+01
2.524656295776367188e+01
2.524656295776367188e+01
2.524656295776367188e+01
2.524656295776367188e+01
2.524656295776367188e+01
2.524656295776367188e+01
2.524656295776367188e+01
2.524656295776367188e+01
2.524655914306640625e+01
2.524656105041503906e+01
2.524655914306640625e+01
2.524655914306640625e+01
2.524655914306640625e+01
2.524655914306640625e+01
2.524655914306640625e+01
2.524655914306640625e+01
2.524655914306640625e+01
2.524655914306640625e+01
2.524655914306640625e+01
2.524655914306640625e+01
2.524655914306640625e+01
2.524655914306640625e+01
2.524655723571777344e+01
2.524655723571777344e+01
2.524655723571777344e+01
2.524655723571777344e+01
2.524655723571777344e+01
2.524655723571777344e+01
2.524655532836914062e+01
2.524655723571777344e+01
2.524655723571777344e+01
2.524655532836914062e+01
2.524655723571777344e+01
2.524655723571777344e+01
2.524655532836914062e+01
2.524655532836914062e+01
2.524655723571777344e+01
2.524655532836914062e+01
2.524655532836914062e+01
2.524655532836914062e+01
2.524655532836914062e+01
2.524655532836914062e+01
2.524655532836914062e+01
2.524655151367187500e+01
2.524655151367187500e+01
2.524655151367187500e+01
2.524655151367187500e+01
2.524655151367187500e+01
2.524655151367187500e+01
2.524655151367187500e+01
2.524655151367187500e+01
2.524655151367187500e+01
2.524655151367187500e+01
2.524655151367187500e+01
2.524655151367187500e+01
2.524655151367187500e+01
2.524654960632324219e+01
2.524654960632324219e+01
2.524654960632324219e+01
2.524654960632324219e+01
2.524654960632324219e+01
2.524654960632324219e+01
2.524654769897460938e+01
2.524654769897460938e+01
2.524654769897460938e+01
2.524654769897460938e+01
2.524654769897460938e+01
2.524654769897460938e+01
2.524654769897460938e+01
2.524654769897460938e+01
2.524654769897460938e+01
2.524654769897460938e+01
2.524654769897460938e+01
2.524654769897460938e+01
2.524654579162597656e+01
2.524654769897460938e+01
2.524654769897460938e+01
2.524654769897460938e+01
2.524654579162597656e+01
2.524654769897460938e+01
2.524654579162597656e+01
2.524654579162597656e+01
2.524654579162597656e+01
2.524654579162597656e+01
2.524654579162597656e+01
2.524654579162597656e+01
2.524654579162597656e+01
2.524654579162597656e+01
2.524654579162597656e+01
2.524654579162597656e+01
2.524654579162597656e+01
2.524654388427734375e+01
2.524654388427734375e+01
2.524654388427734375e+01
2.524654388427734375e+01
2.524654579162597656e+01
2.524654388427734375e+01
2.524654388427734375e+01
2.524654388427734375e+01
2.524654388427734375e+01
2.524654197692871094e+01
2.524654197692871094e+01
2.524654388427734375e+01
2.524654388427734375e+01
2.524654197692871094e+01
2.524654197692871094e+01
2.524654197692871094e+01
2.524654197692871094e+01
2.524654197692871094e+01
2.524654197692871094e+01
2.524654197692871094e+01
2.524654197692871094e+01
2.524654197692871094e+01
2.524654197692871094e+01
2.524654197692871094e+01
2.524654197692871094e+01
2.524654197692871094e+01
2.524654197692871094e+01
2.524654197692871094e+01
2.524654197692871094e+01
2.524654197692871094e+01
2.524654197692871094e+01
2.524654197692871094e+01
2.524654197692871094e+01
2.524654197692871094e+01
2.524654197692871094e+01
2.524654197692871094e+01
2.524654197692871094e+01
2.524654197692871094e+01
2.524654197692871094e+01
2.524654197692871094e+01
2.524654197692871094e+01
2.524654197692871094e+01
2.524654197692871094e+01
2.524654197692871094e+01
2.524654197692871094e+01
2.524654006958007812e+01
2.524654006958007812e+01
2.524654006958007812e+01
2.524654006958007812e+01
2.524654006958007812e+01
2.524654006958007812e+01
2.524654006958007812e+01
2.524654006958007812e+01
2.524654006958007812e+01
2.524654006958007812e+01
2.524654006958007812e+01
2.524653816223144531e+01
2.524653816223144531e+01
2.524653816223144531e+01
2.524653816223144531e+01
2.524653816223144531e+01
2.524653816223144531e+01
2.524653816223144531e+01
2.524653816223144531e+01
2.524653816223144531e+01
2.524653816223144531e+01
2.524653816223144531e+01
2.524653816223144531e+01
2.524653816223144531e+01
2.524653816223144531e+01
2.524653816223144531e+01
2.524653816223144531e+01
2.524653816223144531e+01
2.524653816223144531e+01
2.524653816223144531e+01
2.524653816223144531e+01
2.524653816223144531e+01
2.524653816223144531e+01
2.524653816223144531e+01
2.524653816223144531e+01
2.524653816223144531e+01
2.524653816223144531e+01
2.524653816223144531e+01
2.524653816223144531e+01
2.524653816223144531e+01
2.524653816223144531e+01
2.524653816223144531e+01
2.524653816223144531e+01
2.524653816223144531e+01
2.524653816223144531e+01
2.524653816223144531e+01
2.524653816223144531e+01
2.524653816223144531e+01
2.524653816223144531e+01
2.524653816223144531e+01
2.524653816223144531e+01
2.524653816223144531e+01
2.524653816223144531e+01
2.524653244018554688e+01
2.524653816223144531e+01
2.524653816223144531e+01
2.524653244018554688e+01
2.524653244018554688e+01
2.524653816223144531e+01
2.524653244018554688e+01
2.524653244018554688e+01
2.524653244018554688e+01
2.524653244018554688e+01
2.524653244018554688e+01
2.524653244018554688e+01
2.524653244018554688e+01
2.524653244018554688e+01
2.524653244018554688e+01
2.524653244018554688e+01
2.524653244018554688e+01
2.524653244018554688e+01
2.524653244018554688e+01
2.524653244018554688e+01
2.524653244018554688e+01
2.524653244018554688e+01
2.524653244018554688e+01
2.524653244018554688e+01
2.524653244018554688e+01
2.524653244018554688e+01
2.524653244018554688e+01
2.524653244018554688e+01
2.524653244018554688e+01
2.524653244018554688e+01
2.524653244018554688e+01
2.524653244018554688e+01
2.524653244018554688e+01
2.524653244018554688e+01
2.524653244018554688e+01
2.524653244018554688e+01
2.524653244018554688e+01
2.524653053283691406e+01
2.524653244018554688e+01
2.524653244018554688e+01
2.524653244018554688e+01
2.524653053283691406e+01
2.524653244018554688e+01
2.524653053283691406e+01
2.524653244018554688e+01
2.524653244018554688e+01
2.524653244018554688e+01
2.524653053283691406e+01
2.524653053283691406e+01
2.524653053283691406e+01
2.524653053283691406e+01
2.524653053283691406e+01
2.524653053283691406e+01
2.524653053283691406e+01
2.524653053283691406e+01
2.524653053283691406e+01
2.524653053283691406e+01
2.524653053283691406e+01
2.524653053283691406e+01
2.524653053283691406e+01
2.524653053283691406e+01
2.524653053283691406e+01
2.524653053283691406e+01
2.524653053283691406e+01
2.524653053283691406e+01
2.524653053283691406e+01
2.524653053283691406e+01
2.524653053283691406e+01
2.524653053283691406e+01
2.524653053283691406e+01
2.524653053283691406e+01
2.524653053283691406e+01
2.524653053283691406e+01
2.524653053283691406e+01
2.524653053283691406e+01
2.524653053283691406e+01
2.524653053283691406e+01
2.524652862548828125e+01
2.524653053283691406e+01
2.524652862548828125e+01
2.524653053283691406e+01
2.524653053283691406e+01
2.524652862548828125e+01
2.524653053283691406e+01
2.524652862548828125e+01
2.524652862548828125e+01
2.524652862548828125e+01
2.524652862548828125e+01
2.524652862548828125e+01
2.524652862548828125e+01
2.524652862548828125e+01
2.524652862548828125e+01
2.524652862548828125e+01
2.524652862548828125e+01
2.524652862548828125e+01
2.524652862548828125e+01
2.524652862548828125e+01
2.524652862548828125e+01
2.524652862548828125e+01
2.524652862548828125e+01
2.524652862548828125e+01
2.524652862548828125e+01
2.524652862548828125e+01
2.524652862548828125e+01
2.524652862548828125e+01
2.524652862548828125e+01
2.524652862548828125e+01
2.524652862548828125e+01
2.524652862548828125e+01
2.524652862548828125e+01
2.524652862548828125e+01
2.524652862548828125e+01
2.524652862548828125e+01
2.524652862548828125e+01
2.524652862548828125e+01
2.524652862548828125e+01
2.524652862548828125e+01
2.524652862548828125e+01
2.524652862548828125e+01
2.524652862548828125e+01
2.524652862548828125e+01
2.524652862548828125e+01
2.524652862548828125e+01
2.524652671813964844e+01
2.524652862548828125e+01
2.524652862548828125e+01
2.524652671813964844e+01
2.524652862548828125e+01
2.524652862548828125e+01
2.524652671813964844e+01
2.524652671813964844e+01
2.524652671813964844e+01
2.524652671813964844e+01
2.524652671813964844e+01
2.524652671813964844e+01
2.524652671813964844e+01
2.524652671813964844e+01
2.524652671813964844e+01
2.524652671813964844e+01
2.524652671813964844e+01
2.524652671813964844e+01
2.524652671813964844e+01
2.524652671813964844e+01
2.524652671813964844e+01
2.524652671813964844e+01
2.524652671813964844e+01
2.524652671813964844e+01
2.524652671813964844e+01
2.524652671813964844e+01
2.524652671813964844e+01
2.524652671813964844e+01
2.524652671813964844e+01
2.524652671813964844e+01
2.524652671813964844e+01
2.524652671813964844e+01
2.524652671813964844e+01
2.524652671813964844e+01
2.524652481079101562e+01
2.524652481079101562e+01
2.524652671813964844e+01
2.524652671813964844e+01
2.524652481079101562e+01
2.524652671813964844e+01
2.524652671813964844e+01
2.524652671813964844e+01
2.524652481079101562e+01
2.524652671813964844e+01
2.524652671813964844e+01
2.524652671813964844e+01
2.524652671813964844e+01
2.524652481079101562e+01
2.524652481079101562e+01
2.524652481079101562e+01
2.524652481079101562e+01
2.524652481079101562e+01
2.524652481079101562e+01
2.524652481079101562e+01
2.524652671813964844e+01
2.524652671813964844e+01
2.524652481079101562e+01
2.524652481079101562e+01
2.524652481079101562e+01
2.524652481079101562e+01
2.524652671813964844e+01
2.524652481079101562e+01
2.524652671813964844e+01
2.524652481079101562e+01
2.524652481079101562e+01
2.524652481079101562e+01
2.524652481079101562e+01
2.524652481079101562e+01
2.524652481079101562e+01
2.524652481079101562e+01
2.524652481079101562e+01
2.524652481079101562e+01
2.524652481079101562e+01
2.524652671813964844e+01
2.524652481079101562e+01
2.524652481079101562e+01
2.524652481079101562e+01
2.524652481079101562e+01
2.524652671813964844e+01
2.524652481079101562e+01
2.524652481079101562e+01
2.524652481079101562e+01
2.524652290344238281e+01
2.524652290344238281e+01
2.524652290344238281e+01
2.524652290344238281e+01
2.524652481079101562e+01
2.524652290344238281e+01
2.524652290344238281e+01
2.524652290344238281e+01
2.524652290344238281e+01
2.524652290344238281e+01
2.524652290344238281e+01
2.524652290344238281e+01
2.524652290344238281e+01
2.524652290344238281e+01
2.524652290344238281e+01
2.524652290344238281e+01
2.524652290344238281e+01
2.524652290344238281e+01
2.524652290344238281e+01
2.524652290344238281e+01
2.524652290344238281e+01
2.524652290344238281e+01
2.524652290344238281e+01
2.524652290344238281e+01
2.524652290344238281e+01
2.524652290344238281e+01
2.524652290344238281e+01
2.524652290344238281e+01
2.524652290344238281e+01
2.524652290344238281e+01
2.524652290344238281e+01
2.524652290344238281e+01
2.524652290344238281e+01
2.524652290344238281e+01
2.524652290344238281e+01
2.524652481079101562e+01
2.524652290344238281e+01
2.524652290344238281e+01
2.524652290344238281e+01
2.524652290344238281e+01
2.524652290344238281e+01
2.524652290344238281e+01
2.524652290344238281e+01
2.524652290344238281e+01
2.524652290344238281e+01
2.524652290344238281e+01
2.524652290344238281e+01
2.524652290344238281e+01
2.524652290344238281e+01
2.524652290344238281e+01
2.524652290344238281e+01
2.524652290344238281e+01
2.524652290344238281e+01
2.524652290344238281e+01
2.524652290344238281e+01
2.524652290344238281e+01
2.524652290344238281e+01
2.524652290344238281e+01
2.524652290344238281e+01
2.524652290344238281e+01
2.524652290344238281e+01
2.524652290344238281e+01
2.524652290344238281e+01
2.524652290344238281e+01
2.524652290344238281e+01
2.524652290344238281e+01
2.524652290344238281e+01
2.524652290344238281e+01
2.524652290344238281e+01
2.524652290344238281e+01
2.524652290344238281e+01
2.524652290344238281e+01
2.524652290344238281e+01
2.524652290344238281e+01
2.524652290344238281e+01
2.524652290344238281e+01
2.524652290344238281e+01
2.524652290344238281e+01
2.524652290344238281e+01
2.524652290344238281e+01
2.524652290344238281e+01
2.524652290344238281e+01
2.524652290344238281e+01
2.524652290344238281e+01
2.524652290344238281e+01
2.524652290344238281e+01
2.524652290344238281e+01
2.524652290344238281e+01
2.524652290344238281e+01
2.524652099609375000e+01
2.524652290344238281e+01
2.524652290344238281e+01
2.524652290344238281e+01
2.524652290344238281e+01
2.524652290344238281e+01
2.524652290344238281e+01
2.524652290344238281e+01
2.524652099609375000e+01
2.524652290344238281e+01
2.524652099609375000e+01
2.524652099609375000e+01
2.524652099609375000e+01
2.524651908874511719e+01
2.524652099609375000e+01
2.524652099609375000e+01
2.524652099609375000e+01
2.524652099609375000e+01
2.524652099609375000e+01
2.524652099609375000e+01
2.524652099609375000e+01
2.524652099609375000e+01
2.524652099609375000e+01
2.524652099609375000e+01
2.524652099609375000e+01
2.524652099609375000e+01
2.524651908874511719e+01
2.524651908874511719e+01
2.524651908874511719e+01
2.524651908874511719e+01
2.524651908874511719e+01
2.524651908874511719e+01
2.524652099609375000e+01
2.524651908874511719e+01
2.524652099609375000e+01
2.524652099609375000e+01
2.524651908874511719e+01
2.524652099609375000e+01
2.524652099609375000e+01
2.524652099609375000e+01
2.524652099609375000e+01
2.524652099609375000e+01
2.524652099609375000e+01
2.524652099609375000e+01
2.524652099609375000e+01
2.524652099609375000e+01
2.524652099609375000e+01
2.524652099609375000e+01
2.524652099609375000e+01
2.524652099609375000e+01
2.524651908874511719e+01
2.524652099609375000e+01
2.524652099609375000e+01
2.524652099609375000e+01
2.524652099609375000e+01
2.524652099609375000e+01
2.524652099609375000e+01
2.524652099609375000e+01
2.524652099609375000e+01
2.524652099609375000e+01
2.524652099609375000e+01
2.524652099609375000e+01
2.524652099609375000e+01
2.524651908874511719e+01
2.524651908874511719e+01
2.524651908874511719e+01
2.524652099609375000e+01
2.524651908874511719e+01
2.524651908874511719e+01
2.524651908874511719e+01
2.524651908874511719e+01
2.524651908874511719e+01
2.524651908874511719e+01
2.524651908874511719e+01
2.524651908874511719e+01
2.524651908874511719e+01
2.524651908874511719e+01
2.524651908874511719e+01
2.524651908874511719e+01
2.524651908874511719e+01
2.524651908874511719e+01
2.524651908874511719e+01
2.524651908874511719e+01
2.524651908874511719e+01
2.524651908874511719e+01
2.524651908874511719e+01
2.524651908874511719e+01
2.524651908874511719e+01
2.524651908874511719e+01
2.524651908874511719e+01
2.524651908874511719e+01
2.524651908874511719e+01
2.524651908874511719e+01
2.524651908874511719e+01
2.524651908874511719e+01
2.524651908874511719e+01
2.524651908874511719e+01
2.524651908874511719e+01
2.524651908874511719e+01
2.524651908874511719e+01
2.524651908874511719e+01
2.524651908874511719e+01
2.524651908874511719e+01
2.524651908874511719e+01
2.524651908874511719e+01
2.524651908874511719e+01
2.524651908874511719e+01
2.524651908874511719e+01
2.524651908874511719e+01
2.524651908874511719e+01
2.524651908874511719e+01
2.524651908874511719e+01
2.524651908874511719e+01
2.524651908874511719e+01
2.524651908874511719e+01
2.524651908874511719e+01
2.524651908874511719e+01
2.524651908874511719e+01
2.524651908874511719e+01
2.524651908874511719e+01
2.524651908874511719e+01
2.524651908874511719e+01
2.524651908874511719e+01
2.524651908874511719e+01
2.524651908874511719e+01
2.524651908874511719e+01
2.524651908874511719e+01
2.524651908874511719e+01
2.524651908874511719e+01
2.524651718139648438e+01
2.524651908874511719e+01
2.524651908874511719e+01
2.524651908874511719e+01
2.524651908874511719e+01
2.524651908874511719e+01
2.524651908874511719e+01
2.524651908874511719e+01
2.524651908874511719e+01
2.524651718139648438e+01
2.524651908874511719e+01
2.524651908874511719e+01
2.524651908874511719e+01
2.524651908874511719e+01
2.524651908874511719e+01
2.524651908874511719e+01
2.524651908874511719e+01
2.524651908874511719e+01
2.524651908874511719e+01
2.524651908874511719e+01
2.524651908874511719e+01
2.524651908874511719e+01
2.524651908874511719e+01
2.524651718139648438e+01
2.524651718139648438e+01
2.524651718139648438e+01
2.524651718139648438e+01
2.524651527404785156e+01
2.524651718139648438e+01
2.524651718139648438e+01
2.524651718139648438e+01
2.524651718139648438e+01
2.524651718139648438e+01
2.524651718139648438e+01
2.524651718139648438e+01
2.524651718139648438e+01
2.524651718139648438e+01
2.524651718139648438e+01
2.524651718139648438e+01
2.524651718139648438e+01
2.524651718139648438e+01
2.524651718139648438e+01
2.524651718139648438e+01
2.524651718139648438e+01
2.524651718139648438e+01
2.524651527404785156e+01
2.524651527404785156e+01
2.524651527404785156e+01
2.524651527404785156e+01
2.524651527404785156e+01
2.524651527404785156e+01
2.524651527404785156e+01
2.524651527404785156e+01
2.524651527404785156e+01
2.524651527404785156e+01
2.524651527404785156e+01
2.524651527404785156e+01
2.524651527404785156e+01
2.524651718139648438e+01
2.524651527404785156e+01
2.524651718139648438e+01
2.524651718139648438e+01
2.524651718139648438e+01
2.524651718139648438e+01
2.524651718139648438e+01
2.524651718139648438e+01
2.524651718139648438e+01
2.524651527404785156e+01
2.524651718139648438e+01
2.524651718139648438e+01
2.524651718139648438e+01
2.524651718139648438e+01
2.524651527404785156e+01
2.524651527404785156e+01
2.524651718139648438e+01
2.524651527404785156e+01
2.524651718139648438e+01
2.524651718139648438e+01
2.524651718139648438e+01
2.524651718139648438e+01
2.524651718139648438e+01
2.524651718139648438e+01
2.524651718139648438e+01
2.524651718139648438e+01
2.524651718139648438e+01
2.524651718139648438e+01
2.524651718139648438e+01
2.524651718139648438e+01
2.524651718139648438e+01
2.524651718139648438e+01
2.524651718139648438e+01
2.524651718139648438e+01
2.524651718139648438e+01
2.524651718139648438e+01
2.524651718139648438e+01
2.524651718139648438e+01
2.524651718139648438e+01
2.524651718139648438e+01
2.524651527404785156e+01
2.524651527404785156e+01
2.524651527404785156e+01
2.524651718139648438e+01
2.524651527404785156e+01
2.524651527404785156e+01
2.524651527404785156e+01
2.524651527404785156e+01
2.524651527404785156e+01
2.524651527404785156e+01
2.524651527404785156e+01
2.524651527404785156e+01
2.524651527404785156e+01
2.524651527404785156e+01
2.524651527404785156e+01
2.524651527404785156e+01
2.524651527404785156e+01
2.524651527404785156e+01
2.524651527404785156e+01
2.524651527404785156e+01
2.524651527404785156e+01
2.524651527404785156e+01
2.524651527404785156e+01
2.524651527404785156e+01
2.524651527404785156e+01
2.524651527404785156e+01
2.524651527404785156e+01
2.524651527404785156e+01
2.524651527404785156e+01
2.524651527404785156e+01
2.524651527404785156e+01
2.524651527404785156e+01
2.524651527404785156e+01
2.524651527404785156e+01
2.524651527404785156e+01
