3.194302940368652344e+01
3.130145645141601562e+01
3.067749977111816406e+01
2.993100738525390625e+01
2.915045738220214844e+01
2.835002899169921875e+01
2.742624092102050781e+01
2.643361091613769531e+01
2.549689865112304688e+01
2.457316589355468750e+01
2.373176574707031250e+01
2.291235160827636719e+01
2.215065002441406250e+01
2.144264411926269531e+01
2.079938697814941406e+01
2.023165893554687500e+01
1.974595451354980469e+01
1.934354591369628906e+01
1.900621032714843750e+01
1.874777221679687500e+01
1.853507232666015625e+01
1.839725494384765625e+01
1.829305839538574219e+01
1.821355438232421875e+01
1.815614318847656250e+01
1.809768676757812500e+01
1.805684280395507812e+01
1.802836227416992188e+01
1.801096343994140625e+01
1.800357627868652344e+01
1.800431060791015625e+01
1.801061058044433594e+01
1.801964950561523438e+01
1.802877235412597656e+01
1.803586196899414062e+01
1.803953361511230469e+01
1.803917694091796875e+01
1.803487968444824219e+01
1.802724838256835938e+01
1.801719856262207031e+01
1.800575256347656250e+01
1.799387168884277344e+01
1.798234748840332031e+01
1.797173500061035156e+01
1.796234893798828125e+01
1.795429039001464844e+01
1.794748115539550781e+01
1.794168281555175781e+01
1.793649864196777344e+01
1.793131637573242188e+01
1.792526817321777344e+01
1.791698837280273438e+01
1.790191268920898438e+01
1.788170051574707031e+01
1.785676574707031250e+01
1.783522987365722656e+01
1.785859298706054688e+01
1.783396720886230469e+01
1.781984138488769531e+01
1.781303596496582031e+01
1.780242347717285156e+01
1.779192352294921875e+01
1.778241539001464844e+01
1.777333259582519531e+01
1.776927566528320312e+01
1.776070785522460938e+01
1.775758361816406250e+01
1.775538063049316406e+01
1.775430297851562500e+01
1.775308227539062500e+01
1.775217437744140625e+01
1.775101852416992188e+01
1.774769210815429688e+01
1.774051284790039062e+01
1.773707199096679688e+01
1.773466873168945312e+01
1.773037910461425781e+01
1.765954017639160156e+01
1.760943984985351562e+01
1.761878967285156250e+01
1.763347244262695312e+01
1.759296989440917969e+01
1.758037757873535156e+01
1.755803108215332031e+01
1.755146598815917969e+01
1.754900550842285156e+01
1.754770851135253906e+01
1.756180000305175781e+01
1.757571411132812500e+01
1.761165428161621094e+01
1.757546424865722656e+01
1.756242942810058594e+01
1.754791641235351562e+01
1.754796409606933594e+01
1.754881095886230469e+01
1.754993438720703125e+01
1.755098915100097656e+01
1.755178451538085938e+01
1.755220794677734375e+01
1.755218505859375000e+01
1.755165672302246094e+01
1.755058860778808594e+01
1.754898071289062500e+01
1.754687881469726562e+01
1.754438781738281250e+01
1.754163742065429688e+01
1.753875923156738281e+01
1.753587913513183594e+01
1.753309631347656250e+01
1.753048133850097656e+01
1.752809524536132812e+01
1.752635002136230469e+01
1.752473831176757812e+01
1.752324676513671875e+01
1.752185058593750000e+01
1.752047157287597656e+01
1.751858711242675781e+01
1.751652526855468750e+01
1.751565933227539062e+01
1.751583671569824219e+01
1.751701736450195312e+01
1.753581047058105469e+01
1.752615737915039062e+01
1.753087615966796875e+01
1.753329277038574219e+01
1.753430747985839844e+01
1.753438377380371094e+01
1.753388023376464844e+01
1.753290367126464844e+01
1.753157043457031250e+01
1.752998924255371094e+01
1.752833557128906250e+01
1.752669334411621094e+01
1.752504539489746094e+01
1.752356529235839844e+01
1.752195930480957031e+01
1.752015495300292969e+01
1.751737403869628906e+01
1.751314926147460938e+01
1.750912475585937500e+01
1.750652503967285156e+01
1.749852943420410156e+01
1.749372863769531250e+01
1.749188995361328125e+01
1.748702621459960938e+01
1.748283386230468750e+01
1.747731781005859375e+01
1.747137069702148438e+01
1.746480369567871094e+01
1.749086189270019531e+01
1.745613098144531250e+01
1.745696258544921875e+01
1.745661926269531250e+01
1.745068931579589844e+01
1.744724845886230469e+01
1.744171142578125000e+01
1.747935104370117188e+01
1.743649482727050781e+01
1.743574333190917969e+01
1.743363761901855469e+01
1.743267440795898438e+01
1.742790794372558594e+01
1.742276000976562500e+01
1.741710281372070312e+01
1.741181182861328125e+01
1.743899917602539062e+01
1.741195297241210938e+01
1.742008972167968750e+01
1.741680335998535156e+01
1.741473579406738281e+01
1.741135787963867188e+01
1.740731430053710938e+01
1.740046691894531250e+01
1.739306831359863281e+01
1.740872192382812500e+01
1.739472389221191406e+01
1.742302322387695312e+01
1.742394828796386719e+01
1.741956710815429688e+01
1.741519737243652344e+01
1.740148353576660156e+01
1.739314842224121094e+01
1.739241218566894531e+01
1.736404609680175781e+01
1.736370277404785156e+01
1.736442375183105469e+01
1.738583564758300781e+01
1.737005233764648438e+01
1.737683486938476562e+01
1.740207672119140625e+01
1.739348602294921875e+01
1.736481666564941406e+01
1.735610961914062500e+01
1.740266227722167969e+01
1.735204887390136719e+01
1.735083198547363281e+01
1.735353279113769531e+01
1.735424423217773438e+01
1.735111999511718750e+01
1.734278869628906250e+01
1.734064292907714844e+01
1.733955192565917969e+01
1.734091949462890625e+01
1.733444595336914062e+01
1.732534980773925781e+01
1.732052803039550781e+01
1.731851768493652344e+01
1.732810974121093750e+01
1.731690788269042969e+01
1.730547332763671875e+01
1.730198478698730469e+01
1.732063102722167969e+01
1.730021095275878906e+01
1.729699134826660156e+01
1.727553367614746094e+01
1.726151466369628906e+01
1.726585006713867188e+01
1.726927566528320312e+01
1.726883506774902344e+01
1.725151062011718750e+01
1.724868011474609375e+01
1.725262451171875000e+01
1.724101066589355469e+01
1.723571205139160156e+01
1.723046684265136719e+01
1.722526359558105469e+01
1.721867752075195312e+01
1.720929145812988281e+01
1.720423126220703125e+01
1.720237350463867188e+01
1.720251655578613281e+01
1.719665145874023438e+01
1.718496894836425781e+01
1.717872238159179688e+01
1.717430496215820312e+01
1.717280769348144531e+01
1.717076683044433594e+01
1.716506385803222656e+01
1.716088294982910156e+01
1.715871620178222656e+01
1.715794944763183594e+01
1.715754318237304688e+01
1.715631675720214844e+01
1.715424537658691406e+01
1.715243530273437500e+01
1.715015792846679688e+01
1.714868736267089844e+01
1.714815711975097656e+01
1.714805030822753906e+01
1.714756393432617188e+01
1.714430809020996094e+01
1.714338302612304688e+01
1.714426040649414062e+01
1.714470672607421875e+01
1.714310646057128906e+01
1.714292144775390625e+01
1.714346313476562500e+01
1.714379119873046875e+01
1.714088058471679688e+01
1.713972473144531250e+01
1.713994979858398438e+01
1.714192199707031250e+01
1.713901710510253906e+01
1.713779830932617188e+01
1.713770675659179688e+01
1.713850593566894531e+01
1.713911819458007812e+01
1.713702011108398438e+01
1.713555145263671875e+01
1.713508796691894531e+01
1.713553237915039062e+01
1.713547706604003906e+01
1.713392639160156250e+01
1.713328933715820312e+01
1.713353919982910156e+01
1.713392829895019531e+01
1.713196372985839844e+01
1.713164520263671875e+01
1.713226699829101562e+01
1.713271331787109375e+01
1.713258552551269531e+01
1.713111877441406250e+01
1.713028526306152344e+01
1.712996482849121094e+01
1.713027954101562500e+01
1.712845802307128906e+01
1.712818908691406250e+01
1.712839698791503906e+01
1.712891006469726562e+01
1.712774848937988281e+01
1.712710189819335938e+01
1.712695312500000000e+01
1.712719917297363281e+01
1.712670135498046875e+01
1.712601852416992188e+01
1.712539672851562500e+01
1.712523460388183594e+01
1.712480545043945312e+01
1.712431526184082031e+01
1.712420463562011719e+01
1.712425041198730469e+01
1.712356948852539062e+01
1.712298011779785156e+01
1.712286376953125000e+01
1.712304496765136719e+01
1.712303543090820312e+01
1.712184906005859375e+01
1.712125587463378906e+01
1.712109184265136719e+01
1.712145042419433594e+01
1.712135314941406250e+01
1.711994552612304688e+01
1.711956596374511719e+01
1.711942672729492188e+01
1.711967277526855469e+01
1.711949920654296875e+01
1.711853218078613281e+01
1.711795806884765625e+01
1.711760330200195312e+01
1.711753463745117188e+01
1.711759757995605469e+01
1.711709213256835938e+01
1.711647033691406250e+01
1.711611175537109375e+01
1.711611747741699219e+01
1.711635780334472656e+01
1.711585807800292969e+01
1.711505317687988281e+01
1.719158744812011719e+01
1.713025474548339844e+01
1.720642471313476562e+01
1.728796958923339844e+01
1.725637817382812500e+01
1.720201301574707031e+01
1.717690086364746094e+01
1.716914367675781250e+01
1.715872573852539062e+01
1.733837699890136719e+01
1.727952766418457031e+01
1.728655052185058594e+01
1.731322860717773438e+01
1.733256721496582031e+01
1.734987831115722656e+01
1.732666969299316406e+01
1.731387901306152344e+01
1.729562568664550781e+01
1.727835273742675781e+01
1.727130889892578125e+01
1.725312232971191406e+01
1.723641586303710938e+01
1.722455596923828125e+01
1.722293281555175781e+01
1.722394943237304688e+01
1.722940444946289062e+01
1.723420906066894531e+01
1.723665237426757812e+01
1.723672103881835938e+01
1.723404884338378906e+01
1.722953987121582031e+01
1.722583580017089844e+01
1.722416877746582031e+01
1.722346878051757812e+01
1.722362136840820312e+01
1.722476196289062500e+01
1.722687149047851562e+01
1.723024559020996094e+01
1.723250770568847656e+01
1.723253822326660156e+01
1.723047637939453125e+01
1.722686004638671875e+01
1.722275924682617188e+01
1.721933937072753906e+01
1.721681213378906250e+01
1.721525764465332031e+01
1.721381187438964844e+01
1.723692703247070312e+01
1.720588684082031250e+01
1.719657135009765625e+01
1.717119598388671875e+01
1.716524696350097656e+01
1.716377639770507812e+01
1.716436004638671875e+01
1.716868591308593750e+01
1.716162300109863281e+01
1.716030883789062500e+01
1.715970611572265625e+01
1.715835762023925781e+01
1.716081619262695312e+01
1.715711784362792969e+01
1.715690040588378906e+01
1.715666389465332031e+01
1.715908813476562500e+01
1.715764427185058594e+01
1.715811729431152344e+01
1.715723800659179688e+01
1.716022872924804688e+01
1.715809249877929688e+01
1.715937614440917969e+01
1.716134643554687500e+01
1.716299247741699219e+01
1.716807365417480469e+01
1.716095352172851562e+01
1.715876579284667969e+01
1.715762138366699219e+01
1.715752410888671875e+01
1.716058731079101562e+01
1.716207695007324219e+01
1.716286277770996094e+01
1.744918060302734375e+01
1.745543289184570312e+01
1.743873786926269531e+01
1.741830444335937500e+01
1.739838790893554688e+01
1.738146972656250000e+01
1.736838340759277344e+01
1.735900688171386719e+01
1.735290336608886719e+01
1.734965896606445312e+01
1.734885215759277344e+01
1.734992408752441406e+01
1.735210990905761719e+01
1.735455322265625000e+01
1.735650825500488281e+01
1.735751342773437500e+01
1.735745429992675781e+01
1.735650444030761719e+01
1.735499954223632812e+01
1.735330581665039062e+01
1.735173416137695312e+01
1.735049819946289062e+01
1.734971237182617188e+01
1.734941101074218750e+01
1.734956169128417969e+01
1.735007095336914062e+01
1.735080718994140625e+01
1.735163497924804688e+01
1.735241889953613281e+01
1.735306739807128906e+01
1.735352134704589844e+01
1.735376930236816406e+01
1.735383605957031250e+01
1.735375976562500000e+01
1.735358428955078125e+01
1.735335159301757812e+01
1.735309028625488281e+01
1.735282516479492188e+01
1.735256195068359375e+01
1.735230064392089844e+01
1.735203742980957031e+01
1.735176658630371094e+01
1.735148620605468750e+01
1.735119247436523438e+01
1.735088920593261719e+01
1.735058403015136719e+01
1.735028839111328125e+01
1.735001182556152344e+01
1.734976387023925781e+01
1.734954833984375000e+01
1.734936714172363281e+01
1.734921646118164062e+01
1.734909439086914062e+01
1.734898757934570312e+01
1.734889030456542969e+01
1.734879112243652344e+01
1.734868431091308594e+01
1.734856605529785156e+01
1.734843444824218750e+01
1.734829139709472656e+01
1.734814071655273438e+01
1.734798049926757812e+01
1.734782218933105469e+01
1.734766578674316406e+01
1.734751319885253906e+01
1.734736824035644531e+01
1.734723091125488281e+01
1.734709930419921875e+01
1.734697341918945312e+01
1.734685134887695312e+01
1.734672927856445312e+01
1.734660720825195312e+01
1.734648513793945312e+01
1.734635925292968750e+01
1.734623336791992188e+01
1.734610366821289062e+01
1.734597396850585938e+01
1.734584236145019531e+01
1.734571456909179688e+01
1.734558677673339844e+01
1.734546089172363281e+01
1.734533882141113281e+01
1.734521865844726562e+01
1.734510040283203125e+01
1.734498214721679688e+01
1.734486579895019531e+01
1.734475326538085938e+01
1.734463882446289062e+01
1.734452819824218750e+01
1.734441566467285156e+01
1.734430313110351562e+01
1.734419059753417969e+01
1.734407806396484375e+01
1.734396553039550781e+01
1.734384918212890625e+01
1.734373474121093750e+01
1.734361839294433594e+01
1.734350204467773438e+01
1.734338378906250000e+01
1.734326171875000000e+01
1.734313583374023438e+01
1.734300804138183594e+01
1.734287643432617188e+01
1.734273719787597656e+01
1.734259223937988281e+01
1.734244155883789062e+01
1.734227943420410156e+01
1.734210777282714844e+01
1.734192276000976562e+01
1.734172439575195312e+01
1.734150695800781250e+01
1.734127235412597656e+01
1.734101486206054688e+01
1.734073257446289062e+01
1.734042739868164062e+01
1.734009170532226562e+01
1.733973503112792969e+01
1.733935737609863281e+01
1.733896636962890625e+01
1.733857345581054688e+01
1.733831405639648438e+01
1.733815956115722656e+01
1.733801651000976562e+01
1.733787345886230469e+01
1.733773422241210938e+01
1.733759880065917969e+01
1.733747482299804688e+01
1.733736419677734375e+01
1.733727264404296875e+01
1.733719825744628906e+01
1.733713531494140625e+01
1.733708190917968750e+01
1.733702850341796875e+01
1.733697128295898438e+01
1.733690834045410156e+01
1.733683586120605469e+01
1.733675384521484375e+01
1.733666610717773438e+01
1.733657264709472656e+01
1.733647346496582031e+01
1.733637619018554688e+01
1.733627891540527344e+01
1.733618354797363281e+01
1.733609008789062500e+01
1.733600044250488281e+01
1.733591461181640625e+01
1.733583259582519531e+01
1.733575439453125000e+01
1.733567810058593750e+01
1.733560562133789062e+01
1.733553314208984375e+01
1.733546257019042969e+01
1.733539199829101562e+01
1.733532333374023438e+01
1.733525276184082031e+01
1.733518600463867188e+01
1.733511543273925781e+01
1.733504486083984375e+01
1.733497428894042969e+01
1.733490180969238281e+01
1.733482933044433594e+01
1.733475494384765625e+01
1.733468055725097656e+01
1.733460617065429688e+01
1.733452987670898438e+01
1.733445358276367188e+01
1.733438110351562500e+01
1.733430480957031250e+01
1.733423233032226562e+01
1.733416175842285156e+01
1.733409118652343750e+01
1.733402061462402344e+01
1.733395195007324219e+01
1.733388519287109375e+01
1.733381843566894531e+01
1.733375167846679688e+01
1.733368492126464844e+01
1.733362007141113281e+01
1.733355331420898438e+01
1.733348655700683594e+01
1.733341979980468750e+01
1.733335304260253906e+01
1.733328437805175781e+01
1.733321762084960938e+01
1.733315277099609375e+01
1.733308601379394531e+01
1.733301925659179688e+01
1.733295249938964844e+01
1.733288764953613281e+01
1.733282470703125000e+01
1.733275985717773438e+01
1.733269691467285156e+01
1.733263397216796875e+01
1.733257102966308594e+01
1.733250999450683594e+01
1.733244895935058594e+01
1.733238601684570312e+01
1.733232307434082031e+01
1.733226203918457031e+01
1.733220100402832031e+01
1.733213996887207031e+01
1.733207893371582031e+01
1.733201789855957031e+01
1.733195686340332031e+01
1.733189773559570312e+01
1.733183670043945312e+01
1.733177757263183594e+01
1.733171844482421875e+01
1.733165740966796875e+01
1.733160018920898438e+01
1.733153915405273438e+01
1.733148193359375000e+01
1.733142280578613281e+01
1.733136367797851562e+01
1.733130645751953125e+01
1.733124923706054688e+01
1.733119010925292969e+01
1.733113098144531250e+01
1.733107376098632812e+01
1.733101654052734375e+01
1.733095741271972656e+01
1.733090019226074219e+01
1.733086204528808594e+01
1.733084487915039062e+01
1.733082389831542969e+01
1.733078575134277344e+01
1.733073234558105469e+01
1.733066940307617188e+01
1.733061027526855469e+01
1.733054161071777344e+01
1.733047103881835938e+01
1.733039474487304688e+01
1.733031654357910156e+01
1.733024978637695312e+01
1.733021545410156250e+01
1.733019256591796875e+01
1.733016586303710938e+01
1.733013343811035156e+01
1.733010101318359375e+01
1.733009338378906250e+01
1.733007049560546875e+01
1.733003044128417969e+01
1.732998466491699219e+01
1.732995414733886719e+01
1.732991790771484375e+01
1.732986450195312500e+01
1.732981681823730469e+01
1.732978248596191406e+01
1.732974624633789062e+01
1.732969856262207031e+01
1.732970809936523438e+01
1.732962036132812500e+01
1.732958221435546875e+01
1.732955360412597656e+01
1.732944869995117188e+01
1.732893371582031250e+01
1.732093048095703125e+01
1.741683578491210938e+01
1.732716369628906250e+01
1.732618141174316406e+01
1.732653045654296875e+01
1.732799148559570312e+01
1.733038139343261719e+01
1.733323478698730469e+01
1.733617591857910156e+01
1.733864402770996094e+01
1.734031486511230469e+01
1.734123229980468750e+01
1.734121704101562500e+01
1.734046173095703125e+01
1.733933448791503906e+01
1.733791732788085938e+01
1.733637237548828125e+01
1.733500862121582031e+01
1.733382797241210938e+01
1.733287239074707031e+01
1.733214569091796875e+01
1.733160972595214844e+01
1.733119583129882812e+01
1.733082199096679688e+01
1.733040618896484375e+01
1.732991790771484375e+01
1.732936286926269531e+01
1.732875061035156250e+01
1.732813262939453125e+01
1.732743263244628906e+01
1.732596015930175781e+01
1.732458877563476562e+01
1.732466125488281250e+01
1.732336807250976562e+01
1.732896232604980469e+01
1.732571792602539062e+01
1.732537269592285156e+01
1.732576179504394531e+01
1.732678031921386719e+01
1.732828903198242188e+01
1.733005523681640625e+01
1.733189010620117188e+01
1.733346557617187500e+01
1.733459663391113281e+01
1.733531951904296875e+01
1.733553123474121094e+01
1.733528709411621094e+01
1.733472251892089844e+01
1.733402824401855469e+01
1.733323860168457031e+01
1.733245468139648438e+01
1.733179855346679688e+01
1.733125495910644531e+01
1.733082962036132812e+01
1.733050727844238281e+01
1.733025932312011719e+01
1.733006095886230469e+01
1.732989120483398438e+01
1.732972526550292969e+01
1.732950782775878906e+01
1.732926750183105469e+01
1.732901954650878906e+01
1.732880020141601562e+01
1.732858085632324219e+01
1.732833290100097656e+01
1.732806777954101562e+01
1.732779502868652344e+01
1.732753372192382812e+01
1.732729148864746094e+01
1.732708549499511719e+01
1.732693672180175781e+01
1.732680892944335938e+01
1.732674980163574219e+01
1.732673454284667969e+01
1.732675552368164062e+01
1.732682609558105469e+01
1.732691383361816406e+01
1.732700347900390625e+01
1.732712745666503906e+01
1.732721328735351562e+01
1.732729911804199219e+01
1.732737731933593750e+01
1.732741355895996094e+01
1.732744407653808594e+01
1.732744789123535156e+01
1.732744216918945312e+01
1.732742309570312500e+01
1.732736968994140625e+01
1.732738685607910156e+01
1.732735252380371094e+01
1.732727813720703125e+01
1.732727050781250000e+01
1.732726287841796875e+01
1.732722282409667969e+01
1.732716369628906250e+01
1.732715034484863281e+01
1.732713317871093750e+01
1.732710266113281250e+01
1.732710838317871094e+01
1.732708740234375000e+01
1.732703590393066406e+01
1.732702255249023438e+01
1.732702827453613281e+01
1.732700538635253906e+01
1.732702636718750000e+01
1.732702255249023438e+01
1.732698631286621094e+01
1.732700920104980469e+01
1.732700538635253906e+01
1.732695770263671875e+01
1.732699394226074219e+01
1.732700538635253906e+01
1.732697677612304688e+01
1.732691764831542969e+01
1.732695770263671875e+01
1.732696914672851562e+01
1.732692718505859375e+01
1.732692337036132812e+01
1.732694244384765625e+01
1.732692146301269531e+01
1.732687187194824219e+01
1.732692146301269531e+01
1.732691764831542969e+01
1.732685852050781250e+01
1.732687950134277344e+01
1.732689857482910156e+01
1.732687759399414062e+01
1.732682609558105469e+01
1.732681083679199219e+01
1.732680892944335938e+01
1.732677459716796875e+01
1.732677459716796875e+01
1.732676696777343750e+01
1.732676315307617188e+01
1.732675170898437500e+01
1.732677459716796875e+01
1.732674598693847656e+01
1.732677078247070312e+01
1.732678031921386719e+01
1.732675743103027344e+01
1.732671165466308594e+01
1.732675933837890625e+01
1.732675743103027344e+01
1.732668876647949219e+01
1.732670021057128906e+01
1.732668495178222656e+01
1.732670402526855469e+01
1.732669448852539062e+01
1.732666206359863281e+01
1.732671928405761719e+01
1.732669830322265625e+01
1.732666397094726562e+01
1.732667732238769531e+01
1.732666397094726562e+01
1.732663345336914062e+01
1.732663536071777344e+01
1.732662010192871094e+01
1.732665252685546875e+01
1.732661437988281250e+01
1.732665252685546875e+01
1.732667350769042969e+01
1.732666015625000000e+01
1.732662200927734375e+01
1.732659721374511719e+01
1.732658576965332031e+01
1.732661437988281250e+01
1.732662582397460938e+01
1.732661056518554688e+01
1.732657814025878906e+01
1.732662963867187500e+01
1.732661628723144531e+01
1.732658576965332031e+01
1.732660484313964844e+01
1.732659339904785156e+01
1.732656097412109375e+01
1.732660484313964844e+01
1.732657814025878906e+01
1.732656478881835938e+01
1.732658004760742188e+01
1.732657051086425781e+01
1.732653808593750000e+01
1.732653808593750000e+01
1.732651138305664062e+01
1.732654762268066406e+01
1.732656478881835938e+01
1.732655715942382812e+01
1.732652473449707031e+01
1.732649612426757812e+01
1.732649040222167969e+01
1.732649230957031250e+01
1.732650947570800781e+01
1.732651519775390625e+01
1.732650184631347656e+01
1.732648086547851562e+01
1.732648277282714844e+01
1.732647514343261719e+01
1.732647514343261719e+01
1.732647323608398438e+01
1.732647132873535156e+01
1.732645034790039062e+01
1.732649040222167969e+01
1.732644081115722656e+01
1.732648658752441406e+01
1.732650947570800781e+01
1.732650184631347656e+01
1.732646751403808594e+01
1.732641983032226562e+01
1.732642555236816406e+01
1.732640838623046875e+01
1.732641601562500000e+01
1.732643127441406250e+01
1.732642173767089844e+01
1.732638740539550781e+01
1.732633781433105469e+01
1.732641983032226562e+01
1.732636451721191406e+01
1.732625961303710938e+01
1.732621383666992188e+01
1.732608985900878906e+01
1.732565879821777344e+01
1.732151794433593750e+01
1.743536186218261719e+01
1.732397460937500000e+01
1.732291603088378906e+01
1.732310295104980469e+01
1.732437705993652344e+01
1.732647514343261719e+01
1.732900619506835938e+01
1.733151626586914062e+01
1.733358192443847656e+01
1.733488845825195312e+01
1.733539009094238281e+01
1.733516502380371094e+01
1.733444786071777344e+01
1.733339309692382812e+01
1.733228492736816406e+01
1.733127021789550781e+01
1.733042526245117188e+01
1.732980346679687500e+01
1.732939720153808594e+01
1.732913017272949219e+01
1.732896804809570312e+01
1.732874679565429688e+01
1.732837295532226562e+01
1.732769966125488281e+01
1.732626914978027344e+01
1.732547187805175781e+01
1.732392692565917969e+01
1.732327461242675781e+01
1.732175636291503906e+01
1.732406806945800781e+01
1.732419586181640625e+01
1.732392501831054688e+01
1.732418823242187500e+01
1.732486343383789062e+01
1.732582283020019531e+01
1.732684516906738281e+01
1.732777214050292969e+01
1.732847595214843750e+01
1.732891273498535156e+01
1.732919502258300781e+01
1.732920074462890625e+01
1.732906913757324219e+01
1.732891273498535156e+01
1.732871627807617188e+01
1.732851028442382812e+01
1.732839012145996094e+01
1.732824897766113281e+01
1.732807159423828125e+01
1.732791519165039062e+01
1.732770729064941406e+01
1.732740974426269531e+01
1.732699775695800781e+01
1.732656860351562500e+01
1.732607460021972656e+01
1.732557106018066406e+01
1.732509803771972656e+01
1.732467269897460938e+01
1.732435607910156250e+01
1.732406425476074219e+01
1.732375717163085938e+01
1.732342338562011719e+01
1.732313156127929688e+01
1.732277107238769531e+01
1.732229423522949219e+01
1.732167434692382812e+01
1.732098197937011719e+01
1.732001495361328125e+01
1.731864738464355469e+01
1.731668090820312500e+01
1.731379318237304688e+01
1.730955505371093750e+01
1.730331230163574219e+01
1.729476547241210938e+01
1.728532791137695312e+01
1.734907341003417969e+01
1.728541946411132812e+01
1.729442787170410156e+01
1.730107116699218750e+01
1.730582427978515625e+01
1.730952453613281250e+01
1.731259155273437500e+01
1.731511116027832031e+01
1.731700515747070312e+01
1.731818580627441406e+01
1.731873512268066406e+01
1.731856155395507812e+01
1.731786346435546875e+01
1.731693649291992188e+01
1.731585502624511719e+01
1.731473350524902344e+01
1.731362533569335938e+01
1.731256675720214844e+01
1.731144142150878906e+01
1.731025123596191406e+01
1.730888366699218750e+01
1.730730438232421875e+01
1.730534934997558594e+01
1.730306434631347656e+01
1.730037879943847656e+01
1.729729270935058594e+01
1.729383850097656250e+01
1.729002952575683594e+01
1.728593063354492188e+01
1.728165626525878906e+01
1.727738952636718750e+01
1.727319908142089844e+01
1.726930999755859375e+01
1.726578140258789062e+01
1.726263809204101562e+01
1.725986671447753906e+01
1.725743103027343750e+01
1.725530815124511719e+01
1.725343322753906250e+01
1.725174331665039062e+01
1.725023078918457031e+01
