3.954462051391601562e+01
3.893118667602539062e+01
3.825220108032226562e+01
3.753166961669921875e+01
3.676807022094726562e+01
3.590462493896484375e+01
3.488343429565429688e+01
3.383285903930664062e+01
3.262431716918945312e+01
3.140893554687500000e+01
3.004313087463378906e+01
2.857397460937500000e+01
2.718727302551269531e+01
2.590649032592773438e+01
2.480285835266113281e+01
2.401253700256347656e+01
2.343218994140625000e+01
2.299801635742187500e+01
2.268069839477539062e+01
2.245461654663085938e+01
2.229901504516601562e+01
2.219890975952148438e+01
2.212953948974609375e+01
2.211606407165527344e+01
2.213844871520996094e+01
2.219078636169433594e+01
2.226276397705078125e+01
2.234484100341796875e+01
2.242796707153320312e+01
2.250453948974609375e+01
2.256901550292968750e+01
2.261818695068359375e+01
2.265100479125976562e+01
2.266819190979003906e+01
2.267175292968750000e+01
2.266444778442382812e+01
2.264932441711425781e+01
2.262935447692871094e+01
2.260718727111816406e+01
2.258498764038085938e+01
2.256439781188964844e+01
2.254652976989746094e+01
2.253205680847167969e+01
2.252124977111816406e+01
2.251420402526855469e+01
2.255585861206054688e+01
2.250460052490234375e+01
2.250252151489257812e+01
2.250325965881347656e+01
2.250620460510253906e+01
2.251072883605957031e+01
2.251620292663574219e+01
2.252204132080078125e+01
2.252772903442382812e+01
2.253284263610839844e+01
2.253707313537597656e+01
2.254023742675781250e+01
2.254225730895996094e+01
2.254316139221191406e+01
2.254304695129394531e+01
2.254207992553710938e+01
2.254045295715332031e+01
2.253836441040039062e+01
2.253601074218750000e+01
2.253356742858886719e+01
2.253117370605468750e+01
2.252893066406250000e+01
2.252691650390625000e+01
2.252515602111816406e+01
2.252364540100097656e+01
2.252235412597656250e+01
2.252124595642089844e+01
2.252026557922363281e+01
2.251935577392578125e+01
2.251847267150878906e+01
2.251757812500000000e+01
2.251664924621582031e+01
2.251568031311035156e+01
2.251468086242675781e+01
2.251367187500000000e+01
2.251267623901367188e+01
2.251173400878906250e+01
2.251087570190429688e+01
2.251012611389160156e+01
2.250950622558593750e+01
2.250903892517089844e+01
2.250872039794921875e+01
2.250855064392089844e+01
2.250851631164550781e+01
2.250860786437988281e+01
2.250879669189453125e+01
2.250905990600585938e+01
2.250937271118164062e+01
2.250971031188964844e+01
2.251005363464355469e+01
2.251037979125976562e+01
2.251067352294921875e+01
2.251092529296875000e+01
2.251112556457519531e+01
2.251127243041992188e+01
2.251136016845703125e+01
2.251139831542968750e+01
2.251139068603515625e+01
2.251133728027343750e+01
2.251125717163085938e+01
2.251114273071289062e+01
2.251101303100585938e+01
2.251086807250976562e+01
2.251071929931640625e+01
2.251056671142578125e+01
2.251041984558105469e+01
2.251027679443359375e+01
2.251014518737792969e+01
2.251001930236816406e+01
2.250990295410156250e+01
2.250979804992675781e+01
2.250969886779785156e+01
2.250961303710937500e+01
2.250953102111816406e+01
2.250945663452148438e+01
2.250938415527343750e+01
2.250931930541992188e+01
2.250925827026367188e+01
2.250919532775878906e+01
2.250913619995117188e+01
2.250908088684082031e+01
2.250902366638183594e+01
2.250896835327148438e+01
2.250891304016113281e+01
2.250885772705078125e+01
2.250880432128906250e+01
2.250875091552734375e+01
2.250869750976562500e+01
2.250864219665527344e+01
2.250858879089355469e+01
2.250853157043457031e+01
2.250848197937011719e+01
2.250842666625976562e+01
2.250837326049804688e+01
2.250831604003906250e+01
2.250826263427734375e+01
2.250821113586425781e+01
2.250815391540527344e+01
2.250810050964355469e+01
2.250804519653320312e+01
2.250798988342285156e+01
2.250793647766113281e+01
2.250788307189941406e+01
2.250782966613769531e+01
2.250777626037597656e+01
2.250772285461425781e+01
2.250766944885253906e+01
2.250761985778808594e+01
2.250756645202636719e+01
2.250751495361328125e+01
2.250746536254882812e+01
2.250741386413574219e+01
2.250736236572265625e+01
2.250731468200683594e+01
2.250726699829101562e+01
2.250721931457519531e+01
2.250716972351074219e+01
2.250712203979492188e+01
2.250707626342773438e+01
2.250702857971191406e+01
2.250698280334472656e+01
2.250693511962890625e+01
2.250688934326171875e+01
2.250684356689453125e+01
2.250679969787597656e+01
2.250675392150878906e+01
2.250670814514160156e+01
2.250666618347167969e+01
2.250662231445312500e+01
2.250657844543457031e+01
2.250653457641601562e+01
2.250649070739746094e+01
2.250644683837890625e+01
2.250640678405761719e+01
2.250636291503906250e+01
2.250632095336914062e+01
2.250628089904785156e+01
2.250623893737792969e+01
2.250619697570800781e+01
2.250615501403808594e+01
2.250611495971679688e+01
2.250607681274414062e+01
2.250603103637695312e+01
2.250599670410156250e+01
2.250595474243164062e+01
2.250591468811035156e+01
2.250587463378906250e+01
2.250583839416503906e+01
2.250579833984375000e+01
2.250576210021972656e+01
2.250572204589843750e+01
2.250568580627441406e+01
2.250564765930175781e+01
2.250560951232910156e+01
2.250557518005371094e+01
2.250553894042968750e+01
2.250549888610839844e+01
2.250546264648437500e+01
2.250542831420898438e+01
2.250539207458496094e+01
2.250535583496093750e+01
2.250532150268554688e+01
2.250528526306152344e+01
2.250525093078613281e+01
2.250521469116210938e+01
2.250518226623535156e+01
2.250514793395996094e+01
2.250511550903320312e+01
2.250508117675781250e+01
2.250504684448242188e+01
2.250501441955566406e+01
2.250498199462890625e+01
2.250494766235351562e+01
2.250491523742675781e+01
2.250488281250000000e+01
2.250485229492187500e+01
2.250481986999511719e+01
2.250478935241699219e+01
2.250475502014160156e+01
2.250472450256347656e+01
2.250469207763671875e+01
2.250466156005859375e+01
2.250463676452636719e+01
2.250460243225097656e+01
2.250457572937011719e+01
2.250454711914062500e+01
2.250451469421386719e+01
2.250448608398437500e+01
2.250445938110351562e+01
2.250443267822265625e+01
2.250440216064453125e+01
2.250437736511230469e+01
2.250435256958007812e+01
2.250432205200195312e+01
2.250429916381835938e+01
2.250427627563476562e+01
2.250425148010253906e+01
2.250422477722167969e+01
2.250419998168945312e+01
2.250417900085449219e+01
2.250415420532226562e+01
2.250413322448730469e+01
2.250411033630371094e+01
2.250409317016601562e+01
2.250407409667968750e+01
2.250405311584472656e+01
2.250403213500976562e+01
2.250401687622070312e+01
2.250399971008300781e+01
2.250398254394531250e+01
2.250396728515625000e+01
2.250394821166992188e+01
2.250393676757812500e+01
2.250392150878906250e+01
2.250390625000000000e+01
2.250389099121093750e+01
2.250387763977050781e+01
2.250386428833007812e+01
2.250385093688964844e+01
2.250383758544921875e+01
2.250382423400878906e+01
2.250380897521972656e+01
2.250379753112792969e+01
2.250378417968750000e+01
2.250376892089843750e+01
2.250375366210937500e+01
2.250373840332031250e+01
2.250372314453125000e+01
2.250370788574218750e+01
2.250369262695312500e+01
2.250367736816406250e+01
2.250366210937500000e+01
2.250364685058593750e+01
2.250362968444824219e+01
2.250361442565917969e+01
2.250359725952148438e+01
2.250358200073242188e+01
2.250356674194335938e+01
2.250354766845703125e+01
2.250353050231933594e+01
2.250351333618164062e+01
2.250349807739257812e+01
2.250347900390625000e+01
2.250346183776855469e+01
2.250344467163085938e+01
2.250342941284179688e+01
2.250340843200683594e+01
2.250339126586914062e+01
2.250337409973144531e+01
2.250335884094238281e+01
2.250333786010742188e+01
2.250332260131835938e+01
2.250330162048339844e+01
2.250328636169433594e+01
2.250326728820800781e+01
2.250324821472167969e+01
2.250323104858398438e+01
2.250321578979492188e+01
2.250319862365722656e+01
2.250317955017089844e+01
2.250316238403320312e+01
2.250314140319824219e+01
2.250312423706054688e+01
2.250310707092285156e+01
2.250308990478515625e+01
2.250307083129882812e+01
2.250305366516113281e+01
2.250303649902343750e+01
2.250301551818847656e+01
2.250299835205078125e+01
2.250298309326171875e+01
2.250296211242675781e+01
2.250294494628906250e+01
2.250292587280273438e+01
2.250291061401367188e+01
2.250289154052734375e+01
2.250287437438964844e+01
2.250285530090332031e+01
2.250283813476562500e+01
2.250282096862792969e+01
2.250280570983886719e+01
2.250278472900390625e+01
2.250276756286621094e+01
2.250274848937988281e+01
2.250273323059082031e+01
2.250271606445312500e+01
2.250269889831542969e+01
2.250267982482910156e+01
2.250266265869140625e+01
2.250264549255371094e+01
2.250262832641601562e+01
2.250261306762695312e+01
2.250259399414062500e+01
2.250257682800292969e+01
2.250256156921386719e+01
2.250254440307617188e+01
2.250252532958984375e+01
2.250251007080078125e+01
2.250249099731445312e+01
2.250247764587402344e+01
2.250245666503906250e+01
2.250244140625000000e+01
2.250242424011230469e+01
2.250240898132324219e+01
2.250239181518554688e+01
2.250237655639648438e+01
2.250235939025878906e+01
2.250234413146972656e+01
2.250232887268066406e+01
2.250230789184570312e+01
2.250229263305664062e+01
2.250227737426757812e+01
2.250226020812988281e+01
2.250224494934082031e+01
2.250222587585449219e+01
2.250221061706542969e+01
2.250219535827636719e+01
2.250218009948730469e+01
2.250216102600097656e+01
2.250214576721191406e+01
2.250213050842285156e+01
2.250211524963378906e+01
2.250209999084472656e+01
2.250208473205566406e+01
2.250206947326660156e+01
2.250205421447753906e+01
2.250203895568847656e+01
2.250202178955078125e+01
2.250200271606445312e+01
2.250199127197265625e+01
2.250197219848632812e+01
2.250195693969726562e+01
2.250194168090820312e+01
2.250192642211914062e+01
2.250191116333007812e+01
2.250189781188964844e+01
2.250188255310058594e+01
2.250186729431152344e+01
2.250185203552246094e+01
2.250183677673339844e+01
2.250182151794433594e+01
2.250180625915527344e+01
2.250179100036621094e+01
2.250177574157714844e+01
2.250176239013671875e+01
2.250174713134765625e+01
2.250173187255859375e+01
2.250171661376953125e+01
2.250170135498046875e+01
2.250168609619140625e+01
2.250167274475097656e+01
2.250165939331054688e+01
2.250164413452148438e+01
2.250162887573242188e+01
2.250161552429199219e+01
2.250159835815429688e+01
2.250158500671386719e+01
2.250157165527343750e+01
2.250155639648437500e+01
2.250154113769531250e+01
2.250152587890625000e+01
2.250151062011718750e+01
2.250150108337402344e+01
2.250148582458496094e+01
2.250147056579589844e+01
2.250145721435546875e+01
2.250144195556640625e+01
2.250143051147460938e+01
2.250141525268554688e+01
2.250139999389648438e+01
2.250138664245605469e+01
2.250137519836425781e+01
2.250135993957519531e+01
2.250134658813476562e+01
2.250133132934570312e+01
2.250131797790527344e+01
2.250130271911621094e+01
2.250128746032714844e+01
2.250127792358398438e+01
2.250126457214355469e+01
2.250124740600585938e+01
2.250123786926269531e+01
2.250122261047363281e+01
2.250120925903320312e+01
2.250119590759277344e+01
2.250118064880371094e+01
2.250116920471191406e+01
2.250115585327148438e+01
2.250114059448242188e+01
2.250113105773925781e+01
2.250111579895019531e+01
2.250110626220703125e+01
2.250109100341796875e+01
2.250107574462890625e+01
2.250106430053710938e+01
2.250104904174804688e+01
2.250103950500488281e+01
2.250102424621582031e+01
2.250101470947265625e+01
2.250099945068359375e+01
2.250098609924316406e+01
2.250097274780273438e+01
2.250095748901367188e+01
2.250094795227050781e+01
2.250093460083007812e+01
2.250092315673828125e+01
2.250090980529785156e+01
2.250089836120605469e+01
2.250088500976562500e+01
2.250086975097656250e+01
2.250086021423339844e+01
2.250084686279296875e+01
2.250083351135253906e+01
2.250082397460937500e+01
2.250081062316894531e+01
2.250079917907714844e+01
2.250078582763671875e+01
2.250077247619628906e+01
2.250076103210449219e+01
2.250074768066406250e+01
2.250073432922363281e+01
2.250072479248046875e+01
2.250071144104003906e+01
2.250069999694824219e+01
2.250068664550781250e+01
2.250067520141601562e+01
2.250066375732421875e+01
2.250064849853515625e+01
2.250063896179199219e+01
2.250062561035156250e+01
2.250061416625976562e+01
2.250060272216796875e+01
2.250059318542480469e+01
2.250057792663574219e+01
2.250056838989257812e+01
2.250055694580078125e+01
2.250054550170898438e+01
2.250053215026855469e+01
2.250052261352539062e+01
2.250051116943359375e+01
2.250049591064453125e+01
2.250048637390136719e+01
2.250047302246093750e+01
2.250046539306640625e+01
2.250045013427734375e+01
2.250043869018554688e+01
2.250042915344238281e+01
2.250041580200195312e+01
2.250040626525878906e+01
2.250039291381835938e+01
2.250037956237792969e+01
2.250037193298339844e+01
2.250036048889160156e+01
2.250034904479980469e+01
2.250033760070800781e+01
2.250032615661621094e+01
2.250031661987304688e+01
2.250030326843261719e+01
2.250029373168945312e+01
2.250028419494628906e+01
2.250027275085449219e+01
2.250026130676269531e+01
2.250024986267089844e+01
2.250023841857910156e+01
2.250022697448730469e+01
2.250021743774414062e+01
2.250020790100097656e+01
2.250019836425781250e+01
2.250018692016601562e+01
2.250017547607421875e+01
2.250016212463378906e+01
2.250015258789062500e+01
2.250014114379882812e+01
2.250013160705566406e+01
2.250012207031250000e+01
2.250011062622070312e+01
2.250010108947753906e+01
2.250008773803710938e+01
2.250007820129394531e+01
2.250006866455078125e+01
2.250005722045898438e+01
2.250004577636718750e+01
2.250003433227539062e+01
2.250002479553222656e+01
2.250001525878906250e+01
2.250000762939453125e+01
2.249999427795410156e+01
2.249998474121093750e+01
2.249997329711914062e+01
2.249996376037597656e+01
2.249995422363281250e+01
2.249994468688964844e+01
2.249993324279785156e+01
2.249992370605468750e+01
2.249991416931152344e+01
2.249990272521972656e+01
2.249989318847656250e+01
2.249988555908203125e+01
2.249987220764160156e+01
2.249986267089843750e+01
2.249985313415527344e+01
2.249984550476074219e+01
2.249983406066894531e+01
2.249982452392578125e+01
2.249981498718261719e+01
2.249980354309082031e+01
2.249979591369628906e+01
2.249978637695312500e+01
2.249977684020996094e+01
2.249976539611816406e+01
2.249975585937500000e+01
2.249974632263183594e+01
2.249973869323730469e+01
2.249972534179687500e+01
2.249971771240234375e+01
2.249971008300781250e+01
2.249970054626464844e+01
2.249969100952148438e+01
2.249967956542968750e+01
2.249967002868652344e+01
2.249966049194335938e+01
2.249965286254882812e+01
2.249964141845703125e+01
2.249963188171386719e+01
2.249962425231933594e+01
2.249961662292480469e+01
2.249960708618164062e+01
2.249959564208984375e+01
2.249958801269531250e+01
2.249957847595214844e+01
2.249956893920898438e+01
2.249955749511718750e+01
2.249954795837402344e+01
2.249954223632812500e+01
2.249953269958496094e+01
2.249952316284179688e+01
2.249951171875000000e+01
2.249950408935546875e+01
2.249949645996093750e+01
2.249948692321777344e+01
2.249947929382324219e+01
2.249947166442871094e+01
2.249946212768554688e+01
2.249945259094238281e+01
2.249944114685058594e+01
2.249943733215332031e+01
2.249942588806152344e+01
2.249941635131835938e+01
2.249940681457519531e+01
2.249940109252929688e+01
2.249939155578613281e+01
2.249938011169433594e+01
2.249937629699707031e+01
2.249936485290527344e+01
2.249936103820800781e+01
2.249934959411621094e+01
2.249934005737304688e+01
2.249933242797851562e+01
2.249932479858398438e+01
2.249931526184082031e+01
2.249930953979492188e+01
2.249930000305175781e+01
2.249929237365722656e+01
2.249928474426269531e+01
2.249927330017089844e+01
2.249926948547363281e+01
2.249925804138183594e+01
2.249924850463867188e+01
2.249924278259277344e+01
2.249923324584960938e+01
2.249922561645507812e+01
2.249921798706054688e+01
2.249920845031738281e+01
2.249920272827148438e+01
2.249919319152832031e+01
2.249918746948242188e+01
2.249917793273925781e+01
2.249917030334472656e+01
2.249916458129882812e+01
2.249915504455566406e+01
2.249914741516113281e+01
2.249913787841796875e+01
2.249913215637207031e+01
2.249912261962890625e+01
2.249911689758300781e+01
2.249910736083984375e+01
2.249910163879394531e+01
2.249909210205078125e+01
2.249908447265625000e+01
2.249907875061035156e+01
2.249907112121582031e+01
2.249906349182128906e+01
2.249905586242675781e+01
2.249905014038085938e+01
2.249904060363769531e+01
2.249903106689453125e+01
2.249902534484863281e+01
2.249901580810546875e+01
2.249901008605957031e+01
2.249900245666503906e+01
2.249899482727050781e+01
2.249898719787597656e+01
2.249897956848144531e+01
2.249897575378417969e+01
2.249896430969238281e+01
2.249895668029785156e+01
2.249894905090332031e+01
2.249894523620605469e+01
2.249893760681152344e+01
2.249892997741699219e+01
2.249892425537109375e+01
2.249891662597656250e+01
2.249890899658203125e+01
2.249890327453613281e+01
2.249889373779296875e+01
2.249888610839843750e+01
2.249888038635253906e+01
2.249887275695800781e+01
2.249886894226074219e+01
2.249885749816894531e+01
2.249885368347167969e+01
2.249884223937988281e+01
2.249883842468261719e+01
2.249883079528808594e+01
2.249882507324218750e+01
2.249881744384765625e+01
2.249881172180175781e+01
2.249880218505859375e+01
2.249879646301269531e+01
2.249879264831542969e+01
2.249878501892089844e+01
2.249877738952636719e+01
2.249877166748046875e+01
2.249876213073730469e+01
2.249875640869140625e+01
2.249875068664550781e+01
2.249874305725097656e+01
2.249873733520507812e+01
2.249873161315917969e+01
2.249872589111328125e+01
2.249871635437011719e+01
2.249871063232421875e+01
2.249870681762695312e+01
2.249869918823242188e+01
2.249869155883789062e+01
2.249868583679199219e+01
2.249867820739746094e+01
2.249867248535156250e+01
2.249866485595703125e+01
2.249866104125976562e+01
2.249865531921386719e+01
2.249864578247070312e+01
2.249864006042480469e+01
2.249863433837890625e+01
2.249863052368164062e+01
2.249862289428710938e+01
2.249861526489257812e+01
2.249860954284667969e+01
2.249860382080078125e+01
2.249860000610351562e+01
2.249859237670898438e+01
2.249858474731445312e+01
2.249857711791992188e+01
2.249857330322265625e+01
2.249856948852539062e+01
2.249856185913085938e+01
2.249855613708496094e+01
2.249854850769042969e+01
2.249854278564453125e+01
2.249853897094726562e+01
2.249853134155273438e+01
2.249852561950683594e+01
2.249851989746093750e+01
2.249851226806640625e+01
2.249850845336914062e+01
2.249850273132324219e+01
2.249849700927734375e+01
2.249849319458007812e+01
2.249848747253417969e+01
2.249847984313964844e+01
2.249847602844238281e+01
2.249847030639648438e+01
2.249846458435058594e+01
2.249845695495605469e+01
2.249845504760742188e+01
2.249844741821289062e+01
2.249844169616699219e+01
2.249843788146972656e+01
2.249843215942382812e+01
2.249842643737792969e+01
2.249842262268066406e+01
2.249841690063476562e+01
2.249841117858886719e+01
2.249840736389160156e+01
2.249839973449707031e+01
2.249839401245117188e+01
2.249838829040527344e+01
2.249838447570800781e+01
2.249837684631347656e+01
2.249837303161621094e+01
2.249836921691894531e+01
2.249836158752441406e+01
2.249835586547851562e+01
2.249835014343261719e+01
2.249834632873535156e+01
2.249834060668945312e+01
2.249833488464355469e+01
2.249833106994628906e+01
2.249832534790039062e+01
2.249831962585449219e+01
2.249831581115722656e+01
2.249831008911132812e+01
2.249830436706542969e+01
2.249830055236816406e+01
2.249829483032226562e+01
2.249828910827636719e+01
2.249828529357910156e+01
2.249827957153320312e+01
2.249827384948730469e+01
2.249827003479003906e+01
2.249826431274414062e+01
2.249825859069824219e+01
2.249825477600097656e+01
2.249824905395507812e+01
2.249824523925781250e+01
2.249823951721191406e+01
2.249823379516601562e+01
2.249822998046875000e+01
2.249822616577148438e+01
2.249821853637695312e+01
2.249821472167968750e+01
2.249821090698242188e+01
2.249820327758789062e+01
2.249819946289062500e+01
2.249819564819335938e+01
2.249819183349609375e+01
2.249818420410156250e+01
2.249818038940429688e+01
2.249817657470703125e+01
2.249817276000976562e+01
2.249816894531250000e+01
2.249816131591796875e+01
2.249815559387207031e+01
2.249815368652343750e+01
2.249814796447753906e+01
2.249814224243164062e+01
2.249813842773437500e+01
2.249813270568847656e+01
2.249812698364257812e+01
2.249812507629394531e+01
2.249811935424804688e+01
2.249811553955078125e+01
2.249810981750488281e+01
2.249810409545898438e+01
2.249810028076171875e+01
2.249809646606445312e+01
2.249808883666992188e+01
2.249808692932128906e+01
2.249808120727539062e+01
2.249807739257812500e+01
2.249807167053222656e+01
2.249806594848632812e+01
2.249806404113769531e+01
2.249805831909179688e+01
2.249805641174316406e+01
2.249804878234863281e+01
2.249804306030273438e+01
2.249804115295410156e+01
2.249803543090820312e+01
2.249802780151367188e+01
2.249802589416503906e+01
2.249802017211914062e+01
2.249801635742187500e+01
2.249798583984375000e+01
2.249783325195312500e+01
2.250724601745605469e+01
2.249609375000000000e+01
2.249460220336914062e+01
2.249316024780273438e+01
2.249181175231933594e+01
2.249051856994628906e+01
2.248914909362792969e+01
2.248746681213378906e+01
2.248509025573730469e+01
2.248148345947265625e+01
2.248612213134765625e+01
2.250610542297363281e+01
2.245115089416503906e+01
2.243645477294921875e+01
2.241746139526367188e+01
2.241102600097656250e+01
2.245386314392089844e+01
2.231487655639648438e+01
2.227366065979003906e+01
2.223780059814453125e+01
2.220756340026855469e+01
2.218200111389160156e+01
2.216966819763183594e+01
2.218351745605468750e+01
2.218652725219726562e+01
2.221537399291992188e+01
2.243368530273437500e+01
2.215616035461425781e+01
2.211882019042968750e+01
2.222298622131347656e+01
2.206324958801269531e+01
2.199466705322265625e+01
2.197593116760253906e+01
2.192424392700195312e+01
2.189377784729003906e+01
2.188922500610351562e+01
2.188229370117187500e+01
2.187269401550292969e+01
2.188007545471191406e+01
2.200864601135253906e+01
2.207309722900390625e+01
2.195154190063476562e+01
2.187404632568359375e+01
2.186913299560546875e+01
2.187128639221191406e+01
2.187983894348144531e+01
2.188986396789550781e+01
2.188707923889160156e+01
2.188860130310058594e+01
2.188522911071777344e+01
2.189355087280273438e+01
2.193655014038085938e+01
2.226242256164550781e+01
2.241869544982910156e+01
2.199119186401367188e+01
2.190652084350585938e+01
2.190152168273925781e+01
2.190510368347167969e+01
2.191640281677246094e+01
2.192407798767089844e+01
2.192986297607421875e+01
2.197247314453125000e+01
2.244861221313476562e+01
2.201660919189453125e+01
2.195306968688964844e+01
2.194839477539062500e+01
2.190652847290039062e+01
2.184403038024902344e+01
2.178014945983886719e+01
2.172475433349609375e+01
2.170158004760742188e+01
2.169481468200683594e+01
2.169436645507812500e+01
2.170423126220703125e+01
2.171426582336425781e+01
2.170498657226562500e+01
2.169458198547363281e+01
2.169453620910644531e+01
2.169723510742187500e+01
2.169907569885253906e+01
2.169959831237792969e+01
2.169914436340332031e+01
2.169781875610351562e+01
2.169227790832519531e+01
2.167283248901367188e+01
2.165739440917968750e+01
2.164477920532226562e+01
2.163778686523437500e+01
2.162268829345703125e+01
2.161270332336425781e+01
2.160260963439941406e+01
2.159813690185546875e+01
2.159260368347167969e+01
2.158955192565917969e+01
2.158106613159179688e+01
2.156844329833984375e+01
2.155801963806152344e+01
2.155914878845214844e+01
2.157463455200195312e+01
2.158037757873535156e+01
2.156336402893066406e+01
2.153978157043457031e+01
2.153786277770996094e+01
2.154062271118164062e+01
2.153044891357421875e+01
2.153242111206054688e+01
2.153660964965820312e+01
2.153347206115722656e+01
2.152680015563964844e+01
2.152400588989257812e+01
2.152390289306640625e+01
2.152152252197265625e+01
2.152021026611328125e+01
2.152056121826171875e+01
2.151910018920898438e+01
2.151578903198242188e+01
2.151319122314453125e+01
2.151171875000000000e+01
2.151026916503906250e+01
2.150939750671386719e+01
2.150899887084960938e+01
2.150789833068847656e+01
2.150618934631347656e+01
2.150477790832519531e+01
2.150376892089843750e+01
2.150293731689453125e+01
2.150233840942382812e+01
2.150168609619140625e+01
2.150037002563476562e+01
2.149937629699707031e+01
2.149834251403808594e+01
2.149771690368652344e+01
2.149773216247558594e+01
2.149711608886718750e+01
2.149587249755859375e+01
2.149511909484863281e+01
2.149486541748046875e+01
2.149456977844238281e+01
2.149382019042968750e+01
2.149280166625976562e+01
2.149234008789062500e+01
2.149172592163085938e+01
2.149040603637695312e+01
2.149025726318359375e+01
2.148994445800781250e+01
2.148959541320800781e+01
2.148895072937011719e+01
2.148773574829101562e+01
2.148693466186523438e+01
2.148643875122070312e+01
2.148628807067871094e+01
2.148596763610839844e+01
2.148556709289550781e+01
2.148501586914062500e+01
2.148467445373535156e+01
2.148453903198242188e+01
2.148404693603515625e+01
2.148406219482421875e+01
2.148368453979492188e+01
2.148320198059082031e+01
2.148305130004882812e+01
2.148227119445800781e+01
2.148211288452148438e+01
2.148187065124511719e+01
2.148148727416992188e+01
2.148151397705078125e+01
2.148167991638183594e+01
2.148229026794433594e+01
2.148311614990234375e+01
2.148323631286621094e+01
2.148230934143066406e+01
2.148104667663574219e+01
2.148007774353027344e+01
2.148029327392578125e+01
2.148247718811035156e+01
2.148529243469238281e+01
2.148785400390625000e+01
2.148801612854003906e+01
2.148479080200195312e+01
2.148260116577148438e+01
