3.594662475585937500e+01
3.518711471557617188e+01
3.442362213134765625e+01
3.359677124023437500e+01
3.270680618286132812e+01
3.176712799072265625e+01
3.076252937316894531e+01
2.969857025146484375e+01
2.855074310302734375e+01
2.728688812255859375e+01
2.595788955688476562e+01
2.448056602478027344e+01
2.290594100952148438e+01
2.144339942932128906e+01
2.001972007751464844e+01
1.872205734252929688e+01
1.762006759643554688e+01
1.663186836242675781e+01
1.577433300018310547e+01
1.504430294036865234e+01
1.443938636779785156e+01
1.394823265075683594e+01
1.356005096435546875e+01
1.326333904266357422e+01
1.304570865631103516e+01
1.289459514617919922e+01
1.279891490936279297e+01
1.274941062927246094e+01
1.273746967315673828e+01
1.276309585571289062e+01
1.281382465362548828e+01
1.286900520324707031e+01
1.295341491699218750e+01
1.310113811492919922e+01
1.322827529907226562e+01
1.327390861511230469e+01
1.305371379852294922e+01
1.291100883483886719e+01
1.282699489593505859e+01
1.284454536437988281e+01
1.292297935485839844e+01
1.281251335144042969e+01
1.259727573394775391e+01
1.239779663085937500e+01
1.222916412353515625e+01
1.210312271118164062e+01
1.202765560150146484e+01
1.199312782287597656e+01
1.198555469512939453e+01
1.199554824829101562e+01
1.194699096679687500e+01
1.185302352905273438e+01
1.173082828521728516e+01
1.162268924713134766e+01
1.153952693939208984e+01
1.148220920562744141e+01
1.144291114807128906e+01
1.139809131622314453e+01
1.135271358489990234e+01
1.132426738739013672e+01
1.129226684570312500e+01
1.125966930389404297e+01
1.124060058593750000e+01
1.121532154083251953e+01
1.117468452453613281e+01
1.112977790832519531e+01
1.109220600128173828e+01
1.106636428833007812e+01
1.104638290405273438e+01
1.102684116363525391e+01
1.100709533691406250e+01
1.098706531524658203e+01
1.096659183502197266e+01
1.094292831420898438e+01
1.091734600067138672e+01
1.089370346069335938e+01
1.087233257293701172e+01
1.085438919067382812e+01
1.083433151245117188e+01
1.080568790435791016e+01
1.076966190338134766e+01
1.073310279846191406e+01
1.070579814910888672e+01
1.068743324279785156e+01
1.067160701751708984e+01
1.065388298034667969e+01
1.063539314270019531e+01
1.061462402343750000e+01
1.058991432189941406e+01
1.056710052490234375e+01
1.054641819000244141e+01
1.052475929260253906e+01
1.050549697875976562e+01
1.049030017852783203e+01
1.047505378723144531e+01
1.045706272125244141e+01
1.043870735168457031e+01
1.042133617401123047e+01
1.040675926208496094e+01
1.039473628997802734e+01
1.038172626495361328e+01
1.036766910552978516e+01
1.035565471649169922e+01
1.034641361236572266e+01
1.033811283111572266e+01
1.032924175262451172e+01
1.032095813751220703e+01
1.031494426727294922e+01
1.031046867370605469e+01
1.030568504333496094e+01
1.030061149597167969e+01
1.029606628417968750e+01
1.029333400726318359e+01
1.029132652282714844e+01
1.029126739501953125e+01
1.029170703887939453e+01
1.029745578765869141e+01
1.029286575317382812e+01
1.028175640106201172e+01
1.027129840850830078e+01
1.026412963867187500e+01
1.026082134246826172e+01
1.026105690002441406e+01
1.026484012603759766e+01
1.026699161529541016e+01
1.026082134246826172e+01
1.025048732757568359e+01
1.024200344085693359e+01
1.023568630218505859e+01
1.022988414764404297e+01
1.022782421112060547e+01
1.022724151611328125e+01
1.022705459594726562e+01
1.022686862945556641e+01
1.022653293609619141e+01
1.022616767883300781e+01
1.022582054138183594e+01
1.022548103332519531e+01
1.022508335113525391e+01
1.022457408905029297e+01
1.022393417358398438e+01
1.022312450408935547e+01
1.022207832336425781e+01
1.022077846527099609e+01
1.021928596496582031e+01
1.021770191192626953e+01
1.021618175506591797e+01
1.021470832824707031e+01
1.021300983428955078e+01
1.021146774291992188e+01
1.020997333526611328e+01
1.020831108093261719e+01
1.020721244812011719e+01
1.020567035675048828e+01
1.020481204986572266e+01
1.020387268066406250e+01
1.020319747924804688e+01
1.020256233215332031e+01
1.020202636718750000e+01
1.020171737670898438e+01
1.020143890380859375e+01
1.020135021209716797e+01
1.020126819610595703e+01
1.020129299163818359e+01
1.020120906829833984e+01
1.020108127593994141e+01
1.020095920562744141e+01
1.020084571838378906e+01
1.020067405700683594e+01
1.020043849945068359e+01
1.020022487640380859e+01
1.020005512237548828e+01
1.019989109039306641e+01
1.019968795776367188e+01
1.019947814941406250e+01
1.019930076599121094e+01
1.019933891296386719e+01
1.019953060150146484e+01
1.019955253601074219e+01
1.019931793212890625e+01
1.019892215728759766e+01
1.019860744476318359e+01
1.019871234893798828e+01
1.019905662536621094e+01
1.019916343688964844e+01
1.019892215728759766e+01
1.019847488403320312e+01
1.019823741912841797e+01
1.019821643829345703e+01
1.019809818267822266e+01
1.019804859161376953e+01
1.019753742218017578e+01
1.019690895080566406e+01
1.019680118560791016e+01
1.019682693481445312e+01
1.019682788848876953e+01
1.019673252105712891e+01
1.019653797149658203e+01
1.019654655456542969e+01
1.019598770141601562e+01
1.019524192810058594e+01
1.019536209106445312e+01
1.019578647613525391e+01
1.019515132904052734e+01
1.019452762603759766e+01
1.019463062286376953e+01
1.019465351104736328e+01
1.019443035125732422e+01
1.019461154937744141e+01
1.019494152069091797e+01
1.019419193267822266e+01
1.019348049163818359e+01
1.019387435913085938e+01
1.019421577453613281e+01
1.019369125366210938e+01
1.019304656982421875e+01
1.019335746765136719e+01
1.019378376007080078e+01
1.019256877899169922e+01
1.019159126281738281e+01
1.019222259521484375e+01
1.019329357147216797e+01
1.019370651245117188e+01
1.019289302825927734e+01
1.019201087951660156e+01
1.019200325012207031e+01
1.019239711761474609e+01
1.019213008880615234e+01
1.019136333465576172e+01
1.019141483306884766e+01
1.019135093688964844e+01
1.019002437591552734e+01
1.018929672241210938e+01
1.018969249725341797e+01
1.019041252136230469e+01
1.018985939025878906e+01
1.019007110595703125e+01
1.019266891479492188e+01
1.019373798370361328e+01
1.019187450408935547e+01
1.019063091278076172e+01
1.019027805328369141e+01
1.019006061553955078e+01
1.019063091278076172e+01
1.019063663482666016e+01
1.018899631500244141e+01
1.018795871734619141e+01
1.018801403045654297e+01
1.018854904174804688e+01
1.018849945068359375e+01
1.018785285949707031e+01
1.018750286102294922e+01
1.018747234344482422e+01
1.018723297119140625e+01
1.018708610534667969e+01
1.018760871887207031e+01
1.018859195709228516e+01
1.018841838836669922e+01
1.018780612945556641e+01
1.018809318542480469e+01
1.018843936920166016e+01
1.018779087066650391e+01
1.018678092956542969e+01
1.018661308288574219e+01
1.018751335144042969e+01
1.018709945678710938e+01
1.018566989898681641e+01
1.018545150756835938e+01
1.018575191497802734e+01
1.018583774566650391e+01
1.018656826019287109e+01
1.018766784667968750e+01
1.018724918365478516e+01
1.018640708923339844e+01
1.018650054931640625e+01
1.018737316131591797e+01
1.018657684326171875e+01
1.018463134765625000e+01
1.018424224853515625e+01
1.018516349792480469e+01
1.018548679351806641e+01
1.018463230133056641e+01
1.018408203125000000e+01
1.018447303771972656e+01
1.018395423889160156e+01
1.018301773071289062e+01
1.018327140808105469e+01
1.018375110626220703e+01
1.018360328674316406e+01
1.018405437469482422e+01
1.018503952026367188e+01
1.018476581573486328e+01
1.018407154083251953e+01
1.018434715270996094e+01
1.018482208251953125e+01
1.018427085876464844e+01
1.018372821807861328e+01
1.018389225006103516e+01
1.018371105194091797e+01
1.018269634246826172e+01
1.018240070343017578e+01
1.018284416198730469e+01
1.018249988555908203e+01
1.018197822570800781e+01
1.018201732635498047e+01
1.018238353729248047e+01
1.018114185333251953e+01
1.017991924285888672e+01
1.018115043640136719e+01
1.018306636810302734e+01
1.018282604217529297e+01
1.018200111389160156e+01
1.018197345733642578e+01
1.018256187438964844e+01
1.018167018890380859e+01
1.018043041229248047e+01
1.018098831176757812e+01
1.018172454833984375e+01
1.018066883087158203e+01
1.017899417877197266e+01
1.017862224578857422e+01
1.017962074279785156e+01
1.017916488647460938e+01
1.017792320251464844e+01
1.017805099487304688e+01
1.017842006683349609e+01
1.017745685577392578e+01
1.017674160003662109e+01
1.017748832702636719e+01
1.017884063720703125e+01
1.017805194854736328e+01
1.017720127105712891e+01
1.017810344696044922e+01
1.017930316925048828e+01
1.017830181121826172e+01
1.017683982849121094e+01
1.017660999298095703e+01
1.017679214477539062e+01
1.017688560485839844e+01
1.017574214935302734e+01
1.017427158355712891e+01
1.017506122589111328e+01
1.017603874206542969e+01
1.017470169067382812e+01
1.017316722869873047e+01
1.017320919036865234e+01
1.017399215698242188e+01
1.017474746704101562e+01
1.017419052124023438e+01
1.017328929901123047e+01
1.017438411712646484e+01
1.017582988739013672e+01
1.017343139648437500e+01
1.017086601257324219e+01
1.017089271545410156e+01
1.017197799682617188e+01
1.017173671722412109e+01
1.017139339447021484e+01
1.017042827606201172e+01
1.017091178894042969e+01
1.017038536071777344e+01
1.016915416717529297e+01
1.016874790191650391e+01
1.016921138763427734e+01
1.016906929016113281e+01
1.016841602325439453e+01
1.016980171203613281e+01
1.017098140716552734e+01
1.016961765289306641e+01
1.016808223724365234e+01
1.016801738739013672e+01
1.016862678527832031e+01
1.016959762573242188e+01
1.016825485229492188e+01
1.016650295257568359e+01
1.016474723815917969e+01
1.016494655609130859e+01
1.016562652587890625e+01
1.016476821899414062e+01
1.016405773162841797e+01
1.016440582275390625e+01
1.016456794738769531e+01
1.016414070129394531e+01
1.016336822509765625e+01
1.016261482238769531e+01
1.016256523132324219e+01
1.016258430480957031e+01
1.016277313232421875e+01
1.016333580017089844e+01
1.016385555267333984e+01
1.016313457489013672e+01
1.016180229187011719e+01
1.016382789611816406e+01
1.016360950469970703e+01
1.016125392913818359e+01
1.016042137145996094e+01
1.016038799285888672e+01
1.015961170196533203e+01
1.015847778320312500e+01
1.015863323211669922e+01
1.015869903564453125e+01
1.015794563293457031e+01
1.015724086761474609e+01
1.015723323822021484e+01
1.015584182739257812e+01
1.015447425842285156e+01
1.015511894226074219e+01
1.015655422210693359e+01
1.015645408630371094e+01
1.015608787536621094e+01
1.015671253204345703e+01
1.015765380859375000e+01
1.015700244903564453e+01
1.015641784667968750e+01
1.015746879577636719e+01
1.015824413299560547e+01
1.015723514556884766e+01
1.015598011016845703e+01
1.015590763092041016e+01
1.015666007995605469e+01
1.015784358978271484e+01
1.015585517883300781e+01
1.015467548370361328e+01
1.015341281890869141e+01
1.015320873260498047e+01
1.015369606018066406e+01
1.015387058258056641e+01
1.015379238128662109e+01
1.015199947357177734e+01
1.015210723876953125e+01
1.015203952789306641e+01
1.015133666992187500e+01
1.015081787109375000e+01
1.015088748931884766e+01
1.015131664276123047e+01
1.015265274047851562e+01
1.015540790557861328e+01
1.015055847167968750e+01
1.016108798980712891e+01
1.017711544036865234e+01
1.016949844360351562e+01
1.015574169158935547e+01
1.015144157409667969e+01
1.015097999572753906e+01
1.014861106872558594e+01
1.014720058441162109e+01
1.014634704589843750e+01
1.014974117279052734e+01
1.014968204498291016e+01
1.014640903472900391e+01
1.014614486694335938e+01
1.014787006378173828e+01
1.015000343322753906e+01
1.014720344543457031e+01
1.014454364776611328e+01
1.014423656463623047e+01
1.014518260955810547e+01
1.014651489257812500e+01
1.015123176574707031e+01
1.014357089996337891e+01
1.014628124237060547e+01
1.015498924255371094e+01
1.016122722625732422e+01
1.015390396118164062e+01
1.014654445648193359e+01
1.014407730102539062e+01
1.014291572570800781e+01
1.014235496520996094e+01
1.014194583892822266e+01
1.014174270629882812e+01
1.014152526855468750e+01
1.014041423797607422e+01
1.013939571380615234e+01
1.013845729827880859e+01
1.013627147674560547e+01
1.013305664062500000e+01
1.013171958923339844e+01
1.013171195983886719e+01
1.013161087036132812e+01
1.012993335723876953e+01
1.012797737121582031e+01
1.012721061706542969e+01
1.012645149230957031e+01
1.012283802032470703e+01
1.011859607696533203e+01
1.011663341522216797e+01
1.011645412445068359e+01
1.011522388458251953e+01
1.011336326599121094e+01
1.011257457733154297e+01
1.011199951171875000e+01
1.011065673828125000e+01
1.010928249359130859e+01
1.010876941680908203e+01
1.010782051086425781e+01
1.010616874694824219e+01
1.010550403594970703e+01
1.010566711425781250e+01
1.010470390319824219e+01
1.010427665710449219e+01
1.010377407073974609e+01
1.010297870635986328e+01
1.010226249694824219e+01
1.010220241546630859e+01
1.010201644897460938e+01
1.010173034667968750e+01
1.010130596160888672e+01
1.010066890716552734e+01
1.009986686706542969e+01
1.009931087493896484e+01
1.009870147705078125e+01
1.009821987152099609e+01
1.009776115417480469e+01
1.009723281860351562e+01
1.009671401977539062e+01
1.009621429443359375e+01
1.009576416015625000e+01
1.009530735015869141e+01
1.009467220306396484e+01
1.009401798248291016e+01
1.009379291534423828e+01
1.009364986419677734e+01
1.009288120269775391e+01
1.009263801574707031e+01
1.009148693084716797e+01
1.009134101867675781e+01
1.009118175506591797e+01
1.009082889556884766e+01
1.009012699127197266e+01
1.008969879150390625e+01
1.008859729766845703e+01
1.008853244781494141e+01
1.008836364746093750e+01
1.008797740936279297e+01
1.008741188049316406e+01
1.008707714080810547e+01
1.008616733551025391e+01
1.008611679077148438e+01
1.008592224121093750e+01
1.008556652069091797e+01
1.008504390716552734e+01
1.008479404449462891e+01
1.008390045166015625e+01
1.008385944366455078e+01
1.008366012573242188e+01
1.008332061767578125e+01
1.008285808563232422e+01
1.008265304565429688e+01
1.008188438415527344e+01
1.008202457427978516e+01
1.008208560943603516e+01
1.008175754547119141e+01
1.008156681060791016e+01
1.008097648620605469e+01
1.008038234710693359e+01
1.008016395568847656e+01
1.007976913452148438e+01
1.007938098907470703e+01
1.007931327819824219e+01
1.007862186431884766e+01
1.007873439788818359e+01
1.007863140106201172e+01
1.007812118530273438e+01
1.007763290405273438e+01
1.007737731933593750e+01
1.007722568511962891e+01
1.007672405242919922e+01
1.007616615295410156e+01
1.007592773437500000e+01
1.007599830627441406e+01
1.007557678222656250e+01
1.007495975494384766e+01
1.007449722290039062e+01
1.007441711425781250e+01
1.007434177398681641e+01
1.007406616210937500e+01
1.007328414916992188e+01
1.007287120819091797e+01
1.007322406768798828e+01
1.007245445251464844e+01
1.007157230377197266e+01
1.007108116149902344e+01
1.007103252410888672e+01
1.007083225250244141e+01
1.007025051116943359e+01
1.006949138641357422e+01
1.006915092468261719e+01
1.006937026977539062e+01
1.006847572326660156e+01
1.006775283813476562e+01
1.006738185882568359e+01
1.006757450103759766e+01
1.006792831420898438e+01
1.006776809692382812e+01
1.006755828857421875e+01
1.006718444824218750e+01
1.006687068939208984e+01
1.006651306152343750e+01
1.006602001190185547e+01
1.006531238555908203e+01
1.006481742858886719e+01
1.006442737579345703e+01
1.006401252746582031e+01
1.006354141235351562e+01
1.006322765350341797e+01
1.006316184997558594e+01
1.006267833709716797e+01
1.006210613250732422e+01
1.006130599975585938e+01
1.006066799163818359e+01
1.006035137176513672e+01
1.005999755859375000e+01
1.005945014953613281e+01
1.005930709838867188e+01
1.005945873260498047e+01
1.005916690826416016e+01
1.005870056152343750e+01
1.005861282348632812e+01
1.005832004547119141e+01
1.005834197998046875e+01
1.005823040008544922e+01
1.005836677551269531e+01
1.005827045440673828e+01
1.005818367004394531e+01
1.005812931060791016e+01
1.005824184417724609e+01
1.005771160125732422e+01
1.005713939666748047e+01
1.005648422241210938e+01
1.005576229095458984e+01
1.005491828918457031e+01
1.005426502227783203e+01
1.005372333526611328e+01
1.005306816101074219e+01
1.005238246917724609e+01
1.005167865753173828e+01
1.005093383789062500e+01
1.005028724670410156e+01
1.004970359802246094e+01
1.004896259307861328e+01
1.004809188842773438e+01
1.004712581634521484e+01
1.004609394073486328e+01
1.004503250122070312e+01
1.004398441314697266e+01
1.004315376281738281e+01
1.004245758056640625e+01
1.004163169860839844e+01
1.004070091247558594e+01
1.003968715667724609e+01
1.003861331939697266e+01
1.003751087188720703e+01
1.003658580780029297e+01
1.003579139709472656e+01
1.003493213653564453e+01
1.003400516510009766e+01
1.003302955627441406e+01
1.003203868865966797e+01
1.003107357025146484e+01
1.003028964996337891e+01
1.002962684631347656e+01
1.002890396118164062e+01
1.002811241149902344e+01
1.002726173400878906e+01
1.002640819549560547e+01
1.002561283111572266e+01
1.002490139007568359e+01
1.002425670623779297e+01
1.002371788024902344e+01
1.002322101593017578e+01
1.002260780334472656e+01
1.002182769775390625e+01
1.002092838287353516e+01
1.002005767822265625e+01
1.001916694641113281e+01
1.001783561706542969e+01
1.001464939117431641e+01
1.001110744476318359e+01
1.000754451751708984e+01
1.000830745697021484e+01
1.000659275054931641e+01
1.000603675842285156e+01
1.000572681427001953e+01
1.000478363037109375e+01
1.000971126556396484e+01
1.000787353515625000e+01
1.000910758972167969e+01
1.000843334197998047e+01
1.000678634643554688e+01
1.001226902008056641e+01
1.000855445861816406e+01
1.000653648376464844e+01
1.000718402862548828e+01
1.000977611541748047e+01
1.001192092895507812e+01
1.001166820526123047e+01
1.001322650909423828e+01
1.001502895355224609e+01
1.001170253753662109e+01
1.000869941711425781e+01
1.000572586059570312e+01
1.000368309020996094e+01
1.000451755523681641e+01
1.000445079803466797e+01
1.000558185577392578e+01
1.000777912139892578e+01
1.000895977020263672e+01
1.001051521301269531e+01
1.001001358032226562e+01
1.000745677947998047e+01
1.000512695312500000e+01
1.000328350067138672e+01
1.000258922576904297e+01
1.000329113006591797e+01
1.000398731231689453e+01
1.000429439544677734e+01
1.000485801696777344e+01
1.000487422943115234e+01
1.000457572937011719e+01
1.000386619567871094e+01
1.000285243988037109e+01
1.000329303741455078e+01
1.000337505340576172e+01
1.000210857391357422e+01
1.000314712524414062e+01
1.000329399108886719e+01
1.000239658355712891e+01
1.000281810760498047e+01
1.000369548797607422e+01
1.000243186950683594e+01
1.000204849243164062e+01
1.000278759002685547e+01
1.000322914123535156e+01
1.000247097015380859e+01
1.000285816192626953e+01
1.000385761260986328e+01
1.000229072570800781e+01
1.000197887420654297e+01
1.000333404541015625e+01
1.000249099731445312e+01
1.000231456756591797e+01
1.000283718109130859e+01
1.000258827209472656e+01
1.000234317779541016e+01
1.000261783599853516e+01
1.000288867950439453e+01
1.000155544281005859e+01
1.000215816497802734e+01
1.000282287597656250e+01
1.000227260589599609e+01
1.000276565551757812e+01
1.000283908843994141e+01
1.000229644775390625e+01
1.000203609466552734e+01
1.000226211547851562e+01
1.000201988220214844e+01
1.000198554992675781e+01
1.000219535827636719e+01
1.000253772735595703e+01
1.000137329101562500e+01
1.000217437744140625e+01
1.000112438201904297e+01
1.000015544891357422e+01
1.000039196014404297e+01
1.000029087066650391e+01
1.000044918060302734e+01
1.000061321258544922e+01
9.999964714050292969e+00
1.000011920928955078e+01
9.999729156494140625e+00
9.998854637145996094e+00
9.999757766723632812e+00
9.999139785766601562e+00
9.998593330383300781e+00
9.999342918395996094e+00
9.998585700988769531e+00
9.998000144958496094e+00
9.999037742614746094e+00
9.998196601867675781e+00
9.997752189636230469e+00
9.998198509216308594e+00
9.998319625854492188e+00
9.997871398925781250e+00
9.997590065002441406e+00
9.998539924621582031e+00
9.997192382812500000e+00
9.996716499328613281e+00
9.997920989990234375e+00
9.996422767639160156e+00
9.995814323425292969e+00
9.998235702514648438e+00
9.996683120727539062e+00
9.995662689208984375e+00
9.996583938598632812e+00
9.995756149291992188e+00
9.994860649108886719e+00
9.997039794921875000e+00
9.995935440063476562e+00
9.994605064392089844e+00
9.995605468750000000e+00
9.994766235351562500e+00
9.993906974792480469e+00
9.995452880859375000e+00
9.994290351867675781e+00
9.993689537048339844e+00
9.994983673095703125e+00
9.993773460388183594e+00
9.992802619934082031e+00
9.994790077209472656e+00
9.992898941040039062e+00
9.992486000061035156e+00
9.993748664855957031e+00
9.992577552795410156e+00
9.991565704345703125e+00
9.994711875915527344e+00
9.992404937744140625e+00
9.990825653076171875e+00
9.993692398071289062e+00
9.992103576660156250e+00
9.991436004638671875e+00
9.992749214172363281e+00
9.991794586181640625e+00
9.990602493286132812e+00
9.992315292358398438e+00
9.991188049316406250e+00
9.990118980407714844e+00
9.992392539978027344e+00
9.990690231323242188e+00
9.990422248840332031e+00
9.991525650024414062e+00
9.989555358886718750e+00
9.988915443420410156e+00
9.990724563598632812e+00
9.989180564880371094e+00
9.989602088928222656e+00
9.991457939147949219e+00
9.989218711853027344e+00
9.988824844360351562e+00
9.992329597473144531e+00
9.989003181457519531e+00
9.989236831665039062e+00
9.993485450744628906e+00
9.989744186401367188e+00
9.991303443908691406e+00
9.992753028869628906e+00
9.990922927856445312e+00
9.990318298339843750e+00
9.991054534912109375e+00
9.991094589233398438e+00
9.989476203918457031e+00
9.989735603332519531e+00
9.990454673767089844e+00
9.990146636962890625e+00
9.990307807922363281e+00
9.990980148315429688e+00
9.990011215209960938e+00
9.989249229431152344e+00
9.989330291748046875e+00
9.989285469055175781e+00
9.988891601562500000e+00
9.989034652709960938e+00
9.989272117614746094e+00
9.989158630371093750e+00
9.989592552185058594e+00
9.988846778869628906e+00
9.989140510559082031e+00
9.989142417907714844e+00
9.989089012145996094e+00
9.989244461059570312e+00
9.989508628845214844e+00
9.989143371582031250e+00
9.989190101623535156e+00
9.989076614379882812e+00
9.989151000976562500e+00
9.989648818969726562e+00
9.988932609558105469e+00
9.989227294921875000e+00
9.989520072937011719e+00
9.988861083984375000e+00
9.989074707031250000e+00
9.989062309265136719e+00
9.988656044006347656e+00
9.989244461059570312e+00
9.989665985107421875e+00
9.989746093750000000e+00
9.990396499633789062e+00
9.988430023193359375e+00
9.989818572998046875e+00
9.988429069519042969e+00
9.988718032836914062e+00
9.991182327270507812e+00
9.988285064697265625e+00
9.988891601562500000e+00
9.989865303039550781e+00
9.990375518798828125e+00
9.988615036010742188e+00
9.992034912109375000e+00
9.988803863525390625e+00
9.988733291625976562e+00
9.989330291748046875e+00
9.987828254699707031e+00
9.988587379455566406e+00
9.988312721252441406e+00
9.988027572631835938e+00
9.988759040832519531e+00
9.988494873046875000e+00
9.987730979919433594e+00
9.988906860351562500e+00
9.987998008728027344e+00
9.987761497497558594e+00
9.988174438476562500e+00
9.988218307495117188e+00
9.987811088562011719e+00
9.987766265869140625e+00
9.987770080566406250e+00
9.987921714782714844e+00
9.987933158874511719e+00
9.987751960754394531e+00
9.988419532775878906e+00
9.987995147705078125e+00
9.987833023071289062e+00
9.988048553466796875e+00
9.987726211547851562e+00
9.988513946533203125e+00
9.987908363342285156e+00
9.987725257873535156e+00
9.987904548645019531e+00
9.987915992736816406e+00
9.987914085388183594e+00
9.988322257995605469e+00
9.987874984741210938e+00
9.987755775451660156e+00
9.987908363342285156e+00
9.987548828125000000e+00
9.987582206726074219e+00
9.987776756286621094e+00
9.987813949584960938e+00
9.987893104553222656e+00
9.987850189208984375e+00
9.991218566894531250e+00
9.989441871643066406e+00
9.989283561706542969e+00
9.989053726196289062e+00
9.988751411437988281e+00
9.988531112670898438e+00
9.992540359497070312e+00
9.988985061645507812e+00
9.988150596618652344e+00
9.987681388854980469e+00
9.987340927124023438e+00
9.989253044128417969e+00
9.988034248352050781e+00
9.987309455871582031e+00
9.987412452697753906e+00
9.987934112548828125e+00
9.987859725952148438e+00
9.988027572631835938e+00
9.987156867980957031e+00
9.987022399902343750e+00
9.987285614013671875e+00
9.986814498901367188e+00
9.986761093139648438e+00
9.987232208251953125e+00
9.987388610839843750e+00
9.988222122192382812e+00
9.986671447753906250e+00
9.989775657653808594e+00
9.992669105529785156e+00
9.994762420654296875e+00
9.988265991210937500e+00
9.988555908203125000e+00
9.989992141723632812e+00
9.988501548767089844e+00
9.987591743469238281e+00
9.988538742065429688e+00
9.994163513183593750e+00
9.989345550537109375e+00
9.990545272827148438e+00
9.988967895507812500e+00
9.989685058593750000e+00
9.989634513854980469e+00
9.989568710327148438e+00
9.986563682556152344e+00
9.984888076782226562e+00
9.985093116760253906e+00
9.984367370605468750e+00
9.985125541687011719e+00
9.983613967895507812e+00
9.983947753906250000e+00
9.983695030212402344e+00
9.987022399902343750e+00
9.988342285156250000e+00
9.992282867431640625e+00
9.986306190490722656e+00
9.993881225585937500e+00
9.984370231628417969e+00
9.986255645751953125e+00
9.990152359008789062e+00
9.988230705261230469e+00
9.984862327575683594e+00
