2.166560173034667969e+00
2.091453790664672852e+00
2.018333196640014648e+00
1.948858499526977539e+00
1.879914522171020508e+00
1.814841747283935547e+00
1.754780054092407227e+00
1.700321197509765625e+00
1.652100205421447754e+00
1.609299063682556152e+00
1.572229862213134766e+00
1.540772199630737305e+00
1.514487981796264648e+00
1.493020534515380859e+00
1.475898742675781250e+00
1.462212562561035156e+00
1.451772332191467285e+00
1.444260954856872559e+00
1.439037203788757324e+00
1.435302734375000000e+00
1.432899951934814453e+00
1.430885672569274902e+00
1.430921077728271484e+00
1.431358337402343750e+00
1.429494261741638184e+00
1.422352433204650879e+00
1.410732626914978027e+00
1.399561047554016113e+00
1.388345241546630859e+00
1.377096772193908691e+00
1.365903735160827637e+00
1.355231881141662598e+00
1.345200896263122559e+00
1.336091637611389160e+00
1.328119874000549316e+00
1.321399450302124023e+00
1.315958380699157715e+00
1.311749577522277832e+00
1.293135643005371094e+00
1.258587837219238281e+00
1.217984318733215332e+00
1.176335573196411133e+00
1.133556127548217773e+00
1.077536344528198242e+00
1.022253632545471191e+00
9.723560214042663574e-01
9.299286007881164551e-01
8.957153558731079102e-01
8.696147799491882324e-01
8.509420752525329590e-01
8.386163115501403809e-01
8.313297033309936523e-01
8.277175426483154297e-01
8.265181779861450195e-01
8.266931176185607910e-01
8.274868726730346680e-01
8.284282088279724121e-01
8.292828798294067383e-01
8.299836516380310059e-01
8.305572271347045898e-01
8.261114358901977539e-01
8.144763708114624023e-01
8.038167953491210938e-01
7.970789074897766113e-01
7.948506474494934082e-01
7.959018945693969727e-01
7.980350852012634277e-01
7.994083166122436523e-01
7.993583083152770996e-01
7.982214093208312988e-01
7.967133522033691406e-01
7.954317331314086914e-01
7.946003675460815430e-01
7.937520742416381836e-01
7.924213409423828125e-01
7.906731963157653809e-01
7.887501120567321777e-01
7.869466543197631836e-01
7.854769825935363770e-01
7.844244241714477539e-01
7.837586402893066406e-01
7.833752632141113281e-01
7.831143140792846680e-01
7.829246520996093750e-01
7.827878594398498535e-01
7.826698422431945801e-01
7.825858592987060547e-01
7.825606465339660645e-01
7.825652956962585449e-01
7.825803160667419434e-01
7.826011776924133301e-01
7.825928926467895508e-01
7.825544476509094238e-01
7.825158834457397461e-01
7.824954390525817871e-01
7.824875116348266602e-01
7.824797034263610840e-01
7.824735641479492188e-01
7.824771404266357422e-01
7.824892997741699219e-01
7.825000882148742676e-01
7.825056314468383789e-01
7.825120687484741211e-01
7.825251817703247070e-01
7.825425267219543457e-01
7.825587391853332520e-01
7.825731635093688965e-01
7.825884222984313965e-01
7.826017737388610840e-01
7.826108932495117188e-01
7.826206684112548828e-01
7.826291918754577637e-01
7.826299667358398438e-01
7.826268076896667480e-01
7.826220989227294922e-01
7.826169133186340332e-01
7.826120853424072266e-01
7.826063036918640137e-01
7.826004028320312500e-01
7.825974822044372559e-01
7.825945615768432617e-01
7.826026678085327148e-01
7.825838923454284668e-01
7.825794816017150879e-01
7.825990319252014160e-01
7.825828790664672852e-01
7.825699448585510254e-01
7.825921773910522461e-01
7.826129794120788574e-01
7.826070189476013184e-01
7.826120853424072266e-01
7.826308608055114746e-01
7.826367020606994629e-01
7.826350331306457520e-01
7.826417088508605957e-01
7.826521396636962891e-01
7.826560139656066895e-01
7.826614379882812500e-01
7.826681733131408691e-01
7.826712131500244141e-01
7.827091813087463379e-01
7.827145457267761230e-01
7.826737165451049805e-01
7.826773524284362793e-01
7.827244400978088379e-01
7.827520370483398438e-01
7.827386260032653809e-01
7.827594280242919922e-01
7.828454375267028809e-01
7.829138040542602539e-01
7.829089760780334473e-01
7.829051613807678223e-01
7.829163670539855957e-01
7.828989028930664062e-01
7.828575968742370605e-01
7.828273177146911621e-01
7.827951908111572266e-01
7.827413082122802734e-01
7.827046513557434082e-01
7.826740145683288574e-01
7.826467752456665039e-01
7.826427221298217773e-01
7.826484441757202148e-01
7.826643586158752441e-01
7.826718091964721680e-01
7.826846837997436523e-01
7.827178239822387695e-01
7.827253341674804688e-01
7.827371954917907715e-01
7.827854156494140625e-01
7.828015685081481934e-01
7.828050255775451660e-01
7.828007340431213379e-01
7.827756404876708984e-01
7.827730774879455566e-01
7.827634215354919434e-01
7.827396988868713379e-01
7.827331423759460449e-01
7.827193140983581543e-01
7.827140688896179199e-01
7.827283740043640137e-01
7.827388048171997070e-01
7.827519178390502930e-01
7.827653884887695312e-01
7.827689647674560547e-01
7.827902436256408691e-01
7.827771306037902832e-01
7.827498912811279297e-01
7.827729582786560059e-01
7.827851772308349609e-01
7.827730774879455566e-01
7.827855348587036133e-01
7.827821373939514160e-01
7.827675342559814453e-01
7.827648520469665527e-01
7.827631235122680664e-01
7.827579975128173828e-01
7.827663421630859375e-01
7.827731370925903320e-01
7.827752828598022461e-01
7.827866673469543457e-01
7.827712297439575195e-01
7.827619314193725586e-01
7.827631235122680664e-01
7.827572226524353027e-01
7.827529311180114746e-01
7.827425599098205566e-01
7.827527523040771484e-01
7.827640771865844727e-01
7.827623486518859863e-01
7.827730178833007812e-01
7.827700376510620117e-01
7.827725410461425781e-01
7.827803492546081543e-01
7.827823162078857422e-01
7.827877402305603027e-01
7.828061580657958984e-01
7.828130722045898438e-01
7.828133702278137207e-01
7.828195095062255859e-01
7.828208804130554199e-01
7.828096151351928711e-01
7.828062772750854492e-01
7.827948927879333496e-01
7.827759981155395508e-01
7.827739119529724121e-01
7.827526330947875977e-01
7.827463746070861816e-01
7.827495932579040527e-01
7.827473878860473633e-01
7.827576398849487305e-01
7.827826142311096191e-01
7.827834486961364746e-01
7.827953696250915527e-01
7.828427553176879883e-01
7.828478217124938965e-01
7.828434705734252930e-01
7.828508615493774414e-01
7.828480005264282227e-01
7.828166484832763672e-01
7.827866673469543457e-01
7.827786207199096680e-01
7.827776074409484863e-01
7.827675938606262207e-01
7.827697992324829102e-01
7.827665209770202637e-01
7.827562093734741211e-01
7.827658057212829590e-01
7.827889323234558105e-01
7.827934026718139648e-01
7.827944755554199219e-01
7.827935814857482910e-01
7.827869653701782227e-01
7.827899456024169922e-01
7.828053832054138184e-01
7.828099131584167480e-01
7.828096151351928711e-01
7.828099131584167480e-01
7.828076481819152832e-01
7.828012108802795410e-01
7.828039526939392090e-01
7.828058004379272461e-01
7.828055620193481445e-01
7.828109264373779297e-01
7.828232645988464355e-01
7.828209996223449707e-01
7.828133702278137207e-01
7.828111648559570312e-01
7.828110456466674805e-01
7.828075885772705078e-01
7.828119993209838867e-01
7.828126549720764160e-01
7.828076481819152832e-01
7.828095555305480957e-01
7.828177213668823242e-01
7.828133702278137207e-01
7.828090190887451172e-01
7.828069925308227539e-01
7.828037738800048828e-01
7.828008532524108887e-01
7.828070521354675293e-01
7.827934026718139648e-01
7.827971577644348145e-01
7.828442454338073730e-01
7.828582525253295898e-01
7.828657031059265137e-01
7.828788757324218750e-01
7.828733325004577637e-01
7.828296422958374023e-01
7.827880978584289551e-01
7.827774882316589355e-01
7.827886939048767090e-01
7.828005552291870117e-01
7.828076481819152832e-01
7.828066349029541016e-01
7.828105092048645020e-01
7.828095555305480957e-01
7.828015685081481934e-01
7.828093171119689941e-01
7.828422784805297852e-01
7.828540205955505371e-01
7.828298807144165039e-01
7.828155755996704102e-01
7.827648520469665527e-01
7.827433347702026367e-01
7.827713489532470703e-01
7.828091382980346680e-01
7.829114198684692383e-01
7.829843163490295410e-01
7.829935550689697266e-01
7.829999327659606934e-01
7.829165458679199219e-01
7.828793525695800781e-01
7.828467488288879395e-01
7.827832102775573730e-01
7.827771306037902832e-01
7.827982306480407715e-01
7.828177213668823242e-01
7.828561067581176758e-01
7.828729748725891113e-01
7.828514575958251953e-01
7.828295230865478516e-01
7.828065156936645508e-01
7.828152775764465332e-01
7.828329801559448242e-01
7.828480005264282227e-01
7.828744053840637207e-01
7.828620672225952148e-01
7.828796505928039551e-01
7.828879356384277344e-01
7.828648090362548828e-01
7.828786373138427734e-01
7.828714847564697266e-01
7.828482389450073242e-01
7.828263044357299805e-01
7.828199267387390137e-01
7.827936410903930664e-01
7.828030586242675781e-01
7.828965783119201660e-01
7.829724550247192383e-01
7.830021381378173828e-01
7.830860614776611328e-01
7.831150293350219727e-01
7.829743623733520508e-01
7.828766107559204102e-01
7.828378677368164062e-01
7.827954888343811035e-01
7.827847003936767578e-01
7.828081250190734863e-01
7.828059792518615723e-01
7.827892899513244629e-01
7.827963232994079590e-01
7.827932834625244141e-01
7.827815413475036621e-01
7.827883958816528320e-01
7.828250527381896973e-01
7.828507423400878906e-01
7.828427553176879883e-01
7.828832864761352539e-01
7.829183340072631836e-01
7.828695178031921387e-01
7.828637361526489258e-01
7.828989624977111816e-01
7.828853130340576172e-01
7.828787565231323242e-01
7.828799486160278320e-01
7.828122973442077637e-01
7.827605605125427246e-01
7.827631235122680664e-01
7.827661037445068359e-01
7.827672362327575684e-01
7.828192114830017090e-01
7.828853130340576172e-01
7.828776836395263672e-01
7.828968763351440430e-01
7.829421162605285645e-01
7.829262614250183105e-01
7.829264402389526367e-01
7.829352617263793945e-01
7.829040884971618652e-01
7.828590869903564453e-01
7.828118801116943359e-01
7.828029394149780273e-01
7.828142642974853516e-01
7.828194499015808105e-01
7.828677296638488770e-01
7.829130887985229492e-01
7.828980088233947754e-01
7.829378247261047363e-01
7.829691171646118164e-01
7.829057574272155762e-01
7.829033136367797852e-01
7.829348444938659668e-01
7.828962802886962891e-01
7.828845381736755371e-01
7.828998565673828125e-01
7.828825712203979492e-01
7.828506827354431152e-01
7.828159332275390625e-01
7.828177213668823242e-01
7.828342914581298828e-01
7.828390002250671387e-01
7.828992009162902832e-01
7.829460501670837402e-01
7.829104661941528320e-01
7.829530239105224609e-01
7.829977869987487793e-01
7.829126119613647461e-01
7.828842997550964355e-01
7.829174995422363281e-01
7.829060554504394531e-01
7.829095721244812012e-01
7.829129099845886230e-01
7.828874588012695312e-01
7.828658223152160645e-01
7.828748226165771484e-01
7.828785181045532227e-01
7.828677296638488770e-01
7.828748226165771484e-01
7.829114198684692383e-01
7.829221487045288086e-01
7.829136252403259277e-01
7.829246520996093750e-01
7.829474806785583496e-01
7.829499840736389160e-01
7.829529643058776855e-01
7.829496860504150391e-01
7.829447984695434570e-01
7.829400897026062012e-01
7.829431295394897461e-01
7.829424738883972168e-01
7.829462289810180664e-01
7.829463481903076172e-01
7.829496860504150391e-01
7.829462289810180664e-01
7.829477190971374512e-01
7.829457521438598633e-01
7.829473018646240234e-01
7.829502224922180176e-01
7.829588651657104492e-01
7.829589843750000000e-01
7.829654216766357422e-01
7.829605340957641602e-01
7.829546928405761719e-01
7.829573154449462891e-01
7.829637527465820312e-01
7.829651236534118652e-01
7.829804420471191406e-01
7.829685211181640625e-01
7.829555273056030273e-01
7.829580903053283691e-01
7.829565405845642090e-01
7.829688191413879395e-01
7.830096483230590820e-01
7.829927206039428711e-01
7.829634547233581543e-01
7.829577922821044922e-01
7.829532623291015625e-01
7.830536961555480957e-01
7.830138802528381348e-01
7.828922867774963379e-01
7.829122543334960938e-01
7.829315066337585449e-01
7.828796505928039551e-01
7.829181551933288574e-01
7.829372286796569824e-01
7.828366160392761230e-01
7.828212976455688477e-01
7.829156517982482910e-01
7.830489277839660645e-01
7.830182313919067383e-01
7.830320000648498535e-01
7.830660939216613770e-01
7.829730510711669922e-01
7.829252481460571289e-01
7.829573154449462891e-01
7.830017209053039551e-01
7.830529808998107910e-01
7.830810546875000000e-01
7.830845117568969727e-01
7.830470204353332520e-01
7.830088138580322266e-01
7.830569148063659668e-01
7.830101251602172852e-01
7.829241752624511719e-01
7.829295992851257324e-01
7.829120159149169922e-01
7.829075455665588379e-01
7.829284667968750000e-01
7.829544544219970703e-01
7.830597162246704102e-01
7.830342650413513184e-01
7.829799652099609375e-01
7.830103039741516113e-01
7.830421924591064453e-01
7.831740379333496094e-01
7.831383347511291504e-01
7.830040454864501953e-01
7.829819321632385254e-01
7.829847335815429688e-01
7.830445766448974609e-01
7.830432653427124023e-01
7.829961776733398438e-01
7.829846143722534180e-01
7.830051779747009277e-01
7.830031514167785645e-01
7.830207347869873047e-01
7.830026149749755859e-01
7.829880714416503906e-01
7.830066680908203125e-01
7.830135822296142578e-01
7.831618785858154297e-01
7.831476330757141113e-01
7.829816341400146484e-01
7.830273509025573730e-01
7.831516861915588379e-01
7.830474376678466797e-01
7.829669117927551270e-01
7.830395102500915527e-01
7.830657958984375000e-01
7.829435467720031738e-01
7.829282283782958984e-01
7.829607725143432617e-01
7.829055190086364746e-01
7.828883528709411621e-01
7.830453515052795410e-01
7.832697033882141113e-01
7.831438183784484863e-01
7.830834388732910156e-01
7.831354737281799316e-01
7.830460071563720703e-01
7.829814553260803223e-01
7.830179333686828613e-01
7.830311059951782227e-01
7.830647230148315430e-01
7.830901741981506348e-01
7.830706834793090820e-01
7.831608057022094727e-01
7.832010388374328613e-01
7.831336259841918945e-01
7.832003235816955566e-01
7.831702828407287598e-01
7.830214500427246094e-01
7.830398082733154297e-01
7.831150889396667480e-01
7.830418944358825684e-01
7.830231785774230957e-01
7.831151485443115234e-01
7.831521034240722656e-01
7.831599116325378418e-01
7.831468582153320312e-01
7.831038832664489746e-01
7.831483483314514160e-01
7.831141948699951172e-01
7.830265760421752930e-01
7.831068038940429688e-01
7.831254005432128906e-01
7.830014228820800781e-01
7.830465435981750488e-01
7.831405997276306152e-01
7.830398082733154297e-01
7.830105423927307129e-01
7.831122875213623047e-01
7.831777930259704590e-01
7.831836938858032227e-01
7.832794189453125000e-01
7.832537293434143066e-01
7.831069231033325195e-01
7.831167578697204590e-01
7.831701040267944336e-01
7.831026315689086914e-01
7.831111550331115723e-01
7.831200957298278809e-01
7.830433249473571777e-01
7.830833792686462402e-01
7.831225991249084473e-01
7.830457687377929688e-01
7.830860018730163574e-01
7.831669449806213379e-01
7.831074595451354980e-01
7.831290364265441895e-01
7.831473350524902344e-01
7.830528616905212402e-01
7.830722928047180176e-01
7.831249237060546875e-01
7.830730080604553223e-01
7.831060886383056641e-01
7.831735014915466309e-01
7.831392884254455566e-01
7.831840515136718750e-01
7.831572294235229492e-01
7.830735445022583008e-01
7.831630110740661621e-01
7.832474708557128906e-01
7.831503748893737793e-01
7.831614017486572266e-01
7.832245826721191406e-01
7.831483483314514160e-01
7.831265330314636230e-01
7.831679582595825195e-01
7.831482291221618652e-01
7.831668257713317871e-01
7.831921577453613281e-01
7.831689119338989258e-01
7.832264900207519531e-01
7.832301259040832520e-01
7.831625938415527344e-01
7.832206487655639648e-01
7.831910848617553711e-01
7.830772995948791504e-01
7.831246256828308105e-01
7.831172347068786621e-01
7.830072641372680664e-01
7.830641865730285645e-01
7.831147909164428711e-01
7.829819321632385254e-01
7.829890251159667969e-01
7.831118106842041016e-01
7.830991744995117188e-01
7.831034660339355469e-01
7.832204103469848633e-01
7.832467555999755859e-01
7.832270860671997070e-01
7.833425998687744141e-01
7.833202481269836426e-01
7.831651568412780762e-01
7.831954360008239746e-01
7.832401990890502930e-01
7.831201553344726562e-01
7.831018567085266113e-01
7.831336855888366699e-01
7.830712199211120605e-01
7.830741405487060547e-01
7.831334471702575684e-01
7.831304669380187988e-01
7.831777930259704590e-01
7.832292318344116211e-01
7.832109332084655762e-01
7.832888364791870117e-01
7.832744717597961426e-01
7.831857204437255859e-01
7.832933068275451660e-01
7.833932638168334961e-01
7.832218408584594727e-01
7.831581234931945801e-01
7.831822633743286133e-01
7.831329107284545898e-01
7.831404209136962891e-01
7.833366990089416504e-01
7.834635972976684570e-01
7.833049297332763672e-01
7.832552790641784668e-01
7.832196354866027832e-01
7.831012010574340820e-01
7.830805778503417969e-01
7.832078933715820312e-01
7.834030389785766602e-01
7.834746837615966797e-01
7.835217118263244629e-01
7.833831906318664551e-01
7.831738591194152832e-01
7.831621766090393066e-01
7.831291556358337402e-01
7.830285429954528809e-01
7.830288410186767578e-01
7.830982804298400879e-01
7.830392122268676758e-01
7.830322384834289551e-01
7.831477522850036621e-01
7.832155823707580566e-01
7.832922339439392090e-01
7.835497260093688965e-01
7.835877537727355957e-01
7.833206653594970703e-01
7.832627892494201660e-01
7.832473516464233398e-01
7.831214070320129395e-01
7.831008434295654297e-01
7.831378579139709473e-01
7.831198573112487793e-01
7.831808924674987793e-01
7.834436297416687012e-01
7.836732268333435059e-01
7.836484909057617188e-01
7.836648225784301758e-01
7.834199666976928711e-01
7.831420898437500000e-01
7.831261754035949707e-01
7.831685543060302734e-01
7.830682396888732910e-01
7.830316424369812012e-01
7.830868959426879883e-01
7.831898331642150879e-01
7.833020687103271484e-01
7.835277318954467773e-01
7.836632132530212402e-01
7.835210561752319336e-01
7.834676504135131836e-01
7.834260463714599609e-01
7.832673788070678711e-01
7.832078337669372559e-01
7.832763791084289551e-01
7.833676934242248535e-01
7.834063172340393066e-01
7.834947705268859863e-01
7.834646701812744141e-01
7.833076119422912598e-01
7.833116054534912109e-01
7.832525372505187988e-01
7.830906510353088379e-01
7.830733656883239746e-01
7.831113338470458984e-01
7.830522656440734863e-01
7.830663323402404785e-01
7.831825017929077148e-01
7.832188606262207031e-01
7.833013534545898438e-01
7.835816144943237305e-01
7.838119864463806152e-01
7.837176322937011719e-01
7.835760712623596191e-01
7.834318876266479492e-01
7.832725644111633301e-01
7.832418084144592285e-01
7.832150459289550781e-01
7.831384539604187012e-01
7.831555008888244629e-01
7.832071781158447266e-01
7.831586599349975586e-01
7.832209467887878418e-01
7.833304405212402344e-01
7.832683324813842773e-01
7.833014726638793945e-01
7.833824753761291504e-01
7.833104133605957031e-01
7.832998633384704590e-01
7.834355831146240234e-01
7.835453748703002930e-01
7.835396528244018555e-01
7.836288809776306152e-01
7.835763692855834961e-01
7.833126783370971680e-01
7.832358479499816895e-01
7.831869125366210938e-01
7.830925583839416504e-01
7.830846309661865234e-01
7.831622362136840820e-01
7.831797003746032715e-01
7.832686305046081543e-01
7.835693955421447754e-01
7.837922573089599609e-01
7.837404012680053711e-01
7.837510704994201660e-01
7.836034893989562988e-01
7.832936644554138184e-01
7.832059860229492188e-01
7.831798791885375977e-01
7.831252217292785645e-01
7.831294536590576172e-01
7.833131551742553711e-01
7.835576534271240234e-01
7.836530208587646484e-01
7.838608622550964355e-01
7.837861776351928711e-01
7.833700180053710938e-01
7.832348346710205078e-01
7.831724882125854492e-01
7.830948233604431152e-01
7.830852270126342773e-01
7.832332253456115723e-01
7.835145592689514160e-01
7.836411595344543457e-01
7.839128971099853516e-01
7.838752269744873047e-01
7.833775281906127930e-01
7.832199335098266602e-01
7.831755876541137695e-01
7.831069231033325195e-01
7.830967307090759277e-01
7.832441329956054688e-01
7.835217714309692383e-01
7.836278676986694336e-01
7.838114500045776367e-01
7.838724255561828613e-01
7.835723161697387695e-01
7.834022045135498047e-01
7.832859158515930176e-01
7.831607460975646973e-01
7.831353545188903809e-01
7.832382917404174805e-01
7.834646701812744141e-01
7.835966944694519043e-01
7.838162183761596680e-01
7.838451266288757324e-01
7.835130095481872559e-01
7.833688259124755859e-01
7.832735180854797363e-01
7.831482291221618652e-01
7.831215262413024902e-01
7.832374572753906250e-01
7.834743857383728027e-01
7.836053371429443359e-01
7.838422656059265137e-01
7.838690876960754395e-01
7.835120558738708496e-01
7.833626866340637207e-01
7.832685708999633789e-01
7.831497192382812500e-01
7.831228971481323242e-01
7.832458019256591797e-01
7.835168242454528809e-01
7.836306691169738770e-01
7.838448286056518555e-01
7.838724255561828613e-01
7.835001945495605469e-01
7.833232879638671875e-01
7.832407355308532715e-01
7.831529974937438965e-01
7.831393480300903320e-01
7.832795977592468262e-01
7.835511565208435059e-01
7.837141752243041992e-01
7.839677929878234863e-01
7.839314937591552734e-01
7.835031747817993164e-01
7.833385467529296875e-01
7.832473516464233398e-01
7.831506133079528809e-01
7.831302285194396973e-01
7.832917571067810059e-01
7.836394906044006348e-01
7.837548255920410156e-01
7.839034199714660645e-01
7.838842272758483887e-01
7.835144400596618652e-01
7.833339571952819824e-01
7.832512259483337402e-01
7.831717729568481445e-01
7.831614017486572266e-01
7.833198308944702148e-01
7.836493253707885742e-01
7.838004231452941895e-01
7.839410901069641113e-01
7.838913798332214355e-01
7.835571169853210449e-01
7.833973169326782227e-01
7.833024859428405762e-01
7.831971049308776855e-01
7.831705808639526367e-01
7.832983136177062988e-01
7.835885882377624512e-01
7.837408185005187988e-01
7.839521765708923340e-01
7.839272022247314453e-01
7.835153341293334961e-01
7.833331227302551270e-01
7.832372188568115234e-01
7.831552624702453613e-01
7.831417918205261230e-01
7.833178043365478516e-01
7.837076783180236816e-01
7.838399410247802734e-01
7.839928269386291504e-01
7.839225530624389648e-01
7.834950089454650879e-01
7.833128571510314941e-01
7.832389473915100098e-01
7.831746339797973633e-01
7.831694483757019043e-01
7.833842635154724121e-01
7.838239073753356934e-01
7.839131951332092285e-01
7.839683890342712402e-01
7.838978767395019531e-01
7.835474014282226562e-01
7.833580970764160156e-01
7.833335995674133301e-01
7.833940386772155762e-01
7.835026383399963379e-01
7.837476134300231934e-01
7.837317585945129395e-01
7.834171056747436523e-01
7.833635807037353516e-01
7.833068966865539551e-01
7.831677198410034180e-01
7.831291556358337402e-01
7.832795977592468262e-01
7.836432456970214844e-01
7.838231921195983887e-01
7.840144038200378418e-01
7.839013338088989258e-01
7.834653258323669434e-01
7.833286523818969727e-01
7.832673192024230957e-01
7.831817865371704102e-01
7.831622958183288574e-01
7.833591699600219727e-01
7.837995886802673340e-01
7.838138341903686523e-01
7.837839722633361816e-01
7.837534546852111816e-01
7.835331559181213379e-01
7.834085822105407715e-01
7.834569215774536133e-01
7.836061120033264160e-01
7.836883664131164551e-01
7.837463021278381348e-01
7.836236357688903809e-01
7.834008336067199707e-01
7.833552956581115723e-01
7.833176851272583008e-01
7.832110524177551270e-01
7.831912636756896973e-01
7.834094762802124023e-01
7.837374210357666016e-01
7.838250994682312012e-01
7.839112281799316406e-01
7.837620377540588379e-01
7.833846211433410645e-01
7.832698225975036621e-01
7.832280993461608887e-01
7.831801176071166992e-01
7.831771373748779297e-01
7.834408283233642578e-01
7.839557528495788574e-01
7.839567661285400391e-01
7.838751673698425293e-01
7.837513089179992676e-01
7.834587097167968750e-01
7.833325266838073730e-01
7.833986878395080566e-01
7.835981249809265137e-01
7.837026119232177734e-01
7.837839126586914062e-01
7.836527824401855469e-01
7.833841443061828613e-01
7.833295464515686035e-01
7.832996845245361328e-01
7.832011580467224121e-01
7.831884026527404785e-01
7.834272384643554688e-01
7.837846875190734863e-01
7.838402986526489258e-01
7.838803529739379883e-01
7.837161421775817871e-01
7.833667397499084473e-01
7.832645773887634277e-01
7.832460999488830566e-01
7.832154631614685059e-01
7.832574248313903809e-01
7.835507392883300781e-01
7.839349508285522461e-01
7.839757800102233887e-01
7.839455604553222656e-01
7.837207913398742676e-01
7.834132909774780273e-01
7.833266854286193848e-01
7.834391593933105469e-01
7.836090326309204102e-01
7.836349010467529297e-01
7.836477756500244141e-01
7.835118770599365234e-01
7.833241224288940430e-01
7.833251953125000000e-01
7.833493351936340332e-01
7.832293510437011719e-01
7.831988334655761719e-01
7.834036350250244141e-01
7.837341427803039551e-01
7.838192582130432129e-01
7.838847041130065918e-01
7.836824059486389160e-01
7.833437919616699219e-01
7.832744717597961426e-01
7.833827733993530273e-01
7.835751175880432129e-01
7.836524248123168945e-01
7.837747931480407715e-01
7.836202979087829590e-01
7.832902669906616211e-01
7.832464575767517090e-01
7.832662463188171387e-01
7.832517027854919434e-01
7.833077907562255859e-01
7.836371660232543945e-01
7.839844226837158203e-01
7.839257717132568359e-01
7.838301062583923340e-01
7.836211323738098145e-01
7.833595871925354004e-01
7.832936048507690430e-01
7.834374308586120605e-01
7.837105393409729004e-01
7.838073372840881348e-01
7.838355302810668945e-01
7.835954427719116211e-01
7.833075523376464844e-01
7.832702994346618652e-01
7.832752466201782227e-01
7.832401990890502930e-01
