4.373129653930664062e+01
4.329273223876953125e+01
4.285292816162109375e+01
4.240066146850585938e+01
4.192589569091796875e+01
4.138586807250976562e+01
4.078874969482421875e+01
4.017599105834960938e+01
3.947106552124023438e+01
3.872128677368164062e+01
3.788782882690429688e+01
3.704445648193359375e+01
3.612394714355468750e+01
3.516604232788085938e+01
3.420328903198242188e+01
3.338693618774414062e+01
3.267763137817382812e+01
3.202190399169921875e+01
3.142112731933593750e+01
3.087921524047851562e+01
3.039862060546875000e+01
2.997985649108886719e+01
2.962157058715820312e+01
2.932084465026855469e+01
2.906949234008789062e+01
2.878005790710449219e+01
2.841977691650390625e+01
2.806080627441406250e+01
2.772268104553222656e+01
2.741533088684082031e+01
2.714371299743652344e+01
2.690972137451171875e+01
2.671319580078125000e+01
2.655256080627441406e+01
2.661508560180664062e+01
2.634409713745117188e+01
2.625308799743652344e+01
2.620401191711425781e+01
2.617498207092285156e+01
2.616240501403808594e+01
2.616284942626953125e+01
2.617335510253906250e+01
2.619143104553222656e+01
2.621402168273925781e+01
2.624406814575195312e+01
2.626979064941406250e+01
2.629436683654785156e+01
2.632137298583984375e+01
2.634712791442871094e+01
2.637105941772460938e+01
2.639277267456054688e+01
2.641198921203613281e+01
2.642852973937988281e+01
2.644233322143554688e+01
2.645339202880859375e+01
2.646175003051757812e+01
2.646965980529785156e+01
2.647235488891601562e+01
2.647187042236328125e+01
2.647100448608398438e+01
2.646853828430175781e+01
2.646476364135742188e+01
2.645992851257324219e+01
2.645427322387695312e+01
2.644863319396972656e+01
2.644104957580566406e+01
2.643394279479980469e+01
2.642689323425292969e+01
2.642005348205566406e+01
2.641352081298828125e+01
2.641084861755371094e+01
2.640114784240722656e+01
2.639566421508789062e+01
2.639093399047851562e+01
2.639092445373535156e+01
2.638253784179687500e+01
2.637884712219238281e+01
2.637582588195800781e+01
2.637341880798339844e+01
2.638111686706542969e+01
2.636739921569824219e+01
2.636340141296386719e+01
2.636104965209960938e+01
2.635929107666015625e+01
2.635733604431152344e+01
2.637790489196777344e+01
2.634292984008789062e+01
2.632869911193847656e+01
2.632581329345703125e+01
2.632406616210937500e+01
2.632335281372070312e+01
2.632371139526367188e+01
2.632699775695800781e+01
2.636069679260253906e+01
2.646496391296386719e+01
2.650251388549804688e+01
2.644427108764648438e+01
2.635517501831054688e+01
2.630475044250488281e+01
2.643215179443359375e+01
2.622140502929687500e+01
2.618358993530273438e+01
2.616882133483886719e+01
2.617769432067871094e+01
2.639512825012207031e+01
2.622035408020019531e+01
2.610947990417480469e+01
2.611615562438964844e+01
2.653464698791503906e+01
2.609479904174804688e+01
2.581480789184570312e+01
2.574324417114257812e+01
2.567933082580566406e+01
2.562370872497558594e+01
2.556221580505371094e+01
2.548367691040039062e+01
2.539627075195312500e+01
2.531031799316406250e+01
2.530949401855468750e+01
2.513829612731933594e+01
2.505882644653320312e+01
2.498914337158203125e+01
2.492578697204589844e+01
2.486230087280273438e+01
2.510331344604492188e+01
2.471742439270019531e+01
2.465667724609375000e+01
2.461082077026367188e+01
2.457599830627441406e+01
2.454616928100585938e+01
2.451604843139648438e+01
2.448606109619140625e+01
2.444485092163085938e+01
2.440736579895019531e+01
2.437353897094726562e+01
2.434586715698242188e+01
2.432574653625488281e+01
2.431254196166992188e+01
2.434376525878906250e+01
2.447981262207031250e+01
2.437029075622558594e+01
2.429219245910644531e+01
2.426525878906250000e+01
2.426400375366210938e+01
2.426490592956542969e+01
2.424009895324707031e+01
2.420189666748046875e+01
2.417456436157226562e+01
2.415415954589843750e+01
2.414756011962890625e+01
2.414826583862304688e+01
2.414652252197265625e+01
2.414191818237304688e+01
2.413692092895507812e+01
2.413389778137207031e+01
2.413334846496582031e+01
2.413349914550781250e+01
2.413238334655761719e+01
2.412990188598632812e+01
2.412764549255371094e+01
2.412720680236816406e+01
2.412798500061035156e+01
2.412826347351074219e+01
2.412724304199218750e+01
2.412534713745117188e+01
2.412355422973632812e+01
2.412218856811523438e+01
2.412078285217285156e+01
2.411891365051269531e+01
2.411683273315429688e+01
2.411519241333007812e+01
2.411424064636230469e+01
2.411356735229492188e+01
2.411269760131835938e+01
2.411164474487304688e+01
2.411076354980468750e+01
2.411021041870117188e+01
2.410974311828613281e+01
2.410914802551269531e+01
2.410855102539062500e+01
2.410819625854492188e+01
2.410807228088378906e+01
2.410792922973632812e+01
2.410765075683593750e+01
2.410735511779785156e+01
2.410713768005371094e+01
2.410687065124511719e+01
2.410329246520996094e+01
2.410223388671875000e+01
2.410193634033203125e+01
2.409976196289062500e+01
2.409873580932617188e+01
2.409790420532226562e+01
2.409646415710449219e+01
2.409465599060058594e+01
2.409322929382324219e+01
2.409225845336914062e+01
2.409043312072753906e+01
2.408893775939941406e+01
2.408800888061523438e+01
2.408652496337890625e+01
2.408259773254394531e+01
2.408097839355468750e+01
2.407693672180175781e+01
2.407472610473632812e+01
2.407527160644531250e+01
2.407558441162109375e+01
2.407627296447753906e+01
2.407666778564453125e+01
2.407617759704589844e+01
2.407504463195800781e+01
2.407343864440917969e+01
2.407224845886230469e+01
2.407097244262695312e+01
2.406883621215820312e+01
2.406733703613281250e+01
2.406550598144531250e+01
2.406339073181152344e+01
2.406196212768554688e+01
2.406089782714843750e+01
2.405966377258300781e+01
2.405870437622070312e+01
2.405779457092285156e+01
2.405958747863769531e+01
2.405719375610351562e+01
2.405286979675292969e+01
2.405697059631347656e+01
2.405778884887695312e+01
2.405098152160644531e+01
2.405707931518554688e+01
2.406280136108398438e+01
2.406123924255371094e+01
2.406668472290039062e+01
2.406443977355957031e+01
2.405862426757812500e+01
2.406724357604980469e+01
2.407204437255859375e+01
2.406637001037597656e+01
2.405775642395019531e+01
2.406418037414550781e+01
2.407366371154785156e+01
2.407411384582519531e+01
2.406625747680664062e+01
2.406349754333496094e+01
2.406915473937988281e+01
2.407450675964355469e+01
2.407532119750976562e+01
2.407322502136230469e+01
2.407129287719726562e+01
2.407109642028808594e+01
2.407198524475097656e+01
2.407262992858886719e+01
2.407221984863281250e+01
2.407115364074707031e+01
2.407026863098144531e+01
2.406928253173828125e+01
2.406734085083007812e+01
2.406428527832031250e+01
2.406092071533203125e+01
2.405844497680664062e+01
2.405688285827636719e+01
2.405534362792968750e+01
2.405358314514160156e+01
2.405234146118164062e+01
2.405054092407226562e+01
2.404474830627441406e+01
2.403189277648925781e+01
2.403144454956054688e+01
2.404300308227539062e+01
2.405268287658691406e+01
2.405522918701171875e+01
2.405323982238769531e+01
2.405160903930664062e+01
2.405392265319824219e+01
2.405991363525390625e+01
2.406587791442871094e+01
2.407140731811523438e+01
2.407698440551757812e+01
2.408225059509277344e+01
2.408553886413574219e+01
2.408777618408203125e+01
2.408953285217285156e+01
2.408560371398925781e+01
2.407242012023925781e+01
2.406394195556640625e+01
2.406732368469238281e+01
2.407740974426269531e+01
2.408259010314941406e+01
2.408238220214843750e+01
2.407893943786621094e+01
2.407648468017578125e+01
2.407707405090332031e+01
2.407893753051757812e+01
2.408095169067382812e+01
2.408341026306152344e+01
2.408482170104980469e+01
2.408378219604492188e+01
2.408176422119140625e+01
2.407931327819824219e+01
2.407570648193359375e+01
2.407200431823730469e+01
2.406841850280761719e+01
2.406511688232421875e+01
2.406301116943359375e+01
2.406168746948242188e+01
2.406023216247558594e+01
2.405908966064453125e+01
2.405816650390625000e+01
2.405677986145019531e+01
2.405533027648925781e+01
2.405406188964843750e+01
2.405300521850585938e+01
2.405265998840332031e+01
2.405255126953125000e+01
2.405283927917480469e+01
2.405292129516601562e+01
2.405248641967773438e+01
2.405195999145507812e+01
2.405122947692871094e+01
2.405072212219238281e+01
2.405013847351074219e+01
2.404973983764648438e+01
2.404900932312011719e+01
2.404849433898925781e+01
2.404789733886718750e+01
2.404705238342285156e+01
2.404581832885742188e+01
2.404469490051269531e+01
2.404373359680175781e+01
2.404306221008300781e+01
2.404306602478027344e+01
2.404252052307128906e+01
2.404153823852539062e+01
2.404024887084960938e+01
2.403972816467285156e+01
2.404009246826171875e+01
2.403947257995605469e+01
2.403821754455566406e+01
2.403723907470703125e+01
2.403686904907226562e+01
2.403645324707031250e+01
2.403575515747070312e+01
2.403466606140136719e+01
2.403380775451660156e+01
2.403359222412109375e+01
2.403333854675292969e+01
2.403285789489746094e+01
2.403239059448242188e+01
2.403236961364746094e+01
2.403256416320800781e+01
2.403273010253906250e+01
2.403243827819824219e+01
2.403208732604980469e+01
2.403235626220703125e+01
2.403252792358398438e+01
2.403253936767578125e+01
2.403213500976562500e+01
2.403150749206542969e+01
2.403089523315429688e+01
2.403012466430664062e+01
2.402998161315917969e+01
2.403009414672851562e+01
2.402972412109375000e+01
2.402906417846679688e+01
2.402851295471191406e+01
2.402822685241699219e+01
2.402828598022460938e+01
2.402884101867675781e+01
2.403049278259277344e+01
2.403319168090820312e+01
2.403561782836914062e+01
2.403582572937011719e+01
2.403437614440917969e+01
2.403210449218750000e+01
2.403047752380371094e+01
2.403029441833496094e+01
2.403075599670410156e+01
2.403064727783203125e+01
2.402952766418457031e+01
2.402769279479980469e+01
2.402608299255371094e+01
2.402590560913085938e+01
2.403038787841796875e+01
2.403332901000976562e+01
2.403432846069335938e+01
2.402998161315917969e+01
2.402338027954101562e+01
2.403014373779296875e+01
2.404404640197753906e+01
2.405623245239257812e+01
2.406101608276367188e+01
2.406234741210937500e+01
2.406339836120605469e+01
2.406807136535644531e+01
2.407752799987792969e+01
2.409013938903808594e+01
2.410185813903808594e+01
2.411187553405761719e+01
2.412021446228027344e+01
2.412651252746582031e+01
2.413085174560546875e+01
2.413284683227539062e+01
2.413111686706542969e+01
2.412792205810546875e+01
2.412516784667968750e+01
2.412263870239257812e+01
2.412050437927246094e+01
2.411837196350097656e+01
2.411574363708496094e+01
2.411306190490722656e+01
2.411013031005859375e+01
2.410717201232910156e+01
2.410433959960937500e+01
2.410117912292480469e+01
2.409810256958007812e+01
2.409545135498046875e+01
2.409340286254882812e+01
2.409185600280761719e+01
2.409060478210449219e+01
2.408942031860351562e+01
2.408814048767089844e+01
2.408735656738281250e+01
2.408734130859375000e+01
2.408803367614746094e+01
2.408906745910644531e+01
2.409008407592773438e+01
2.409113693237304688e+01
2.409218788146972656e+01
2.409313201904296875e+01
2.409412956237792969e+01
2.409532737731933594e+01
2.409654426574707031e+01
2.409733581542968750e+01
2.409789657592773438e+01
2.409853744506835938e+01
2.409922409057617188e+01
2.409994888305664062e+01
2.410009193420410156e+01
2.410012245178222656e+01
2.410073852539062500e+01
2.410154724121093750e+01
2.410171508789062500e+01
2.410100364685058594e+01
2.410082244873046875e+01
2.410175895690917969e+01
2.410263252258300781e+01
2.410196685791015625e+01
2.410109519958496094e+01
2.410124588012695312e+01
2.410156250000000000e+01
2.410184478759765625e+01
2.410195732116699219e+01
2.410148620605468750e+01
2.410211372375488281e+01
2.410327529907226562e+01
2.410281181335449219e+01
2.410222244262695312e+01
2.410288238525390625e+01
2.410354614257812500e+01
2.410385894775390625e+01
2.410444641113281250e+01
2.410443687438964844e+01
2.410484695434570312e+01
2.410523223876953125e+01
2.410434913635253906e+01
2.410506439208984375e+01
2.410688972473144531e+01
2.410650253295898438e+01
2.410445785522460938e+01
2.410414505004882812e+01
2.410642814636230469e+01
2.410769271850585938e+01
2.410610771179199219e+01
2.410625457763671875e+01
2.410728263854980469e+01
2.410711288452148438e+01
2.410713195800781250e+01
2.410800933837890625e+01
2.410945701599121094e+01
2.410810661315917969e+01
2.410635185241699219e+01
2.410738372802734375e+01
2.411095619201660156e+01
2.411178207397460938e+01
2.410907936096191406e+01
2.410870361328125000e+01
2.411087799072265625e+01
2.411501121520996094e+01
2.411475181579589844e+01
2.410987472534179688e+01
2.410965728759765625e+01
2.411224746704101562e+01
2.411322402954101562e+01
2.411126518249511719e+01
2.411108016967773438e+01
2.411390686035156250e+01
2.412805557250976562e+01
2.410399246215820312e+01
2.410001182556152344e+01
2.410573959350585938e+01
2.412241363525390625e+01
2.416400337219238281e+01
2.411880493164062500e+01
2.411631011962890625e+01
2.411896514892578125e+01
2.413002014160156250e+01
2.413651084899902344e+01
2.413599586486816406e+01
2.412905883789062500e+01
2.412751388549804688e+01
2.412596893310546875e+01
2.413014984130859375e+01
2.413329505920410156e+01
2.413014984130859375e+01
2.412637901306152344e+01
2.412323760986328125e+01
2.412191009521484375e+01
2.412326812744140625e+01
2.412751960754394531e+01
2.412560462951660156e+01
2.412041473388671875e+01
2.411915779113769531e+01
2.411976623535156250e+01
2.411968231201171875e+01
2.411972427368164062e+01
2.411941909790039062e+01
2.411777496337890625e+01
2.411665725708007812e+01
2.411750793457031250e+01
2.411876678466796875e+01
2.411777877807617188e+01
2.411761093139648438e+01
2.411842346191406250e+01
2.411828994750976562e+01
2.411778640747070312e+01
2.411873435974121094e+01
2.411982536315917969e+01
2.411889266967773438e+01
2.411908912658691406e+01
2.412040901184082031e+01
2.412080001831054688e+01
2.412051010131835938e+01
2.412131690979003906e+01
2.412198066711425781e+01
2.412093734741210938e+01
2.412068748474121094e+01
2.412261390686035156e+01
2.412424659729003906e+01
2.412209320068359375e+01
2.412115859985351562e+01
2.412285995483398438e+01
2.412547111511230469e+01
2.412353324890136719e+01
2.412213325500488281e+01
2.412341308593750000e+01
2.412603950500488281e+01
2.412469100952148438e+01
2.412331581115722656e+01
2.412442970275878906e+01
2.412682914733886719e+01
2.412570571899414062e+01
2.412437820434570312e+01
2.412481307983398438e+01
2.412654304504394531e+01
2.412678909301757812e+01
2.412497520446777344e+01
2.412425994873046875e+01
2.412503051757812500e+01
2.412641525268554688e+01
2.412617111206054688e+01
2.412501335144042969e+01
2.412484741210937500e+01
2.412575721740722656e+01
2.412674522399902344e+01
2.412663459777832031e+01
2.412617874145507812e+01
2.412632751464843750e+01
2.412701797485351562e+01
2.412758636474609375e+01
2.412761688232421875e+01
2.412756156921386719e+01
2.412782478332519531e+01
2.412827301025390625e+01
2.412855148315429688e+01
2.412862586975097656e+01
2.412875366210937500e+01
2.412903213500976562e+01
2.412932014465332031e+01
2.412948036193847656e+01
2.412961196899414062e+01
2.412983131408691406e+01
2.413010215759277344e+01
2.413031196594238281e+01
2.413044929504394531e+01
2.413062667846679688e+01
2.413088035583496094e+01
2.413113784790039062e+01
2.413132667541503906e+01
2.413148117065429688e+01
2.413168334960937500e+01
2.413193321228027344e+01
2.413216590881347656e+01
2.413234519958496094e+01
2.413251686096191406e+01
2.413272857666015625e+01
2.413295555114746094e+01
2.413316154479980469e+01
2.413334083557128906e+01
2.413352394104003906e+01
2.413372802734375000e+01
2.413398361206054688e+01
2.413425827026367188e+01
2.413448715209960938e+01
2.413468933105468750e+01
2.413491630554199219e+01
2.413515853881835938e+01
2.413539123535156250e+01
2.413559150695800781e+01
2.413578605651855469e+01
2.413598823547363281e+01
2.413619041442871094e+01
2.413637924194335938e+01
2.413654899597167969e+01
2.413671493530273438e+01
2.413688278198242188e+01
2.413707351684570312e+01
2.413728904724121094e+01
2.413751983642578125e+01
2.413775444030761719e+01
2.413798332214355469e+01
2.413820075988769531e+01
2.413841629028320312e+01
2.413861846923828125e+01
2.413880157470703125e+01
2.413895416259765625e+01
2.413909530639648438e+01
2.413922500610351562e+01
2.413936424255371094e+01
2.413948440551757812e+01
2.413961601257324219e+01
2.413972282409667969e+01
2.413989448547363281e+01
2.413997840881347656e+01
2.414022254943847656e+01
2.414021873474121094e+01
2.414069938659667969e+01
2.414055824279785156e+01
2.414093589782714844e+01
2.414517402648925781e+01
2.414236068725585938e+01
2.414350128173828125e+01
2.414525604248046875e+01
2.414583396911621094e+01
2.414426422119140625e+01
2.414514160156250000e+01
2.414796447753906250e+01
2.415127372741699219e+01
2.415013885498046875e+01
2.414686012268066406e+01
2.414691162109375000e+01
2.414802551269531250e+01
2.414642715454101562e+01
2.414538955688476562e+01
2.414566421508789062e+01
2.414670372009277344e+01
2.414664840698242188e+01
2.414547157287597656e+01
2.414513015747070312e+01
2.414545249938964844e+01
2.414581298828125000e+01
2.414570236206054688e+01
2.414538955688476562e+01
2.414533805847167969e+01
2.414520835876464844e+01
2.414482307434082031e+01
2.414452362060546875e+01
2.414448738098144531e+01
2.414471244812011719e+01
2.414484977722167969e+01
2.414489555358886719e+01
2.414498710632324219e+01
2.414510536193847656e+01
2.414524650573730469e+01
2.414537239074707031e+01
2.414566421508789062e+01
2.414600753784179688e+01
2.414624786376953125e+01
2.414640045166015625e+01
2.414657402038574219e+01
2.414680480957031250e+01
2.414697074890136719e+01
2.414710426330566406e+01
2.414723205566406250e+01
2.414736747741699219e+01
2.414739799499511719e+01
2.414735603332519531e+01
2.414731979370117188e+01
2.414735031127929688e+01
2.414735984802246094e+01
2.414735031127929688e+01
2.414732551574707031e+01
2.414737129211425781e+01
2.414738273620605469e+01
2.414743995666503906e+01
2.414744377136230469e+01
2.414759635925292969e+01
2.414764976501464844e+01
2.414782714843750000e+01
2.414783668518066406e+01
2.414802360534667969e+01
2.414809417724609375e+01
2.414822769165039062e+01
2.414838600158691406e+01
2.414841079711914062e+01
2.414861869812011719e+01
2.414860153198242188e+01
2.414876747131347656e+01
2.414879226684570312e+01
2.414892387390136719e+01
2.414900779724121094e+01
2.414908218383789062e+01
2.414919281005859375e+01
2.414923667907714844e+01
2.414935302734375000e+01
2.414938926696777344e+01
2.414948463439941406e+01
2.414952278137207031e+01
2.414957427978515625e+01
2.414960670471191406e+01
2.414962196350097656e+01
2.414964294433593750e+01
2.414965057373046875e+01
2.414965438842773438e+01
2.414964675903320312e+01
2.414965248107910156e+01
2.414966201782226562e+01
2.414966773986816406e+01
2.414967536926269531e+01
2.414970207214355469e+01
2.414974403381347656e+01
2.414979171752929688e+01
2.414983749389648438e+01
2.414987945556640625e+01
2.414990043640136719e+01
2.414991378784179688e+01
2.414991760253906250e+01
2.414992713928222656e+01
2.414992141723632812e+01
2.414992141723632812e+01
2.414991378784179688e+01
2.414992713928222656e+01
2.414991569519042969e+01
2.415140151977539062e+01
2.414978218078613281e+01
2.415125274658203125e+01
2.415291595458984375e+01
2.416573715209960938e+01
2.415725708007812500e+01
2.415699386596679688e+01
2.415996551513671875e+01
2.415933990478515625e+01
2.416219329833984375e+01
2.416045188903808594e+01
2.416136169433593750e+01
2.416109466552734375e+01
2.416074180603027344e+01
2.416197395324707031e+01
2.416189002990722656e+01
2.416069602966308594e+01
2.415944480895996094e+01
2.415918159484863281e+01
2.415977668762207031e+01
2.415822792053222656e+01
2.415667343139648438e+01
2.415622901916503906e+01
2.415649032592773438e+01
2.415639877319335938e+01
2.415633964538574219e+01
2.415612030029296875e+01
2.415654563903808594e+01
2.415649986267089844e+01
2.415695190429687500e+01
2.415643310546875000e+01
2.415599632263183594e+01
2.415609359741210938e+01
2.415628051757812500e+01
2.415691375732421875e+01
2.415706253051757812e+01
2.415699768066406250e+01
2.415708732604980469e+01
2.415743446350097656e+01
2.415793609619140625e+01
2.415750885009765625e+01
2.415713691711425781e+01
2.415697288513183594e+01
2.415616798400878906e+01
2.415572929382324219e+01
2.415543746948242188e+01
2.415489959716796875e+01
2.415463638305664062e+01
2.415441131591796875e+01
2.415423393249511719e+01
2.415431213378906250e+01
2.415425872802734375e+01
2.415427589416503906e+01
2.415445709228515625e+01
2.415447616577148438e+01
2.415456771850585938e+01
2.415470314025878906e+01
2.415478324890136719e+01
2.415494155883789062e+01
2.415502548217773438e+01
2.415510368347167969e+01
2.415525054931640625e+01
2.415532684326171875e+01
2.415632438659667969e+01
2.415607643127441406e+01
2.415646934509277344e+01
2.415754508972167969e+01
2.416018104553222656e+01
2.416232490539550781e+01
2.416168212890625000e+01
2.416237640380859375e+01
2.416285324096679688e+01
2.416478157043457031e+01
2.416501235961914062e+01
2.416349220275878906e+01
2.416313362121582031e+01
2.416310310363769531e+01
2.416324996948242188e+01
2.416312026977539062e+01
2.416254425048828125e+01
2.416193771362304688e+01
2.416144180297851562e+01
2.416133117675781250e+01
2.416057014465332031e+01
2.415984725952148438e+01
2.415976715087890625e+01
2.415906715393066406e+01
2.415839958190917969e+01
2.415852928161621094e+01
2.415828132629394531e+01
2.415789604187011719e+01
2.415800666809082031e+01
2.415796661376953125e+01
2.415793609619140625e+01
2.415801620483398438e+01
2.415795326232910156e+01
2.415810203552246094e+01
2.415825080871582031e+01
2.415816497802734375e+01
2.415830039978027344e+01
2.415848159790039062e+01
2.415850830078125000e+01
2.415864181518554688e+01
2.415880584716796875e+01
2.415891838073730469e+01
2.415906524658203125e+01
2.415914916992187500e+01
2.415925407409667969e+01
2.415939521789550781e+01
2.415945434570312500e+01
2.415952873229980469e+01
2.415964889526367188e+01
2.415971183776855469e+01
2.415977668762207031e+01
2.415985679626464844e+01
2.415991020202636719e+01
2.415997505187988281e+01
2.416002655029296875e+01
2.416007232666015625e+01
2.416013526916503906e+01
2.416017723083496094e+01
2.416021919250488281e+01
2.416027832031250000e+01
2.416032791137695312e+01
2.416037559509277344e+01
2.416043090820312500e+01
2.416048622131347656e+01
2.416054534912109375e+01
2.416060447692871094e+01
2.416065979003906250e+01
2.416072654724121094e+01
2.416078567504882812e+01
2.416155052185058594e+01
2.416150474548339844e+01
2.416193389892578125e+01
2.416314125061035156e+01
2.416363143920898438e+01
2.416553115844726562e+01
2.416806221008300781e+01
2.416771888732910156e+01
2.416686439514160156e+01
2.416655731201171875e+01
2.416657066345214844e+01
2.416626930236816406e+01
2.416565704345703125e+01
2.416557121276855469e+01
2.416524696350097656e+01
2.416581726074218750e+01
2.416720199584960938e+01
2.416757583618164062e+01
2.416738510131835938e+01
2.416769027709960938e+01
2.416769790649414062e+01
2.416687774658203125e+01
2.416633987426757812e+01
2.416600036621093750e+01
2.416495895385742188e+01
2.416406250000000000e+01
2.416352081298828125e+01
2.416278648376464844e+01
2.416227340698242188e+01
2.416199874877929688e+01
2.416180038452148438e+01
2.416179275512695312e+01
2.416183471679687500e+01
2.416191291809082031e+01
2.416217994689941406e+01
2.416242980957031250e+01
2.416260147094726562e+01
2.416283988952636719e+01
2.416305923461914062e+01
2.416322898864746094e+01
2.416339874267578125e+01
2.416352081298828125e+01
2.416363143920898438e+01
2.416370773315429688e+01
2.416369438171386719e+01
2.416369056701660156e+01
2.416369438171386719e+01
2.416364860534667969e+01
2.416363143920898438e+01
2.416365623474121094e+01
2.416367340087890625e+01
2.416370391845703125e+01
2.416375732421875000e+01
2.416382217407226562e+01
2.416388702392578125e+01
2.416394805908203125e+01
2.416401100158691406e+01
2.416407775878906250e+01
2.416411781311035156e+01
2.416415977478027344e+01
2.416420173645019531e+01
2.416422653198242188e+01
2.416425132751464844e+01
2.416427803039550781e+01
2.416430091857910156e+01
2.416432762145996094e+01
2.416435813903808594e+01
2.416439247131347656e+01
2.416443061828613281e+01
2.416447067260742188e+01
2.416451454162597656e+01
2.416508102416992188e+01
2.416606140136718750e+01
2.416591835021972656e+01
2.416615867614746094e+01
2.416658592224121094e+01
2.416804122924804688e+01
2.416971206665039062e+01
2.417003250122070312e+01
2.416870307922363281e+01
2.416779136657714844e+01
2.416755676269531250e+01
2.416794776916503906e+01
2.416679191589355469e+01
2.416682815551757812e+01
2.416699600219726562e+01
2.416767311096191406e+01
2.416880226135253906e+01
2.416932106018066406e+01
2.416985893249511719e+01
2.417047119140625000e+01
2.417062187194824219e+01
2.417040443420410156e+01
2.417005538940429688e+01
2.416962623596191406e+01
2.416872787475585938e+01
2.416780471801757812e+01
2.416689109802246094e+01
2.416596984863281250e+01
2.416516113281250000e+01
2.416464805603027344e+01
2.416439247131347656e+01
2.416422653198242188e+01
2.416415977478027344e+01
2.416427803039550781e+01
2.416456985473632812e+01
2.416481971740722656e+01
2.416500091552734375e+01
2.416526222229003906e+01
2.416550445556640625e+01
2.416560554504394531e+01
2.416572570800781250e+01
2.416586303710937500e+01
2.416591453552246094e+01
2.416592216491699219e+01
2.416591453552246094e+01
