3.232574939727783203e+00
3.168615102767944336e+00
3.108726024627685547e+00
3.047599315643310547e+00
2.980541467666625977e+00
2.914882659912109375e+00
2.853975772857666016e+00
2.799910068511962891e+00
2.753393650054931641e+00
2.714412927627563477e+00
2.682590484619140625e+00
2.658026456832885742e+00
2.638633489608764648e+00
2.625070333480834961e+00
2.615936994552612305e+00
2.610383272171020508e+00
2.607422351837158203e+00
2.606364727020263672e+00
2.606585025787353516e+00
2.608334064483642578e+00
2.609711170196533203e+00
2.612523794174194336e+00
2.615480184555053711e+00
2.618299961090087891e+00
2.620764493942260742e+00
2.622368097305297852e+00
2.623099803924560547e+00
2.623291492462158203e+00
2.622834682464599609e+00
2.622362613677978516e+00
2.595605134963989258e+00
2.566282033920288086e+00
2.537998199462890625e+00
2.512308120727539062e+00
2.490879774093627930e+00
2.473664283752441406e+00
2.460301399230957031e+00
2.450518131256103516e+00
2.443587303161621094e+00
2.438844919204711914e+00
2.435940742492675781e+00
2.434553861618041992e+00
2.433548450469970703e+00
2.431943416595458984e+00
2.427435636520385742e+00
2.423310279846191406e+00
2.413236618041992188e+00
2.400889635086059570e+00
2.392409324645996094e+00
2.388206958770751953e+00
2.386896133422851562e+00
2.386474609375000000e+00
2.385780096054077148e+00
2.384837150573730469e+00
2.384155988693237305e+00
2.384105443954467773e+00
2.384605646133422852e+00
2.385163545608520508e+00
2.385530471801757812e+00
2.385321617126464844e+00
2.384457111358642578e+00
2.383099555969238281e+00
2.381570577621459961e+00
2.380095481872558594e+00
2.378847599029541016e+00
2.377913951873779297e+00
2.377288103103637695e+00
2.376930952072143555e+00
2.376791954040527344e+00
2.376821994781494141e+00
2.376968145370483398e+00
2.377175092697143555e+00
2.377380371093750000e+00
2.377517700195312500e+00
2.377531290054321289e+00
2.377487182617187500e+00
2.377393484115600586e+00
2.377189159393310547e+00
2.376627206802368164e+00
2.376402854919433594e+00
2.376639842987060547e+00
2.376949548721313477e+00
2.376021385192871094e+00
2.375535964965820312e+00
2.375093460083007812e+00
2.374609708786010742e+00
2.374134302139282227e+00
2.373905420303344727e+00
2.373676776885986328e+00
2.373451232910156250e+00
2.373375892639160156e+00
2.373299837112426758e+00
2.373097658157348633e+00
2.372643947601318359e+00
2.371931076049804688e+00
2.371109962463378906e+00
2.372059106826782227e+00
2.371216535568237305e+00
2.371438026428222656e+00
2.370442152023315430e+00
2.369399547576904297e+00
2.368604421615600586e+00
2.367616653442382812e+00
2.366717338562011719e+00
2.366053581237792969e+00
2.365550518035888672e+00
2.365040302276611328e+00
2.364610195159912109e+00
2.364553451538085938e+00
2.364846467971801758e+00
2.365330696105957031e+00
2.365453481674194336e+00
2.365543842315673828e+00
2.365810871124267578e+00
2.366210460662841797e+00
2.366790056228637695e+00
2.367211580276489258e+00
2.367175102233886719e+00
2.366688013076782227e+00
2.365782737731933594e+00
2.363631010055541992e+00
2.362635850906372070e+00
2.361819744110107422e+00
2.361236095428466797e+00
2.360846042633056641e+00
2.360684156417846680e+00
2.360477924346923828e+00
2.360463380813598633e+00
2.360562086105346680e+00
2.360499858856201172e+00
2.360335111618041992e+00
2.359956979751586914e+00
2.359714984893798828e+00
2.359334468841552734e+00
2.359049081802368164e+00
2.358945131301879883e+00
2.358744621276855469e+00
2.358495473861694336e+00
2.358278036117553711e+00
2.358036994934082031e+00
2.357747793197631836e+00
2.357591390609741211e+00
2.357510566711425781e+00
2.357345104217529297e+00
2.357287168502807617e+00
2.357125997543334961e+00
2.356910228729248047e+00
2.356788396835327148e+00
2.356686115264892578e+00
2.356580972671508789e+00
2.356545448303222656e+00
2.356357812881469727e+00
2.356094598770141602e+00
2.355951786041259766e+00
2.355808734893798828e+00
2.355660676956176758e+00
2.355570316314697266e+00
2.355538845062255859e+00
2.355332374572753906e+00
2.355200290679931641e+00
2.355112552642822266e+00
2.355019807815551758e+00
2.354925394058227539e+00
2.354860305786132812e+00
2.354813814163208008e+00
2.354805707931518555e+00
2.354807853698730469e+00
2.354761362075805664e+00
2.354542016983032227e+00
2.354445695877075195e+00
2.354364871978759766e+00
2.354198217391967773e+00
2.354005813598632812e+00
2.353895425796508789e+00
2.353849649429321289e+00
2.353771924972534180e+00
2.353646039962768555e+00
2.353537321090698242e+00
2.353474378585815430e+00
2.353409528732299805e+00
2.353312015533447266e+00
2.353215456008911133e+00
2.353157758712768555e+00
2.353122711181640625e+00
2.353070020675659180e+00
2.352994918823242188e+00
2.352921247482299805e+00
2.352858543395996094e+00
2.352788209915161133e+00
2.352699041366577148e+00
2.352602958679199219e+00
2.352517843246459961e+00
2.352442979812622070e+00
2.352364540100097656e+00
2.352278232574462891e+00
2.352193593978881836e+00
2.352117061614990234e+00
2.352044582366943359e+00
2.351969242095947266e+00
2.351890802383422852e+00
2.351815938949584961e+00
2.351749181747436523e+00
2.351688861846923828e+00
2.351625204086303711e+00
2.351552248001098633e+00
2.351476192474365234e+00
2.351404428482055664e+00
2.351335763931274414e+00
2.351264476776123047e+00
2.351188898086547852e+00
2.351114034652709961e+00
2.351044654846191406e+00
2.350980043411254883e+00
2.350916624069213867e+00
2.350851774215698242e+00
2.350787401199340820e+00
2.350726127624511719e+00
2.350667476654052734e+00
2.350609540939331055e+00
2.350549697875976562e+00
2.350488901138305664e+00
2.350428819656372070e+00
2.350369930267333984e+00
2.350311279296875000e+00
2.350251674652099609e+00
2.350210189819335938e+00
2.350171804428100586e+00
2.350042343139648438e+00
2.349864244461059570e+00
2.349734783172607422e+00
2.349689006805419922e+00
2.349691629409790039e+00
2.349706172943115234e+00
2.349714279174804688e+00
2.349718093872070312e+00
2.349729537963867188e+00
2.349751949310302734e+00
2.349769592285156250e+00
2.349763631820678711e+00
2.349730014801025391e+00
2.349681854248046875e+00
2.349631547927856445e+00
2.349578380584716797e+00
2.349517345428466797e+00
2.349447488784790039e+00
2.349375963211059570e+00
2.349309444427490234e+00
2.349250555038452148e+00
2.349195957183837891e+00
2.349142074584960938e+00
2.349087476730346680e+00
2.349031209945678711e+00
2.348972797393798828e+00
2.348906993865966797e+00
2.348826646804809570e+00
2.348748207092285156e+00
2.348758459091186523e+00
2.348767757415771484e+00
2.348724842071533203e+00
2.348622560501098633e+00
2.348487615585327148e+00
2.348358392715454102e+00
2.348264217376708984e+00
2.348212718963623047e+00
2.348189830780029297e+00
2.348173856735229492e+00
2.348142862319946289e+00
2.348080635070800781e+00
2.348047494888305664e+00
2.348073959350585938e+00
2.348108768463134766e+00
2.348085880279541016e+00
2.347998857498168945e+00
2.347915887832641602e+00
2.347908496856689453e+00
2.351400375366210938e+00
2.347651958465576172e+00
2.348136901855468750e+00
2.350471496582031250e+00
2.353928327560424805e+00
2.354358196258544922e+00
2.353027343750000000e+00
2.352345228195190430e+00
2.351677894592285156e+00
2.351042747497558594e+00
2.350343704223632812e+00
2.349573612213134766e+00
2.371361970901489258e+00
2.348692178726196289e+00
2.348311185836791992e+00
2.348162412643432617e+00
2.348124504089355469e+00
2.348166704177856445e+00
2.348252058029174805e+00
2.348345994949340820e+00
2.348424196243286133e+00
2.348478555679321289e+00
2.348512649536132812e+00
2.348528385162353516e+00
2.348514080047607422e+00
2.348454713821411133e+00
2.348351955413818359e+00
2.348225355148315430e+00
2.348183155059814453e+00
2.348196983337402344e+00
2.348244190216064453e+00
2.348314523696899414e+00
2.348394632339477539e+00
2.348468780517578125e+00
2.348523616790771484e+00
2.348551511764526367e+00
2.348551034927368164e+00
2.348525047302246094e+00
2.348482370376586914e+00
2.348431348800659180e+00
2.348380327224731445e+00
2.348335027694702148e+00
2.348309040069580078e+00
2.348260641098022461e+00
2.348236560821533203e+00
2.348224401473999023e+00
2.348222494125366211e+00
2.348212242126464844e+00
2.348209381103515625e+00
2.348212003707885742e+00
2.348216772079467773e+00
2.348222017288208008e+00
2.348225593566894531e+00
2.348226785659790039e+00
2.348225593566894531e+00
2.348223209381103516e+00
2.348221063613891602e+00
2.348220348358154297e+00
2.348221063613891602e+00
2.348224163055419922e+00
2.348228216171264648e+00
2.348232746124267578e+00
2.348236083984375000e+00
2.348237514495849609e+00
2.348237276077270508e+00
2.348235130310058594e+00
2.348231077194213867e+00
2.348226785659790039e+00
2.348222017288208008e+00
2.348218202590942383e+00
2.348214626312255859e+00
2.348212003707885742e+00
2.348210334777832031e+00
2.348208904266357422e+00
2.348208427429199219e+00
2.348207950592041016e+00
2.348208189010620117e+00
2.348209142684936523e+00
2.348210811614990234e+00
2.348213911056518555e+00
2.348217487335205078e+00
2.348222017288208008e+00
2.348227262496948242e+00
2.348233222961425781e+00
2.348238945007324219e+00
2.348245143890380859e+00
2.348251104354858398e+00
2.348257064819335938e+00
2.348263263702392578e+00
2.348269462585449219e+00
2.348276138305664062e+00
2.348282575607299805e+00
2.348289251327514648e+00
2.348296403884887695e+00
2.348303556442260742e+00
2.348306417465209961e+00
2.348309993743896484e+00
2.348326921463012695e+00
2.348402738571166992e+00
2.348516941070556641e+00
2.348637104034423828e+00
2.348769187927246094e+00
2.348876237869262695e+00
2.348921775817871094e+00
2.348918437957763672e+00
2.348889112472534180e+00
2.348793506622314453e+00
2.348589658737182617e+00
2.348305463790893555e+00
2.348026037216186523e+00
2.347807884216308594e+00
2.347652912139892578e+00
2.347541093826293945e+00
2.347470521926879883e+00
2.347446441650390625e+00
2.347455978393554688e+00
2.347466945648193359e+00
2.347456932067871094e+00
2.347437620162963867e+00
2.347430229187011719e+00
2.347437143325805664e+00
2.347448825836181641e+00
2.347466707229614258e+00
2.347496271133422852e+00
2.347530841827392578e+00
2.347556591033935547e+00
2.347572326660156250e+00
2.347583055496215820e+00
2.347587108612060547e+00
2.347584009170532227e+00
2.347581624984741211e+00
2.347582101821899414e+00
2.347581624984741211e+00
2.347581624984741211e+00
2.347581863403320312e+00
2.347579479217529297e+00
2.347573518753051758e+00
2.347566366195678711e+00
2.347558259963989258e+00
2.347549676895141602e+00
2.347543001174926758e+00
2.347537517547607422e+00
2.347532510757446289e+00
2.347528934478759766e+00
2.347524642944335938e+00
2.347519874572753906e+00
2.347515583038330078e+00
2.347510576248168945e+00
2.347505807876586914e+00
2.347501993179321289e+00
2.347498416900634766e+00
2.347496032714843750e+00
2.347493886947631836e+00
2.347491025924682617e+00
2.347488403320312500e+00
2.347483634948730469e+00
2.347477912902832031e+00
2.347473859786987305e+00
2.347467899322509766e+00
2.347461462020874023e+00
2.347455501556396484e+00
2.347449541091918945e+00
2.347444534301757812e+00
2.347439765930175781e+00
2.347435712814331055e+00
2.347431659698486328e+00
2.347428083419799805e+00
2.347424030303955078e+00
2.347420930862426758e+00
2.347415685653686523e+00
2.347414731979370117e+00
2.347406625747680664e+00
2.347412347793579102e+00
2.347400188446044922e+00
2.347411632537841797e+00
2.347400903701782227e+00
2.347524166107177734e+00
2.347265720367431641e+00
2.347212076187133789e+00
2.347189903259277344e+00
2.347291469573974609e+00
2.347454547882080078e+00
2.347466707229614258e+00
2.347439765930175781e+00
2.347539186477661133e+00
2.347748517990112305e+00
2.348048686981201172e+00
2.347789287567138672e+00
2.347224235534667969e+00
2.346852064132690430e+00
2.346796035766601562e+00
2.346960544586181641e+00
2.347295761108398438e+00
2.347670793533325195e+00
2.347959280014038086e+00
2.348080396652221680e+00
2.348035812377929688e+00
2.347889900207519531e+00
2.347726106643676758e+00
2.347626686096191406e+00
2.347624301910400391e+00
2.347679615020751953e+00
2.347719192504882812e+00
2.347684383392333984e+00
2.347572326660156250e+00
2.347427845001220703e+00
2.347307920455932617e+00
2.347237348556518555e+00
2.347193479537963867e+00
2.347141504287719727e+00
2.347076177597045898e+00
2.347022294998168945e+00
2.347001791000366211e+00
2.347011566162109375e+00
2.347024440765380859e+00
2.347018480300903320e+00
2.346996784210205078e+00
2.346979379653930664e+00
2.346977233886718750e+00
2.346983432769775391e+00
2.346985578536987305e+00
2.346984148025512695e+00
2.346988201141357422e+00
2.347001314163208008e+00
2.347013473510742188e+00
2.347017526626586914e+00
2.347016334533691406e+00
2.347016572952270508e+00
2.347019433975219727e+00
2.347019672393798828e+00
2.347016811370849609e+00
2.347015380859375000e+00
2.347016572952270508e+00
2.347018003463745117e+00
2.347015857696533203e+00
2.347012758255004883e+00
2.347009897232055664e+00
2.347006559371948242e+00
2.347001552581787109e+00
2.346995592117309570e+00
2.346991539001464844e+00
2.346989154815673828e+00
2.346986532211303711e+00
2.346984148025512695e+00
2.346982717514038086e+00
2.346980571746826172e+00
2.346976757049560547e+00
2.346971750259399414e+00
2.346966743469238281e+00
2.346969842910766602e+00
2.346973657608032227e+00
2.346968650817871094e+00
2.346967220306396484e+00
2.346969604492187500e+00
2.346963167190551758e+00
2.346951723098754883e+00
2.346944808959960938e+00
2.346937656402587891e+00
2.346927642822265625e+00
2.346922636032104492e+00
2.346921920776367188e+00
2.346919298171997070e+00
2.346917629241943359e+00
2.346917390823364258e+00
2.346913099288940430e+00
2.346905946731567383e+00
2.346897363662719727e+00
2.346885204315185547e+00
2.346870422363281250e+00
2.346856117248535156e+00
2.346839904785156250e+00
2.346824407577514648e+00
2.346810102462768555e+00
2.346795320510864258e+00
2.346781969070434570e+00
2.346769571304321289e+00
2.346757650375366211e+00
2.346746683120727539e+00
2.346735954284667969e+00
2.346726179122924805e+00
2.346717119216918945e+00
2.346708536148071289e+00
2.346700668334960938e+00
2.346693992614746094e+00
2.346687555313110352e+00
2.346681356430053711e+00
2.346675634384155273e+00
2.346670150756835938e+00
2.346664428710937500e+00
2.346660137176513672e+00
2.346653223037719727e+00
2.346652030944824219e+00
2.346639633178710938e+00
2.346653223037719727e+00
2.346632003784179688e+00
2.346591472625732422e+00
2.346609592437744141e+00
2.346620559692382812e+00
2.346665620803833008e+00
2.346690654754638672e+00
2.346665620803833008e+00
2.346725225448608398e+00
2.346753358840942383e+00
2.346597909927368164e+00
2.346601247787475586e+00
2.346740245819091797e+00
2.346762657165527344e+00
2.346726179122924805e+00
2.346801757812500000e+00
2.346917390823364258e+00
2.347203969955444336e+00
2.347422361373901367e+00
2.347482681274414062e+00
2.347508907318115234e+00
2.347496509552001953e+00
2.347402334213256836e+00
2.347115993499755859e+00
2.346929788589477539e+00
2.346772670745849609e+00
2.346680641174316406e+00
2.346673250198364258e+00
2.346712112426757812e+00
2.346743106842041016e+00
2.346750020980834961e+00
2.346727609634399414e+00
2.346657276153564453e+00
2.346555233001708984e+00
2.346456527709960938e+00
2.346367359161376953e+00
2.346298217773437500e+00
2.346267461776733398e+00
2.346265554428100586e+00
2.346283912658691406e+00
2.346321582794189453e+00
2.346359729766845703e+00
2.346387863159179688e+00
2.346406221389770508e+00
2.346409797668457031e+00
2.346403837203979492e+00
2.346395015716552734e+00
2.346384048461914062e+00
2.346377372741699219e+00
2.346374273300170898e+00
2.346374988555908203e+00
2.346378803253173828e+00
2.346382379531860352e+00
2.346385717391967773e+00
2.346385717391967773e+00
2.346383333206176758e+00
2.346408367156982422e+00
2.346339702606201172e+00
2.346344232559204102e+00
2.346412420272827148e+00
2.346490859985351562e+00
2.346582651138305664e+00
2.346694469451904297e+00
2.346819400787353516e+00
2.346764326095581055e+00
2.346771717071533203e+00
2.346793889999389648e+00
2.346768379211425781e+00
2.346662998199462891e+00
2.346729993820190430e+00
2.346944808959960938e+00
2.346840143203735352e+00
2.346383333206176758e+00
2.346235752105712891e+00
2.346369981765747070e+00
2.346679449081420898e+00
2.347043514251708984e+00
2.347296953201293945e+00
2.347584247589111328e+00
2.347303628921508789e+00
2.347317695617675781e+00
2.347391605377197266e+00
2.347445726394653320e+00
2.347404003143310547e+00
2.347285985946655273e+00
2.347172737121582031e+00
2.347103595733642578e+00
2.346876144409179688e+00
2.346667528152465820e+00
2.346493482589721680e+00
2.346368074417114258e+00
2.346257209777832031e+00
2.346157789230346680e+00
2.346111059188842773e+00
2.346105813980102539e+00
2.346023082733154297e+00
2.345936059951782227e+00
2.345917463302612305e+00
2.345995426177978516e+00
2.346140146255493164e+00
2.346290349960327148e+00
2.346415996551513672e+00
2.346609354019165039e+00
2.346577882766723633e+00
2.346678018569946289e+00
2.346728324890136719e+00
2.346731662750244141e+00
2.346721172332763672e+00
2.346685886383056641e+00
2.346622228622436523e+00
2.346557617187500000e+00
2.346529722213745117e+00
2.346261501312255859e+00
2.346199989318847656e+00
2.346197843551635742e+00
2.346180200576782227e+00
2.346165657043457031e+00
2.346188068389892578e+00
2.346235513687133789e+00
2.346276283264160156e+00
2.346539020538330078e+00
2.346273660659790039e+00
2.346675634384155273e+00
2.346783638000488281e+00
2.346986532211303711e+00
2.347234487533569336e+00
2.347512722015380859e+00
2.347792148590087891e+00
2.347989797592163086e+00
2.347863912582397461e+00
2.347730636596679688e+00
2.347630977630615234e+00
2.347902536392211914e+00
2.347147941589355469e+00
2.346791744232177734e+00
2.346541166305541992e+00
2.346347808837890625e+00
2.346219062805175781e+00
2.346135854721069336e+00
2.346092939376831055e+00
2.346089601516723633e+00
2.346090078353881836e+00
2.346101045608520508e+00
2.346004724502563477e+00
2.346005201339721680e+00
2.346035480499267578e+00
2.346065282821655273e+00
2.346096754074096680e+00
2.346138238906860352e+00
2.346199512481689453e+00
2.346247911453247070e+00
2.346271038055419922e+00
2.346283674240112305e+00
2.346148967742919922e+00
2.346142053604125977e+00
2.346183776855468750e+00
2.346189737319946289e+00
2.346172809600830078e+00
2.346199750900268555e+00
2.346245527267456055e+00
2.346321105957031250e+00
2.346392869949340820e+00
2.346257448196411133e+00
2.346219539642333984e+00
2.346197843551635742e+00
2.346219778060913086e+00
2.346223831176757812e+00
2.346242904663085938e+00
2.346251726150512695e+00
2.346322059631347656e+00
2.346193313598632812e+00
2.346109390258789062e+00
2.346144676208496094e+00
2.346261262893676758e+00
2.346333980560302734e+00
2.346417188644409180e+00
2.346585512161254883e+00
2.346717357635498047e+00
2.346548080444335938e+00
2.346590280532836914e+00
2.346773147583007812e+00
2.346560955047607422e+00
2.346240997314453125e+00
2.346197843551635742e+00
2.346417903900146484e+00
2.346899986267089844e+00
2.346938848495483398e+00
2.346983432769775391e+00
2.347041368484497070e+00
2.347086906433105469e+00
2.347114086151123047e+00
2.347127676010131836e+00
2.347048759460449219e+00
2.346866369247436523e+00
2.346647977828979492e+00
2.346447944641113281e+00
2.346259832382202148e+00
2.346055984497070312e+00
2.345852613449096680e+00
2.345705747604370117e+00
2.345644950866699219e+00
2.345647811889648438e+00
2.345674514770507812e+00
2.345702409744262695e+00
2.345729589462280273e+00
2.345761775970458984e+00
2.345793485641479492e+00
2.345813751220703125e+00
2.345818996429443359e+00
2.345821380615234375e+00
2.345830917358398438e+00
2.345840215682983398e+00
2.345841646194458008e+00
2.345841646194458008e+00
2.345845222473144531e+00
2.345846176147460938e+00
2.345841169357299805e+00
2.345833301544189453e+00
2.345824956893920898e+00
2.345815658569335938e+00
2.345804691314697266e+00
2.345794200897216797e+00
2.345787048339843750e+00
2.345781087875366211e+00
2.345776796340942383e+00
2.345774650573730469e+00
2.345774888992309570e+00
2.345776796340942383e+00
2.345779180526733398e+00
2.345782041549682617e+00
2.345783710479736328e+00
2.345783710479736328e+00
2.345782756805419922e+00
2.345780611038208008e+00
2.345776081085205078e+00
2.345771074295043945e+00
2.345766782760620117e+00
2.345762491226196289e+00
2.345758914947509766e+00
2.345757007598876953e+00
2.345755815505981445e+00
2.345756530761718750e+00
2.345757961273193359e+00
2.345759868621826172e+00
2.345761775970458984e+00
2.345763683319091797e+00
2.345765113830566406e+00
2.345765829086303711e+00
2.345765829086303711e+00
2.345765352249145508e+00
2.345764875411987305e+00
2.345763683319091797e+00
2.345762491226196289e+00
2.345761060714721680e+00
2.345759868621826172e+00
2.345759391784667969e+00
2.345758438110351562e+00
2.345757722854614258e+00
2.345756769180297852e+00
2.345756530761718750e+00
2.345755338668823242e+00
2.345755577087402344e+00
2.345753192901611328e+00
2.345748901367187500e+00
2.345810651779174805e+00
2.345804452896118164e+00
2.345827102661132812e+00
2.345859766006469727e+00
2.345863819122314453e+00
2.346024990081787109e+00
2.346358776092529297e+00
2.346151828765869141e+00
2.345877885818481445e+00
2.345927715301513672e+00
2.346156358718872070e+00
2.346380233764648438e+00
2.346483707427978516e+00
2.346616029739379883e+00
2.346804618835449219e+00
2.346976041793823242e+00
2.346987247467041016e+00
2.346815586090087891e+00
2.346580266952514648e+00
2.346361160278320312e+00
2.346162796020507812e+00
2.345933198928833008e+00
2.345703601837158203e+00
2.345537424087524414e+00
2.345395088195800781e+00
2.345219612121582031e+00
2.345078468322753906e+00
2.345039606094360352e+00
2.345075130462646484e+00
2.345179319381713867e+00
2.345208883285522461e+00
2.345373868942260742e+00
2.345492601394653320e+00
2.345547676086425781e+00
2.345598459243774414e+00
2.345683336257934570e+00
2.345759868621826172e+00
2.345763683319091797e+00
2.345709085464477539e+00
2.345637083053588867e+00
2.345564842224121094e+00
2.345511913299560547e+00
2.345482826232910156e+00
2.345461845397949219e+00
2.345443964004516602e+00
2.345436573028564453e+00
2.345431804656982422e+00
2.345420837402343750e+00
2.345401048660278320e+00
2.345368862152099609e+00
2.345333337783813477e+00
2.345305681228637695e+00
2.345285892486572266e+00
2.345275878906250000e+00
2.345273017883300781e+00
2.345275163650512695e+00
2.345280408859252930e+00
2.345284700393676758e+00
2.345286369323730469e+00
2.345286846160888672e+00
2.345284461975097656e+00
2.345286369323730469e+00
2.345284223556518555e+00
2.345292329788208008e+00
2.345288515090942383e+00
2.345304727554321289e+00
2.345297574996948242e+00
2.345271348953247070e+00
2.345287322998046875e+00
2.345293045043945312e+00
2.345305681228637695e+00
2.345312833786010742e+00
2.345336675643920898e+00
2.345316648483276367e+00
2.345279693603515625e+00
2.345273494720458984e+00
2.345249414443969727e+00
2.345261096954345703e+00
2.345263481140136719e+00
2.345262527465820312e+00
2.345266342163085938e+00
2.345259189605712891e+00
2.345259189605712891e+00
2.345251321792602539e+00
2.345238685607910156e+00
2.345215082168579102e+00
2.345191001892089844e+00
2.345153093338012695e+00
2.345152616500854492e+00
2.345107078552246094e+00
2.345060586929321289e+00
2.345099449157714844e+00
2.345126628875732422e+00
2.345154762268066406e+00
2.345221757888793945e+00
2.345261335372924805e+00
2.345306873321533203e+00
2.345293521881103516e+00
2.345257043838500977e+00
2.345235109329223633e+00
2.345178604125976562e+00
2.345147609710693359e+00
2.345107078552246094e+00
2.345072984695434570e+00
2.345056295394897461e+00
2.345029354095458984e+00
2.345018863677978516e+00
2.344989538192749023e+00
2.344967365264892578e+00
2.344924211502075195e+00
2.344892740249633789e+00
2.344839334487915039e+00
2.344786882400512695e+00
2.344763994216918945e+00
2.344742774963378906e+00
2.344760417938232422e+00
2.344773530960083008e+00
2.344813346862792969e+00
2.344821453094482422e+00
2.344815254211425781e+00
2.344820737838745117e+00
2.344810724258422852e+00
2.344824075698852539e+00
2.344822883605957031e+00
2.344849348068237305e+00
2.344828844070434570e+00
2.344783306121826172e+00
2.344778060913085938e+00
2.344753026962280273e+00
2.344767093658447266e+00
2.344759225845336914e+00
2.344726085662841797e+00
2.344743013381958008e+00
2.344732522964477539e+00
2.344727039337158203e+00
2.344714403152465820e+00
2.344687461853027344e+00
2.344671010971069336e+00
2.344656705856323242e+00
2.344630241394042969e+00
2.344636678695678711e+00
2.344605207443237305e+00
2.344576120376586914e+00
2.344652891159057617e+00
2.344670295715332031e+00
2.344700098037719727e+00
2.344730377197265625e+00
2.344946861267089844e+00
2.344736337661743164e+00
2.344768047332763672e+00
2.344804525375366211e+00
2.344718217849731445e+00
2.344621419906616211e+00
2.344723224639892578e+00
2.344578742980957031e+00
2.344608545303344727e+00
2.344635486602783203e+00
2.344622611999511719e+00
2.344654321670532227e+00
2.344656705856323242e+00
2.344671249389648438e+00
2.344600915908813477e+00
2.344498872756958008e+00
2.344513893127441406e+00
2.344480514526367188e+00
2.344476938247680664e+00
2.344518661499023438e+00
2.344510555267333984e+00
