3.652711868286132812e+01
3.619430541992187500e+01
3.580533599853515625e+01
3.539411544799804688e+01
3.496625518798828125e+01
3.452446365356445312e+01
3.407042694091796875e+01
3.360543441772460938e+01
3.313089752197265625e+01
3.264877319335937500e+01
3.216178512573242188e+01
3.167327308654785156e+01
3.118701553344726562e+01
3.070711898803710938e+01
3.023783302307128906e+01
2.978323745727539062e+01
2.934696388244628906e+01
2.893210792541503906e+01
2.854127311706542969e+01
2.817656326293945312e+01
2.783956146240234375e+01
2.753130912780761719e+01
2.725228309631347656e+01
2.694450950622558594e+01
2.657284927368164062e+01
2.618603897094726562e+01
2.580391883850097656e+01
2.543705177307128906e+01
2.509175491333007812e+01
2.477182006835937500e+01
2.447931671142578125e+01
2.421510314941406250e+01
2.397913551330566406e+01
2.377070808410644531e+01
2.358860397338867188e+01
2.343125152587890625e+01
2.329681396484375000e+01
2.318326187133789062e+01
2.308846092224121094e+01
2.301024627685546875e+01
2.294635581970214844e+01
2.289451789855957031e+01
2.285246276855468750e+01
2.281795692443847656e+01
2.278889656066894531e+01
2.276350402832031250e+01
2.274058723449707031e+01
2.271858787536621094e+01
2.269520378112792969e+01
2.266922950744628906e+01
2.264198112487792969e+01
2.261150169372558594e+01
2.256206512451171875e+01
2.247324943542480469e+01
2.234463310241699219e+01
2.219418716430664062e+01
2.204076576232910156e+01
2.189582443237304688e+01
2.176441764831542969e+01
2.164806175231933594e+01
2.154666137695312500e+01
2.145938491821289062e+01
2.138504409790039062e+01
2.132224082946777344e+01
2.126951599121093750e+01
2.122545051574707031e+01
2.118874168395996094e+01
2.115823554992675781e+01
2.113305473327636719e+01
2.111243820190429688e+01
2.109576606750488281e+01
2.108252334594726562e+01
2.107223320007324219e+01
2.106443977355957031e+01
2.105871200561523438e+01
2.105467796325683594e+01
2.105206108093261719e+01
2.105066680908203125e+01
2.105032157897949219e+01
2.105074119567871094e+01
2.105143356323242188e+01
2.105178833007812500e+01
2.105136871337890625e+01
2.105017852783203125e+01
2.104857254028320312e+01
2.104696846008300781e+01
2.104562187194824219e+01
2.104458808898925781e+01
2.104377555847167969e+01
2.104305267333984375e+01
2.104230499267578125e+01
2.104147911071777344e+01
2.104061126708984375e+01
2.103976440429687500e+01
2.103901672363281250e+01
2.103841018676757812e+01
2.103794670104980469e+01
2.103761863708496094e+01
2.103738784790039062e+01
2.103721046447753906e+01
2.103702735900878906e+01
2.103677558898925781e+01
2.103641319274902344e+01
2.103593063354492188e+01
2.103535652160644531e+01
2.103473472595214844e+01
2.103410530090332031e+01
2.103349304199218750e+01
2.103290748596191406e+01
2.103233909606933594e+01
2.103177833557128906e+01
2.103121948242187500e+01
2.103065872192382812e+01
2.103007316589355469e+01
2.102945518493652344e+01
2.102896308898925781e+01
2.102834892272949219e+01
2.102745056152343750e+01
2.102647972106933594e+01
2.102557373046875000e+01
2.102484703063964844e+01
2.102357482910156250e+01
2.102212333679199219e+01
2.102101325988769531e+01
2.101225280761718750e+01
2.056929397583007812e+01
2.009271430969238281e+01
1.958441352844238281e+01
1.907731437683105469e+01
1.859223365783691406e+01
1.814591407775878906e+01
1.774845123291015625e+01
1.740322494506835938e+01
1.710967254638671875e+01
1.686501884460449219e+01
1.666505813598632812e+01
1.650445938110351562e+01
1.637728691101074219e+01
1.627788925170898438e+01
1.620153427124023438e+01
1.614428901672363281e+01
1.610255050659179688e+01
1.607289695739746094e+01
1.605225563049316406e+01
1.603816986083984375e+01
1.602883529663085938e+01
1.602290153503417969e+01
1.601923942565917969e+01
1.601687812805175781e+01
1.601517486572265625e+01
1.601387405395507812e+01
1.601291847229003906e+01
1.601228141784667969e+01
1.601189613342285156e+01
1.601168823242187500e+01
1.601159286499023438e+01
1.601154327392578125e+01
1.601147079467773438e+01
1.601134109497070312e+01
1.601115226745605469e+01
1.601093482971191406e+01
1.601071548461914062e+01
1.601050949096679688e+01
1.601031875610351562e+01
1.601012420654296875e+01
1.600990676879882812e+01
1.600964736938476562e+01
1.600933456420898438e+01
1.600897026062011719e+01
1.600857162475585938e+01
1.600815582275390625e+01
1.600774383544921875e+01
1.600734329223632812e+01
1.600695610046386719e+01
1.600658035278320312e+01
1.600621223449707031e+01
1.600583839416503906e+01
1.600545883178710938e+01
1.600506401062011719e+01
1.600464057922363281e+01
1.600415229797363281e+01
1.600347328186035156e+01
1.600244140625000000e+01
1.600068473815917969e+01
1.599909496307373047e+01
1.599868202209472656e+01
1.599831867218017578e+01
1.599766349792480469e+01
1.599732685089111328e+01
1.599724674224853516e+01
1.599742507934570312e+01
1.599736690521240234e+01
1.599692058563232422e+01
1.599650001525878906e+01
1.599632263183593750e+01
1.599627685546875000e+01
1.599621963500976562e+01
1.599606800079345703e+01
1.599587821960449219e+01
1.599569892883300781e+01
1.599551677703857422e+01
1.599533748626708984e+01
1.599513530731201172e+01
1.599490261077880859e+01
1.599467563629150391e+01
1.599448299407958984e+01
1.599432659149169922e+01
1.599415588378906250e+01
1.599395751953125000e+01
1.599375915527343750e+01
1.599358272552490234e+01
1.599342441558837891e+01
1.599325656890869141e+01
1.599307632446289062e+01
1.599289703369140625e+01
1.599273014068603516e+01
1.599256801605224609e+01
1.599239921569824219e+01
1.599221801757812500e+01
1.599203300476074219e+01
1.599185276031494141e+01
1.599167060852050781e+01
1.599148654937744141e+01
1.599129676818847656e+01
1.599110698699951172e+01
1.599092388153076172e+01
1.599074268341064453e+01
1.599055862426757812e+01
1.599037361145019531e+01
1.599018764495849609e+01
1.599000549316406250e+01
1.598982238769531250e+01
1.598963451385498047e+01
1.598944377899169922e+01
1.598925304412841797e+01
1.598906230926513672e+01
1.598887157440185547e+01
1.598867702484130859e+01
1.598848152160644531e+01
1.598828506469726562e+01
1.598809051513671875e+01
1.598789405822753906e+01
1.598769569396972656e+01
1.598749637603759766e+01
1.598729705810546875e+01
1.598709678649902344e+01
1.598689746856689453e+01
1.598669624328613281e+01
1.598649311065673828e+01
1.598628997802734375e+01
1.598608779907226562e+01
1.598588466644287109e+01
1.598567962646484375e+01
1.598547458648681641e+01
1.598527050018310547e+01
1.598506450653076172e+01
1.598485851287841797e+01
1.598465251922607422e+01
1.598444652557373047e+01
1.598424053192138672e+01
1.598403453826904297e+01
1.598382759094238281e+01
1.598362064361572266e+01
1.598341464996337891e+01
1.598320865631103516e+01
1.598300266265869141e+01
1.598279571533203125e+01
1.598258972167968750e+01
1.598238372802734375e+01
1.598218059539794922e+01
1.598197555541992188e+01
1.598177051544189453e+01
1.598156738281250000e+01
1.598136425018310547e+01
1.598116207122802734e+01
1.598095989227294922e+01
1.598075962066650391e+01
1.598056030273437500e+01
1.598036289215087891e+01
1.598016452789306641e+01
1.597996807098388672e+01
1.597977161407470703e+01
1.597957515716552734e+01
1.597938060760498047e+01
1.597918796539306641e+01
1.597899627685546875e+01
1.597880458831787109e+01
1.597861671447753906e+01
1.597842979431152344e+01
1.597824668884277344e+01
1.597806358337402344e+01
1.597788333892822266e+01
1.597770595550537109e+01
1.597753143310546875e+01
1.597735881805419922e+01
1.597718906402587891e+01
1.597702312469482422e+01
1.597686004638671875e+01
1.597670078277587891e+01
1.597654724121093750e+01
1.597639846801757812e+01
1.597625350952148438e+01
1.597611331939697266e+01
1.597597599029541016e+01
1.597584533691406250e+01
1.597571659088134766e+01
1.597559261322021484e+01
1.597546863555908203e+01
1.597534847259521484e+01
1.597522830963134766e+01
1.597510719299316406e+01
1.597498893737792969e+01
1.597486591339111328e+01
1.597473812103271484e+01
1.597461891174316406e+01
1.597432518005371094e+01
1.597455883026123047e+01
1.597614288330078125e+01
1.597552585601806641e+01
1.597630310058593750e+01
1.597578144073486328e+01
1.597596359252929688e+01
1.597442626953125000e+01
1.597403717041015625e+01
1.597482395172119141e+01
1.597519874572753906e+01
1.597418403625488281e+01
1.597421646118164062e+01
1.597495937347412109e+01
1.597587394714355469e+01
1.597479438781738281e+01
1.597427749633789062e+01
1.597462463378906250e+01
1.597484207153320312e+01
1.597455120086669922e+01
1.597439098358154297e+01
1.597467231750488281e+01
1.597495555877685547e+01
1.597467231750488281e+01
1.597436141967773438e+01
1.597446727752685547e+01
1.597476005554199219e+01
1.597476291656494141e+01
1.597451972961425781e+01
1.597441196441650391e+01
1.597456741333007812e+01
1.597459888458251953e+01
1.597438430786132812e+01
1.597439575195312500e+01
1.597453880310058594e+01
1.597442245483398438e+01
1.597427272796630859e+01
1.597431182861328125e+01
1.597438049316406250e+01
1.597425556182861328e+01
1.597417640686035156e+01
1.597418403625488281e+01
1.597413063049316406e+01
1.597405338287353516e+01
1.597404098510742188e+01
1.597399616241455078e+01
1.597390270233154297e+01
1.597386455535888672e+01
1.597384452819824219e+01
1.597375965118408203e+01
1.597368717193603516e+01
1.597364521026611328e+01
1.597358417510986328e+01
1.597351551055908203e+01
1.597346973419189453e+01
1.597339344024658203e+01
1.597336673736572266e+01
1.597342777252197266e+01
1.597332859039306641e+01
1.597323608398437500e+01
1.597321224212646484e+01
1.597329425811767578e+01
1.597316360473632812e+01
1.597307586669921875e+01
1.597303199768066406e+01
1.597298049926757812e+01
1.597296333312988281e+01
1.597294425964355469e+01
1.597284889221191406e+01
1.597279739379882812e+01
1.597275161743164062e+01
1.597272396087646484e+01
1.597271728515625000e+01
1.597259902954101562e+01
1.597255802154541016e+01
1.597251701354980469e+01
1.597244644165039062e+01
1.597237968444824219e+01
1.597230911254882812e+01
1.597225952148437500e+01
1.597217464447021484e+01
1.597210693359375000e+01
1.597201251983642578e+01
1.597190952301025391e+01
1.597180271148681641e+01
1.597174072265625000e+01
1.597159004211425781e+01
1.597148990631103516e+01
1.597139453887939453e+01
1.597122573852539062e+01
1.597107505798339844e+01
1.597091102600097656e+01
1.597074890136718750e+01
1.597059822082519531e+01
1.597046470642089844e+01
1.597038841247558594e+01
1.597026634216308594e+01
1.597014522552490234e+01
1.597006034851074219e+01
1.596995925903320312e+01
1.596985816955566406e+01
1.596975231170654297e+01
1.596971416473388672e+01
1.596976280212402344e+01
1.596957397460937500e+01
1.596943950653076172e+01
1.596936702728271484e+01
1.596927738189697266e+01
1.596917533874511719e+01
1.596916961669921875e+01
1.596915054321289062e+01
1.596898555755615234e+01
1.596887302398681641e+01
1.596876430511474609e+01
1.596862983703613281e+01
1.596850013732910156e+01
1.596846675872802734e+01
1.596846675872802734e+01
1.596825504302978516e+01
1.596809577941894531e+01
1.596796131134033203e+01
1.596784877777099609e+01
1.596770191192626953e+01
1.596766376495361328e+01
1.596771049499511719e+01
1.596749305725097656e+01
1.596732425689697266e+01
1.596724605560302734e+01
1.596710014343261719e+01
1.596687698364257812e+01
1.596506881713867188e+01
1.596393108367919922e+01
1.596659660339355469e+01
1.596669387817382812e+01
1.596633338928222656e+01
1.596674728393554688e+01
1.596646308898925781e+01
1.596619129180908203e+01
1.596606922149658203e+01
1.596595954895019531e+01
1.596589756011962891e+01
1.596583843231201172e+01
1.596562290191650391e+01
1.596548557281494141e+01
1.596516036987304688e+01
1.596502780914306641e+01
1.596511459350585938e+01
1.596486091613769531e+01
1.596456909179687500e+01
1.596466827392578125e+01
1.596456909179687500e+01
1.596433925628662109e+01
1.596416759490966797e+01
1.596399021148681641e+01
1.596393680572509766e+01
1.596372604370117188e+01
1.596364402770996094e+01
1.596351528167724609e+01
1.596356105804443359e+01
1.596347045898437500e+01
1.596302604675292969e+01
1.596295833587646484e+01
1.596293640136718750e+01
1.596270942687988281e+01
1.596269226074218750e+01
1.596263885498046875e+01
1.596240139007568359e+01
1.596230030059814453e+01
1.596216678619384766e+01
1.596197795867919922e+01
1.596204662322998047e+01
1.596196269989013672e+01
1.596168422698974609e+01
1.596165943145751953e+01
1.596168041229248047e+01
1.596130752563476562e+01
1.596112251281738281e+01
1.596106910705566406e+01
1.596092224121093750e+01
1.596081161499023438e+01
1.596079063415527344e+01
1.596071052551269531e+01
1.596049118041992188e+01
1.596036815643310547e+01
1.596033191680908203e+01
1.596008396148681641e+01
1.595998287200927734e+01
1.596007061004638672e+01
1.595983886718750000e+01
1.595960426330566406e+01
1.595959758758544922e+01
1.595950412750244141e+01
1.595931053161621094e+01
1.595935249328613281e+01
1.595935249328613281e+01
1.595906257629394531e+01
1.595895481109619141e+01
1.595901203155517578e+01
1.595874118804931641e+01
1.595858001708984375e+01
1.595872211456298828e+01
1.595853042602539062e+01
1.595824337005615234e+01
1.595836830139160156e+01
1.595849704742431641e+01
1.595807361602783203e+01
1.595782852172851562e+01
1.595786857604980469e+01
1.595781898498535156e+01
1.595771503448486328e+01
1.595769596099853516e+01
1.595762538909912109e+01
1.595752048492431641e+01
1.595738792419433594e+01
1.595711994171142578e+01
1.595676994323730469e+01
1.595588588714599609e+01
1.595311355590820312e+01
1.595287132263183594e+01
1.595283699035644531e+01
1.595241165161132812e+01
1.595252513885498047e+01
1.595648765563964844e+01
1.595717620849609375e+01
1.595632648468017578e+01
1.595599842071533203e+01
1.595634174346923828e+01
1.595642757415771484e+01
1.595593357086181641e+01
1.595598030090332031e+01
1.595609664916992188e+01
1.595550537109375000e+01
1.595523738861083984e+01
1.595538711547851562e+01
1.595535469055175781e+01
1.595511436462402344e+01
1.595517921447753906e+01
1.595525932312011719e+01
1.595505523681640625e+01
1.595482063293457031e+01
1.595464515686035156e+01
1.595444583892822266e+01
1.595426464080810547e+01
1.595423412322998047e+01
1.595434379577636719e+01
1.595437717437744141e+01
1.595417690277099609e+01
1.595388698577880859e+01
1.595371818542480469e+01
1.595367431640625000e+01
1.595362949371337891e+01
1.595353031158447266e+01
1.595347499847412109e+01
1.595347499847412109e+01
1.595336914062500000e+01
1.595306301116943359e+01
1.595283317565917969e+01
1.595278739929199219e+01
1.595280170440673828e+01
1.595275688171386719e+01
1.595270156860351562e+01
1.595258045196533203e+01
1.595236301422119141e+01
1.595215702056884766e+01
1.595211315155029297e+01
1.595216560363769531e+01
1.595207309722900391e+01
1.595187091827392578e+01
1.595170879364013672e+01
1.595158863067626953e+01
1.595151901245117188e+01
1.595153903961181641e+01
1.595152664184570312e+01
1.595136070251464844e+01
1.595114994049072266e+01
1.595098686218261719e+01
1.595094299316406250e+01
1.595096588134765625e+01
1.595091533660888672e+01
1.595076560974121094e+01
1.595059490203857422e+01
1.595043277740478516e+01
1.595037269592285156e+01
1.595041751861572266e+01
1.595038509368896484e+01
1.595021915435791016e+01
1.595003795623779297e+01
1.594988059997558594e+01
1.594982433319091797e+01
1.594986629486083984e+01
1.594983386993408203e+01
1.594967651367187500e+01
1.594950389862060547e+01
1.594936370849609375e+01
1.594915008544921875e+01
1.594908523559570312e+01
1.594932365417480469e+01
1.594937610626220703e+01
1.594908905029296875e+01
1.594882583618164062e+01
1.594873142242431641e+01
1.594865894317626953e+01
1.594864177703857422e+01
1.594868183135986328e+01
1.594858932495117188e+01
1.594834613800048828e+01
1.594816017150878906e+01
1.594803714752197266e+01
1.594785594940185547e+01
1.594775581359863281e+01
1.594797801971435547e+01
1.594823551177978516e+01
1.594806766510009766e+01
1.594772720336914062e+01
1.594754791259765625e+01
1.594741058349609375e+01
1.594711494445800781e+01
1.594714546203613281e+01
1.594750499725341797e+01
1.594743156433105469e+01
1.594709205627441406e+01
1.594699382781982422e+01
1.594698143005371094e+01
1.594662094116210938e+01
1.594643878936767578e+01
1.594652938842773438e+01
1.594668006896972656e+01
1.594676685333251953e+01
1.594674205780029297e+01
1.594655323028564453e+01
1.594631099700927734e+01
1.594613647460937500e+01
1.594594573974609375e+01
1.594577693939208984e+01
1.594570541381835938e+01
1.594591617584228516e+01
1.594615650177001953e+01
1.594605922698974609e+01
1.594587516784667969e+01
1.594574260711669922e+01
1.594551086425781250e+01
1.594524669647216797e+01
1.594516754150390625e+01
1.594511795043945312e+01
1.594496631622314453e+01
1.594488716125488281e+01
1.594488334655761719e+01
1.594478416442871094e+01
1.594469642639160156e+01
1.594468212127685547e+01
1.594495391845703125e+01
1.594513511657714844e+01
1.594491958618164062e+01
1.594477176666259766e+01
1.594460010528564453e+01
1.594428062438964844e+01
1.594412803649902344e+01
1.594406032562255859e+01
1.594392967224121094e+01
1.594386672973632812e+01
1.594383811950683594e+01
1.594377708435058594e+01
1.594372749328613281e+01
1.594368934631347656e+01
1.594363975524902344e+01
1.594355583190917969e+01
1.594346809387207031e+01
1.594382667541503906e+01
1.594381046295166016e+01
1.594374465942382812e+01
1.594365692138671875e+01
1.594338607788085938e+01
1.594322395324707031e+01
1.594298171997070312e+01
1.594296073913574219e+01
1.594280338287353516e+01
1.594279861450195312e+01
1.594274425506591797e+01
1.594268989562988281e+01
1.594262218475341797e+01
1.594263172149658203e+01
1.594251060485839844e+01
1.594257164001464844e+01
1.594234085083007812e+01
1.594250106811523438e+01
1.594204902648925781e+01
1.594294166564941406e+01
1.594254398345947266e+01
1.594369983673095703e+01
1.594562721252441406e+01
1.594720649719238281e+01
1.594437694549560547e+01
1.595555877685546875e+01
1.595476150512695312e+01
1.595156002044677734e+01
1.594738101959228516e+01
1.594478893280029297e+01
1.594649600982666016e+01
1.594610309600830078e+01
1.594489288330078125e+01
1.594330215454101562e+01
1.594304752349853516e+01
1.594404125213623047e+01
1.594209194183349609e+01
1.594142341613769531e+01
1.594156932830810547e+01
1.594086933135986328e+01
1.594099521636962891e+01
1.594119453430175781e+01
1.594064140319824219e+01
1.594074726104736328e+01
1.594048404693603516e+01
1.594000148773193359e+01
1.593998432159423828e+01
1.593963718414306641e+01
1.593976402282714844e+01
1.593955039978027344e+01
1.593949317932128906e+01
1.593963146209716797e+01
1.593937778472900391e+01
1.593929862976074219e+01
1.593908500671386719e+01
1.593913078308105469e+01
1.593900775909423828e+01
1.593911552429199219e+01
1.593917655944824219e+01
1.593922615051269531e+01
1.593914794921875000e+01
1.593904304504394531e+01
1.593890762329101562e+01
1.593882274627685547e+01
1.593860435485839844e+01
1.593881511688232422e+01
1.593846607208251953e+01
1.594020748138427734e+01
1.594071006774902344e+01
1.594115829467773438e+01
1.593941020965576172e+01
1.594315147399902344e+01
1.593957710266113281e+01
1.593966674804687500e+01
1.593889331817626953e+01
1.593808078765869141e+01
1.593865680694580078e+01
1.593856525421142578e+01
1.593761348724365234e+01
1.593768501281738281e+01
1.593807220458984375e+01
1.593733024597167969e+01
1.593755340576171875e+01
1.593691444396972656e+01
1.593707656860351562e+01
1.593713474273681641e+01
1.593708896636962891e+01
1.593719387054443359e+01
1.593699359893798828e+01
1.593700504302978516e+01
1.593656635284423828e+01
1.593649768829345703e+01
1.593621158599853516e+01
1.593634891510009766e+01
1.593612194061279297e+01
1.593777656555175781e+01
1.593678092956542969e+01
1.593709564208984375e+01
1.593875408172607422e+01
1.593639469146728516e+01
1.593537330627441406e+01
1.593737602233886719e+01
1.593672847747802734e+01
1.593482875823974609e+01
1.593568801879882812e+01
1.593596839904785156e+01
1.593519973754882812e+01
1.593542289733886719e+01
1.593581962585449219e+01
1.593490886688232422e+01
1.593524169921875000e+01
1.593512916564941406e+01
1.593471050262451172e+01
1.593491649627685547e+01
1.593455028533935547e+01
1.593566131591796875e+01
1.593474769592285156e+01
1.593503284454345703e+01
1.593611049652099609e+01
1.593450260162353516e+01
1.593381023406982422e+01
1.593539810180664062e+01
1.593378067016601562e+01
1.593311023712158203e+01
1.593408393859863281e+01
1.593357849121093750e+01
1.593342685699462891e+01
1.593389320373535156e+01
1.593355178833007812e+01
1.593330383300781250e+01
1.593376827239990234e+01
1.593330955505371094e+01
1.593327331542968750e+01
1.593334579467773438e+01
1.593308734893798828e+01
1.593327236175537109e+01
1.593312454223632812e+01
1.593405818939208984e+01
1.593320274353027344e+01
1.593368244171142578e+01
1.593450641632080078e+01
1.593311119079589844e+01
1.593338584899902344e+01
1.593464756011962891e+01
1.593181610107421875e+01
1.592179965972900391e+01
1.544657897949218750e+01
1.487259006500244141e+01
1.431956386566162109e+01
1.385680675506591797e+01
1.352628803253173828e+01
1.333497142791748047e+01
1.325784492492675781e+01
1.325383853912353516e+01
1.329394626617431641e+01
1.335490989685058594e+01
1.339373493194580078e+01
1.339312934875488281e+01
1.336380100250244141e+01
1.333457279205322266e+01
1.330712318420410156e+01
1.327860927581787109e+01
1.325866222381591797e+01
1.325253200531005859e+01
1.324876308441162109e+01
1.324721050262451172e+01
1.324802494049072266e+01
1.324860668182373047e+01
1.324989128112792969e+01
1.325166606903076172e+01
1.325105762481689453e+01
1.324636936187744141e+01
1.324257183074951172e+01
1.324080181121826172e+01
1.323939800262451172e+01
1.323794746398925781e+01
1.323705959320068359e+01
1.323726749420166016e+01
1.323753643035888672e+01
1.323731231689453125e+01
1.323747158050537109e+01
1.323749065399169922e+01
1.323685550689697266e+01
1.323643684387207031e+01
1.323640060424804688e+01
1.323624610900878906e+01
1.323605728149414062e+01
1.323607635498046875e+01
1.323608589172363281e+01
1.323596954345703125e+01
1.323597621917724609e+01
1.323601245880126953e+01
1.323589229583740234e+01
1.323648071289062500e+01
1.323586368560791016e+01
1.323607254028320312e+01
1.323630142211914062e+01
1.323521137237548828e+01
1.323609828948974609e+01
1.323613834381103516e+01
1.323452377319335938e+01
1.323564434051513672e+01
1.323660373687744141e+01
1.323435592651367188e+01
1.323453235626220703e+01
1.323627853393554688e+01
1.323433208465576172e+01
1.323361587524414062e+01
1.323452758789062500e+01
1.323507213592529297e+01
1.323355197906494141e+01
1.323357009887695312e+01
1.323464012145996094e+01
1.323405075073242188e+01
1.323349475860595703e+01
1.323408603668212891e+01
1.323412799835205078e+01
1.323353862762451172e+01
1.323387813568115234e+01
1.323401165008544922e+01
1.323353958129882812e+01
1.323386478424072266e+01
1.323389625549316406e+01
1.323361873626708984e+01
1.323393630981445312e+01
1.323382282257080078e+01
1.323439788818359375e+01
1.323381519317626953e+01
1.323411655426025391e+01
1.323437690734863281e+01
1.323329162597656250e+01
1.323364353179931641e+01
1.323398590087890625e+01
1.323289299011230469e+01
1.323412036895751953e+01
1.323397064208984375e+01
1.323275566101074219e+01
1.323328685760498047e+01
1.323386478424072266e+01
1.323259162902832031e+01
1.323283290863037109e+01
1.323359775543212891e+01
1.323272705078125000e+01
1.323269462585449219e+01
1.323322296142578125e+01
1.323261356353759766e+01
1.323335170745849609e+01
1.323307228088378906e+01
1.323244857788085938e+01
1.323307323455810547e+01
1.323287010192871094e+01
1.323212623596191406e+01
1.323282051086425781e+01
1.323259925842285156e+01
1.323217391967773438e+01
1.323268604278564453e+01
1.323239707946777344e+01
1.323295402526855469e+01
1.323252677917480469e+01
1.323258018493652344e+01
1.323285293579101562e+01
1.323195362091064453e+01
1.323215579986572266e+01
1.323231124877929688e+01
1.323150920867919922e+01
1.323202896118164062e+01
1.323206901550292969e+01
1.323162269592285156e+01
1.323202419281005859e+01
1.323188686370849609e+01
1.323168087005615234e+01
1.323194408416748047e+01
1.323171043395996094e+01
1.323167800903320312e+01
1.323173713684082031e+01
1.323154735565185547e+01
1.323165130615234375e+01
1.323157024383544922e+01
1.323234939575195312e+01
1.323145103454589844e+01
1.323246765136718750e+01
1.323340511322021484e+01
1.323259162902832031e+01
1.323235702514648438e+01
1.323460006713867188e+01
1.323123931884765625e+01
1.323111248016357422e+01
1.323342037200927734e+01
1.323203372955322266e+01
1.323057556152343750e+01
1.323068237304687500e+01
1.323192501068115234e+01
1.323083686828613281e+01
1.323023796081542969e+01
1.323081588745117188e+01
1.323107910156250000e+01
1.323018264770507812e+01
1.323019981384277344e+01
1.323065567016601562e+01
1.323013114929199219e+01
1.323005199432373047e+01
1.323042201995849609e+01
1.323006629943847656e+01
1.323008155822753906e+01
1.323033428192138672e+01
1.323003768920898438e+01
1.323086166381835938e+01
1.323023605346679688e+01
1.323054885864257812e+01
1.323095798492431641e+01
1.322998714447021484e+01
1.323091506958007812e+01
1.323126316070556641e+01
1.322951793670654297e+01
1.323043251037597656e+01
1.323208045959472656e+01
1.322959613800048828e+01
1.322949695587158203e+01
