3.323967742919921875e+01
3.260685348510742188e+01
3.195298767089843750e+01
3.128162002563476562e+01
3.059502220153808594e+01
2.989465522766113281e+01
2.918176460266113281e+01
2.845808029174804688e+01
2.772604942321777344e+01
2.698795700073242188e+01
2.624212265014648438e+01
2.547421264648437500e+01
2.468759346008300781e+01
2.392346191406250000e+01
2.318561935424804688e+01
2.245380020141601562e+01
2.172394943237304688e+01
2.101178932189941406e+01
2.033337020874023438e+01
1.966749572753906250e+01
1.906497955322265625e+01
1.864213180541992188e+01
1.828412628173828125e+01
1.792395973205566406e+01
1.758890914916992188e+01
1.732332992553710938e+01
1.717569541931152344e+01
1.709255218505859375e+01
1.702637672424316406e+01
1.695420455932617188e+01
1.687580680847167969e+01
1.679534530639648438e+01
1.674345207214355469e+01
1.674173355102539062e+01
1.683413887023925781e+01
1.676722145080566406e+01
1.671681976318359375e+01
1.669392776489257812e+01
1.664221000671386719e+01
1.659431457519531250e+01
1.656503295898437500e+01
1.655801773071289062e+01
1.653771209716796875e+01
1.648023796081542969e+01
1.642787551879882812e+01
1.640282249450683594e+01
1.639543342590332031e+01
1.636061286926269531e+01
1.628588104248046875e+01
1.612756156921386719e+01
1.600612068176269531e+01
1.591508960723876953e+01
1.582121181488037109e+01
1.566963958740234375e+01
1.549032783508300781e+01
1.541797065734863281e+01
1.530597591400146484e+01
1.515615558624267578e+01
1.504359912872314453e+01
1.505759620666503906e+01
1.496536636352539062e+01
1.487825870513916016e+01
1.488510990142822266e+01
1.492752647399902344e+01
1.493503379821777344e+01
1.490675830841064453e+01
1.489040946960449219e+01
1.489435100555419922e+01
1.491476249694824219e+01
1.492582416534423828e+01
1.490139865875244141e+01
1.486668968200683594e+01
1.483924770355224609e+01
1.481035614013671875e+01
1.479972934722900391e+01
1.479865264892578125e+01
1.476721000671386719e+01
1.473309135437011719e+01
1.470263004302978516e+01
1.467728424072265625e+01
1.464796257019042969e+01
1.461484622955322266e+01
1.458328628540039062e+01
1.455245494842529297e+01
1.454340648651123047e+01
1.453722095489501953e+01
1.452790164947509766e+01
1.451711654663085938e+01
1.450786304473876953e+01
1.448792552947998047e+01
1.446836948394775391e+01
1.445519828796386719e+01
1.443438339233398438e+01
1.441271781921386719e+01
1.439640712738037109e+01
1.439028739929199219e+01
1.438735294342041016e+01
1.439509677886962891e+01
1.437092781066894531e+01
1.435285472869873047e+01
1.433765697479248047e+01
1.431735324859619141e+01
1.429728031158447266e+01
1.429861640930175781e+01
1.430174350738525391e+01
1.427238464355468750e+01
1.426628780364990234e+01
1.426946258544921875e+01
1.425996589660644531e+01
1.424538803100585938e+01
1.425478649139404297e+01
1.520670890808105469e+01
1.422957706451416016e+01
1.428376483917236328e+01
1.435799884796142578e+01
1.447876644134521484e+01
1.455040550231933594e+01
1.436408805847167969e+01
1.429558372497558594e+01
1.425800132751464844e+01
1.432185173034667969e+01
1.431984329223632812e+01
1.437926197052001953e+01
1.424517250061035156e+01
1.422860240936279297e+01
1.424497222900390625e+01
1.423779392242431641e+01
1.427197837829589844e+01
1.427433395385742188e+01
1.425283527374267578e+01
1.423270797729492188e+01
1.421947479248046875e+01
1.421722793579101562e+01
1.421246147155761719e+01
1.421237277984619141e+01
1.419583129882812500e+01
1.426073837280273438e+01
1.418872737884521484e+01
1.419947242736816406e+01
1.419845008850097656e+01
1.419242095947265625e+01
1.418451690673828125e+01
1.418284034729003906e+01
1.418693161010742188e+01
1.417649650573730469e+01
1.419868564605712891e+01
1.417069816589355469e+01
1.415024566650390625e+01
1.415734291076660156e+01
1.415420246124267578e+01
1.415242671966552734e+01
1.414482498168945312e+01
1.413823509216308594e+01
1.413169384002685547e+01
1.412718009948730469e+01
1.412406349182128906e+01
1.412122535705566406e+01
1.411831092834472656e+01
1.411412143707275391e+01
1.411026859283447266e+01
1.411036396026611328e+01
1.410955715179443359e+01
1.410887622833251953e+01
1.410788345336914062e+01
1.410552978515625000e+01
1.410380363464355469e+01
1.410187435150146484e+01
1.410059928894042969e+01
1.409916496276855469e+01
1.410237312316894531e+01
1.409639167785644531e+01
1.410071754455566406e+01
1.412437057495117188e+01
1.411399078369140625e+01
1.410918235778808594e+01
1.411703205108642578e+01
1.414319324493408203e+01
1.428336238861083984e+01
1.422374534606933594e+01
1.429453372955322266e+01
1.421822929382324219e+01
1.423732185363769531e+01
1.417681121826171875e+01
1.418299865722656250e+01
1.418364048004150391e+01
1.416297626495361328e+01
1.417084789276123047e+01
1.411578178405761719e+01
1.414948272705078125e+01
1.411501121520996094e+01
1.414193820953369141e+01
1.412962532043457031e+01
1.417750358581542969e+01
1.413621616363525391e+01
1.413478469848632812e+01
1.413659763336181641e+01
1.413427925109863281e+01
1.411941146850585938e+01
1.410817146301269531e+01
1.408887672424316406e+01
1.408642768859863281e+01
1.407838344573974609e+01
1.407544326782226562e+01
1.406932830810546875e+01
1.407099342346191406e+01
1.405383491516113281e+01
1.404638481140136719e+01
1.407934093475341797e+01
1.426970195770263672e+01
1.410449600219726562e+01
1.415926265716552734e+01
1.409656238555908203e+01
1.411301708221435547e+01
1.408892059326171875e+01
1.412486267089843750e+01
1.407763290405273438e+01
1.410215854644775391e+01
1.406453514099121094e+01
1.406661891937255859e+01
1.404609870910644531e+01
1.404765510559082031e+01
1.404853916168212891e+01
1.404626083374023438e+01
1.404928779602050781e+01
1.404940128326416016e+01
1.405025291442871094e+01
1.404908180236816406e+01
1.404852104187011719e+01
1.404662895202636719e+01
1.404587554931640625e+01
1.404612159729003906e+01
1.404529953002929688e+01
1.404426002502441406e+01
1.404401397705078125e+01
1.404236507415771484e+01
1.404115581512451172e+01
1.403944110870361328e+01
1.403807258605957031e+01
1.403734207153320312e+01
1.403559970855712891e+01
1.403567886352539062e+01
1.403355884552001953e+01
1.403347682952880859e+01
1.403251838684082031e+01
1.403276062011718750e+01
1.403129005432128906e+01
1.403490257263183594e+01
1.403033638000488281e+01
1.403645610809326172e+01
1.403901958465576172e+01
1.403399658203125000e+01
1.403567600250244141e+01
1.403215026855468750e+01
1.403277206420898438e+01
1.403765487670898438e+01
1.403633022308349609e+01
1.403734970092773438e+01
1.403755092620849609e+01
1.403611087799072266e+01
1.403074264526367188e+01
1.405482673645019531e+01
1.404934310913085938e+01
1.414425849914550781e+01
1.410799694061279297e+01
1.405919742584228516e+01
1.406322383880615234e+01
1.410714530944824219e+01
1.419753456115722656e+01
1.415923023223876953e+01
1.415213775634765625e+01
1.406179809570312500e+01
1.409176731109619141e+01
1.406255531311035156e+01
1.409950542449951172e+01
1.408342075347900391e+01
1.407181930541992188e+01
1.408484363555908203e+01
1.406821441650390625e+01
1.406476593017578125e+01
1.405915546417236328e+01
1.405953693389892578e+01
1.405446147918701172e+01
1.405037784576416016e+01
1.404840660095214844e+01
1.404909896850585938e+01
1.404167652130126953e+01
1.403907489776611328e+01
1.403846645355224609e+01
1.403474521636962891e+01
1.403407669067382812e+01
1.403295516967773438e+01
1.402800083160400391e+01
1.402830314636230469e+01
1.403020763397216797e+01
1.402248096466064453e+01
1.403067493438720703e+01
1.403118801116943359e+01
1.402678394317626953e+01
1.402732944488525391e+01
1.402276611328125000e+01
1.403542709350585938e+01
1.402375698089599609e+01
1.404671764373779297e+01
1.405563831329345703e+01
1.404206562042236328e+01
1.407712364196777344e+01
1.404438304901123047e+01
1.406914424896240234e+01
1.405321884155273438e+01
1.416004276275634766e+01
1.410302543640136719e+01
1.409827995300292969e+01
1.406477737426757812e+01
1.405168056488037109e+01
1.406079769134521484e+01
1.406123828887939453e+01
1.404564952850341797e+01
1.404376602172851562e+01
1.403212261199951172e+01
1.403238868713378906e+01
1.406310462951660156e+01
1.403569602966308594e+01
1.403416824340820312e+01
1.403785514831542969e+01
1.403549289703369141e+01
1.403889751434326172e+01
1.403536033630371094e+01
1.403208827972412109e+01
1.403050899505615234e+01
1.403672504425048828e+01
1.403922748565673828e+01
1.404455375671386719e+01
1.403453731536865234e+01
1.403567123413085938e+01
1.403800201416015625e+01
1.403097820281982422e+01
1.403103828430175781e+01
1.403152465820312500e+01
1.403160190582275391e+01
1.403417015075683594e+01
1.403246498107910156e+01
1.403483772277832031e+01
1.404403591156005859e+01
1.403732967376708984e+01
1.404040908813476562e+01
1.405734157562255859e+01
1.405751037597656250e+01
1.415315532684326172e+01
1.408966064453125000e+01
1.406488513946533203e+01
1.405046653747558594e+01
1.410538959503173828e+01
1.405988121032714844e+01
1.405975914001464844e+01
1.403968620300292969e+01
1.408989524841308594e+01
1.408859920501708984e+01
1.406297779083251953e+01
1.408681583404541016e+01
1.403745937347412109e+01
1.404627132415771484e+01
1.403045845031738281e+01
1.403272056579589844e+01
1.403664970397949219e+01
1.402555370330810547e+01
1.404218959808349609e+01
1.404857826232910156e+01
1.403611183166503906e+01
1.409449958801269531e+01
1.403037452697753906e+01
1.405652618408203125e+01
1.405141735076904297e+01
1.407383537292480469e+01
1.404500389099121094e+01
1.408165454864501953e+01
1.404110813140869141e+01
1.405490016937255859e+01
1.405026340484619141e+01
1.404824447631835938e+01
1.404724884033203125e+01
1.405089092254638672e+01
1.404434204101562500e+01
1.405183124542236328e+01
1.404158401489257812e+01
1.404660034179687500e+01
1.404529571533203125e+01
1.403887176513671875e+01
1.404750251770019531e+01
1.404498291015625000e+01
1.404442691802978516e+01
1.404170036315917969e+01
1.404069995880126953e+01
1.403650760650634766e+01
1.403310394287109375e+01
1.403511524200439453e+01
1.403484916687011719e+01
1.403239250183105469e+01
1.403664588928222656e+01
1.403909111022949219e+01
1.403694438934326172e+01
1.403596496582031250e+01
1.403804016113281250e+01
1.403922080993652344e+01
1.403878402709960938e+01
1.403862857818603516e+01
1.403742408752441406e+01
1.404015541076660156e+01
1.403727149963378906e+01
1.403706645965576172e+01
1.403628253936767578e+01
1.403494262695312500e+01
1.403397941589355469e+01
1.403335762023925781e+01
1.403003978729248047e+01
1.403296852111816406e+01
1.403275871276855469e+01
1.402977561950683594e+01
1.403667449951171875e+01
1.403229236602783203e+01
1.403189945220947266e+01
1.403414344787597656e+01
1.403327751159667969e+01
1.403357315063476562e+01
1.403350257873535156e+01
1.403114414215087891e+01
1.404568767547607422e+01
1.403882598876953125e+01
1.403085613250732422e+01
1.402791404724121094e+01
1.402986526489257812e+01
1.403259181976318359e+01
1.403085613250732422e+01
1.403723049163818359e+01
1.402859687805175781e+01
1.404073524475097656e+01
1.403997898101806641e+01
1.404271888732910156e+01
1.403623867034912109e+01
1.402848911285400391e+01
1.404322433471679688e+01
1.406192874908447266e+01
1.403934097290039062e+01
1.407619857788085938e+01
1.404914474487304688e+01
1.406138134002685547e+01
1.404495239257812500e+01
1.405027198791503906e+01
1.406770706176757812e+01
1.407325363159179688e+01
1.418018054962158203e+01
1.411173343658447266e+01
1.408781433105468750e+01
1.409245967864990234e+01
1.419449043273925781e+01
1.411388111114501953e+01
1.413093757629394531e+01
1.409653568267822266e+01
1.416502094268798828e+01
1.408751773834228516e+01
1.414712619781494141e+01
1.407222270965576172e+01
1.412585735321044922e+01
1.408130073547363281e+01
1.409369754791259766e+01
1.406729412078857422e+01
1.406874370574951172e+01
1.406326961517333984e+01
1.405912399291992188e+01
1.404024791717529297e+01
1.404667663574218750e+01
1.403972148895263672e+01
1.403237819671630859e+01
1.403204154968261719e+01
1.403007793426513672e+01
1.402427768707275391e+01
1.402220153808593750e+01
1.402089023590087891e+01
1.401934337615966797e+01
1.401792049407958984e+01
1.401703739166259766e+01
1.401548767089843750e+01
1.401608657836914062e+01
1.401631927490234375e+01
1.401890659332275391e+01
1.402978992462158203e+01
1.402260494232177734e+01
1.402536010742187500e+01
1.402695274353027344e+01
1.404237461090087891e+01
1.403773403167724609e+01
1.403695392608642578e+01
1.403730583190917969e+01
1.403508377075195312e+01
1.403667831420898438e+01
1.403651142120361328e+01
1.403600025177001953e+01
1.403715991973876953e+01
1.403777503967285156e+01
1.403863143920898438e+01
1.403704357147216797e+01
1.403776645660400391e+01
1.404152488708496094e+01
1.404880237579345703e+01
1.403769969940185547e+01
1.404302215576171875e+01
1.404474639892578125e+01
1.403946971893310547e+01
1.404814529418945312e+01
1.404720211029052734e+01
1.403658676147460938e+01
1.404345512390136719e+01
1.404632472991943359e+01
1.403704071044921875e+01
1.404775905609130859e+01
1.405011940002441406e+01
1.403736305236816406e+01
1.404759502410888672e+01
1.405622482299804688e+01
1.403672599792480469e+01
1.407288646697998047e+01
1.406009101867675781e+01
1.403778553009033203e+01
1.413257884979248047e+01
1.404324722290039062e+01
1.405447769165039062e+01
1.405447387695312500e+01
1.403246688842773438e+01
1.406500816345214844e+01
1.403775978088378906e+01
1.404728221893310547e+01
1.404792022705078125e+01
1.404617977142333984e+01
1.404604625701904297e+01
1.404319190979003906e+01
1.404086780548095703e+01
1.404348850250244141e+01
1.404379177093505859e+01
1.403733444213867188e+01
1.403880882263183594e+01
1.403553390502929688e+01
1.403190135955810547e+01
1.403096294403076172e+01
1.403304767608642578e+01
1.403038597106933594e+01
1.403202342987060547e+01
1.403236103057861328e+01
1.402817153930664062e+01
1.402930450439453125e+01
1.402963638305664062e+01
1.402981662750244141e+01
1.403141689300537109e+01
1.403262996673583984e+01
1.403230953216552734e+01
1.403502368927001953e+01
1.403416252136230469e+01
1.403508472442626953e+01
1.403643417358398438e+01
1.403532505035400391e+01
1.403565979003906250e+01
1.403682231903076172e+01
1.403692245483398438e+01
1.403722286224365234e+01
1.403804969787597656e+01
1.403844547271728516e+01
1.403781127929687500e+01
1.403981304168701172e+01
1.403809356689453125e+01
1.403941822052001953e+01
1.403916263580322266e+01
1.403895282745361328e+01
1.404001045227050781e+01
1.403936386108398438e+01
1.404185771942138672e+01
1.403984069824218750e+01
1.403992176055908203e+01
1.404146957397460938e+01
1.404353713989257812e+01
1.403960514068603516e+01
1.403880882263183594e+01
1.404046916961669922e+01
1.403851699829101562e+01
1.403933143615722656e+01
1.404266834259033203e+01
1.404074001312255859e+01
1.403910541534423828e+01
1.403931045532226562e+01
1.404452991485595703e+01
1.403969860076904297e+01
1.404250812530517578e+01
1.405004310607910156e+01
1.404203033447265625e+01
1.403795146942138672e+01
1.404522609710693359e+01
1.403451442718505859e+01
1.403459453582763672e+01
1.403481864929199219e+01
1.403438758850097656e+01
1.403421497344970703e+01
1.403408813476562500e+01
1.403414916992187500e+01
1.403421974182128906e+01
1.403467178344726562e+01
1.403627872467041016e+01
1.403625774383544922e+01
1.403617286682128906e+01
1.403734779357910156e+01
1.403715705871582031e+01
1.403797912597656250e+01
1.403840923309326172e+01
1.403879165649414062e+01
1.403796863555908203e+01
1.404673290252685547e+01
1.404304313659667969e+01
1.403838539123535156e+01
1.403968620300292969e+01
1.404541778564453125e+01
1.404577636718750000e+01
1.404301643371582031e+01
1.403802871704101562e+01
1.403795719146728516e+01
1.404136180877685547e+01
1.405085754394531250e+01
1.404556083679199219e+01
1.403821277618408203e+01
1.405251502990722656e+01
1.403580284118652344e+01
1.403553485870361328e+01
1.403671073913574219e+01
1.403581523895263672e+01
1.403632545471191406e+01
1.403660583496093750e+01
1.403741359710693359e+01
1.403836250305175781e+01
1.403580570220947266e+01
1.403608226776123047e+01
1.403596782684326172e+01
1.404185867309570312e+01
1.404660797119140625e+01
1.403691482543945312e+01
1.404437923431396484e+01
1.403944778442382812e+01
1.404034614562988281e+01
1.403872013092041016e+01
1.403944301605224609e+01
1.404215145111083984e+01
1.403850555419921875e+01
1.404016971588134766e+01
1.404288482666015625e+01
1.403955841064453125e+01
1.403859806060791016e+01
1.404292774200439453e+01
1.403785228729248047e+01
1.403908252716064453e+01
1.403828144073486328e+01
1.403804588317871094e+01
1.404358482360839844e+01
1.403919315338134766e+01
1.403937911987304688e+01
1.404048061370849609e+01
1.403893661499023438e+01
1.403974342346191406e+01
1.404125118255615234e+01
1.403886032104492188e+01
1.403717803955078125e+01
1.403696441650390625e+01
1.403763675689697266e+01
1.403982353210449219e+01
1.403890514373779297e+01
1.403611183166503906e+01
1.403495788574218750e+01
1.403578472137451172e+01
1.403687953948974609e+01
1.403660678863525391e+01
1.403423500061035156e+01
1.403331089019775391e+01
1.404056262969970703e+01
1.403878593444824219e+01
1.403514099121093750e+01
1.403491020202636719e+01
1.403557682037353516e+01
1.403865718841552734e+01
1.403589534759521484e+01
1.403678417205810547e+01
1.403635025024414062e+01
1.403612899780273438e+01
1.403515720367431641e+01
1.403587627410888672e+01
1.404068851470947266e+01
1.404055881500244141e+01
1.403784179687500000e+01
1.403692054748535156e+01
1.403877067565917969e+01
1.403807640075683594e+01
1.403774452209472656e+01
1.403885173797607422e+01
1.404116153717041016e+01
1.404696846008300781e+01
1.404020595550537109e+01
1.403935432434082031e+01
1.404133129119873047e+01
1.403957462310791016e+01
1.404189300537109375e+01
1.405233573913574219e+01
1.405286502838134766e+01
1.403846836090087891e+01
1.404998588562011719e+01
1.406946277618408203e+01
1.404788684844970703e+01
1.404982185363769531e+01
1.406357765197753906e+01
1.404089641571044922e+01
1.408034896850585938e+01
1.407849025726318359e+01
1.410312175750732422e+01
1.408500003814697266e+01
1.412459182739257812e+01
1.415810298919677734e+01
1.409216976165771484e+01
1.405100822448730469e+01
1.409595680236816406e+01
1.419608306884765625e+01
1.529401111602783203e+01
1.477447986602783203e+01
1.651032447814941406e+01
1.585704231262207031e+01
1.484529304504394531e+01
1.440673542022705078e+01
1.424773979187011719e+01
1.418168067932128906e+01
1.408754158020019531e+01
1.400956726074218750e+01
1.397071838378906250e+01
1.396202564239501953e+01
1.392031860351562500e+01
1.393653583526611328e+01
1.395799827575683594e+01
1.393822479248046875e+01
1.391209888458251953e+01
1.389299678802490234e+01
1.385268974304199219e+01
1.378694343566894531e+01
1.368408584594726562e+01
1.369244194030761719e+01
1.367741489410400391e+01
1.365257930755615234e+01
1.362933731079101562e+01
1.361305522918701172e+01
1.360225677490234375e+01
1.359146690368652344e+01
1.358331298828125000e+01
1.358141708374023438e+01
1.358177566528320312e+01
1.358282470703125000e+01
1.358564281463623047e+01
1.358176708221435547e+01
1.357960891723632812e+01
1.358260154724121094e+01
1.358212852478027344e+01
1.358031082153320312e+01
1.357842540740966797e+01
1.357463932037353516e+01
1.357196998596191406e+01
1.356773090362548828e+01
1.356609535217285156e+01
1.356519985198974609e+01
1.356351470947265625e+01
1.356121158599853516e+01
1.356158447265625000e+01
1.356018161773681641e+01
1.356007575988769531e+01
1.355802917480468750e+01
1.355729103088378906e+01
1.355619525909423828e+01
1.355465126037597656e+01
1.355343627929687500e+01
1.355209255218505859e+01
1.355083465576171875e+01
1.354953384399414062e+01
1.354824447631835938e+01
1.354738998413085938e+01
1.354610347747802734e+01
1.354444217681884766e+01
1.354388713836669922e+01
1.354275798797607422e+01
1.354061698913574219e+01
1.353954696655273438e+01
1.353785514831542969e+01
1.353573703765869141e+01
1.353446865081787109e+01
1.353197097778320312e+01
1.353012084960937500e+01
1.352829551696777344e+01
1.352635192871093750e+01
1.352519798278808594e+01
1.352471065521240234e+01
1.353063106536865234e+01
1.352353382110595703e+01
1.352144145965576172e+01
1.351776599884033203e+01
1.351758766174316406e+01
1.351445674896240234e+01
1.351386451721191406e+01
1.351712894439697266e+01
1.351185798645019531e+01
1.351334190368652344e+01
1.351228809356689453e+01
1.351042842864990234e+01
1.351198196411132812e+01
1.350833988189697266e+01
1.351884841918945312e+01
1.350850486755371094e+01
1.350748634338378906e+01
1.350468635559082031e+01
1.350879478454589844e+01
1.350541496276855469e+01
1.350637912750244141e+01
1.352158069610595703e+01
1.352218627929687500e+01
1.350217628479003906e+01
1.350412654876708984e+01
1.351996707916259766e+01
1.352173995971679688e+01
1.350165271759033203e+01
1.350327396392822266e+01
1.350345420837402344e+01
1.351235675811767578e+01
1.350204181671142578e+01
1.350465774536132812e+01
1.350037479400634766e+01
1.350383472442626953e+01
1.350088787078857422e+01
1.349962806701660156e+01
1.349767017364501953e+01
1.349568271636962891e+01
1.349280071258544922e+01
1.349511718750000000e+01
1.348042583465576172e+01
1.342097473144531250e+01
1.367609691619873047e+01
1.458495521545410156e+01
1.360356140136718750e+01
1.360562038421630859e+01
1.359204769134521484e+01
1.358933258056640625e+01
1.359401702880859375e+01
1.358784961700439453e+01
1.359112167358398438e+01
1.359627628326416016e+01
1.358839797973632812e+01
1.358448600769042969e+01
1.357216167449951172e+01
1.352450466156005859e+01
1.354144287109375000e+01
1.351074028015136719e+01
1.351027774810791016e+01
1.350184631347656250e+01
1.350013446807861328e+01
1.349527168273925781e+01
1.349725532531738281e+01
1.349350452423095703e+01
1.350095558166503906e+01
1.349336910247802734e+01
1.349299621582031250e+01
1.349098968505859375e+01
1.349330329895019531e+01
1.349190616607666016e+01
1.348995494842529297e+01
1.349085044860839844e+01
1.348984050750732422e+01
1.349051856994628906e+01
1.348888301849365234e+01
1.348886203765869141e+01
1.348688888549804688e+01
1.348891353607177734e+01
1.348624324798583984e+01
1.348657131195068359e+01
1.348617458343505859e+01
1.348644447326660156e+01
1.348547458648681641e+01
1.348659896850585938e+01
1.348551082611083984e+01
1.348551273345947266e+01
1.348613548278808594e+01
1.348532676696777344e+01
1.348503971099853516e+01
1.348502159118652344e+01
1.348451519012451172e+01
1.348408794403076172e+01
1.348384857177734375e+01
1.348359394073486328e+01
1.348367595672607422e+01
1.348331928253173828e+01
1.348323249816894531e+01
1.348378086090087891e+01
1.348311901092529297e+01
1.348277664184570312e+01
1.348400211334228516e+01
1.348240089416503906e+01
1.348279953002929688e+01
1.348200035095214844e+01
1.348228836059570312e+01
1.348153400421142578e+01
1.348030281066894531e+01
1.347970581054687500e+01
1.348045539855957031e+01
1.347934722900390625e+01
1.347883129119873047e+01
1.347879219055175781e+01
1.347892665863037109e+01
1.347802829742431641e+01
1.347808265686035156e+01
1.347720623016357422e+01
1.347644710540771484e+01
1.347580909729003906e+01
1.347552871704101562e+01
1.347461509704589844e+01
1.347403049468994141e+01
1.347412300109863281e+01
1.347348117828369141e+01
1.347283077239990234e+01
1.347237300872802734e+01
1.347182655334472656e+01
1.347171592712402344e+01
1.347132396697998047e+01
1.347087287902832031e+01
1.347015666961669922e+01
1.346936893463134766e+01
1.346847057342529297e+01
1.346772003173828125e+01
1.346778869628906250e+01
1.346606636047363281e+01
1.346502780914306641e+01
1.346431827545166016e+01
1.346495342254638672e+01
1.346465301513671875e+01
1.346376037597656250e+01
1.346302509307861328e+01
1.346178531646728516e+01
1.346154975891113281e+01
1.346089935302734375e+01
1.346070861816406250e+01
1.346018409729003906e+01
1.345950126647949219e+01
1.345859813690185547e+01
1.345794677734375000e+01
1.345726680755615234e+01
1.345638656616210938e+01
1.345670890808105469e+01
1.345474910736083984e+01
1.345491600036621094e+01
1.345319080352783203e+01
1.345289993286132812e+01
1.345307445526123047e+01
1.345254421234130859e+01
1.345171165466308594e+01
1.345087718963623047e+01
1.345022296905517578e+01
1.344961452484130859e+01
1.344961643218994141e+01
1.344815063476562500e+01
1.344727325439453125e+01
1.344682121276855469e+01
1.344623279571533203e+01
1.344608211517333984e+01
1.344590187072753906e+01
1.344526958465576172e+01
1.344466209411621094e+01
1.344373321533203125e+01
1.344335556030273438e+01
1.344357204437255859e+01
1.344183635711669922e+01
1.344117546081542969e+01
1.344113445281982422e+01
1.344109916687011719e+01
1.344045829772949219e+01
1.343870449066162109e+01
1.343837451934814453e+01
1.343753910064697266e+01
1.343708610534667969e+01
1.343802452087402344e+01
1.343695735931396484e+01
1.343582439422607422e+01
1.343488216400146484e+01
1.343417263031005859e+01
1.343520545959472656e+01
1.343361854553222656e+01
1.343590641021728516e+01
1.343303680419921875e+01
1.343187236785888672e+01
1.343330478668212891e+01
1.343785476684570312e+01
1.343026065826416016e+01
1.342916679382324219e+01
1.342995071411132812e+01
1.342866039276123047e+01
1.342787742614746094e+01
1.342889881134033203e+01
1.342938041687011719e+01
1.342677497863769531e+01
1.342647838592529297e+01
