2.488948583602905273e+00
2.422073602676391602e+00
2.364697456359863281e+00
2.316287517547607422e+00
2.275588750839233398e+00
2.242335081100463867e+00
2.216061115264892578e+00
2.196841716766357422e+00
2.171275138854980469e+00
2.151968002319335938e+00
2.127197742462158203e+00
2.094933032989501953e+00
2.056398391723632812e+00
2.016578912734985352e+00
1.976799726486206055e+00
1.950258135795593262e+00
1.926575183868408203e+00
1.913637399673461914e+00
1.910365462303161621e+00
1.904485583305358887e+00
1.899941682815551758e+00
1.896254420280456543e+00
1.903171777725219727e+00
1.908520460128784180e+00
1.903362512588500977e+00
1.904091954231262207e+00
1.904734134674072266e+00
1.902984857559204102e+00
1.898836493492126465e+00
1.893437623977661133e+00
1.889425873756408691e+00
1.887482643127441406e+00
1.888617396354675293e+00
1.885605335235595703e+00
1.887521028518676758e+00
1.887881278991699219e+00
1.887706398963928223e+00
1.887419342994689941e+00
1.888111233711242676e+00
1.890723586082458496e+00
1.888417482376098633e+00
1.888368606567382812e+00
1.888875722885131836e+00
1.907619476318359375e+00
1.909166574478149414e+00
1.903362274169921875e+00
1.903463482856750488e+00
1.902745842933654785e+00
1.902783513069152832e+00
1.902972579002380371e+00
1.903148531913757324e+00
1.903791546821594238e+00
1.903878331184387207e+00
1.904217600822448730e+00
1.904261469841003418e+00
1.904721617698669434e+00
1.905104875564575195e+00
1.904810667037963867e+00
1.904915452003479004e+00
1.904903054237365723e+00
1.904891610145568848e+00
1.905178546905517578e+00
1.905164003372192383e+00
1.905219674110412598e+00
1.905124545097351074e+00
1.905163407325744629e+00
1.905335783958435059e+00
1.905426979064941406e+00
1.905633211135864258e+00
1.905643343925476074e+00
1.905774712562561035e+00
1.905844688415527344e+00
1.899523258209228516e+00
1.897197008132934570e+00
1.895727157592773438e+00
1.888534903526306152e+00
1.888581752777099609e+00
1.889380693435668945e+00
1.890176296234130859e+00
1.890805602073669434e+00
1.891924738883972168e+00
1.892815351486206055e+00
1.893599510192871094e+00
1.894183039665222168e+00
1.894344449043273926e+00
1.894310593605041504e+00
1.894206523895263672e+00
1.893996715545654297e+00
1.893667697906494141e+00
1.893358111381530762e+00
1.892966270446777344e+00
1.892624616622924805e+00
1.892143249511718750e+00
1.891640305519104004e+00
1.890131354331970215e+00
1.889199733734130859e+00
1.888671636581420898e+00
1.888187289237976074e+00
1.887696385383605957e+00
1.887383222579956055e+00
1.887339353561401367e+00
1.887454867362976074e+00
1.887271046638488770e+00
1.886974692344665527e+00
1.886761546134948730e+00
1.886670708656311035e+00
1.886345624923706055e+00
1.886432886123657227e+00
1.885556936264038086e+00
1.885497570037841797e+00
1.888035655021667480e+00
1.884930253028869629e+00
1.884389877319335938e+00
1.884198307991027832e+00
1.906635761260986328e+00
1.891964435577392578e+00
1.899825453758239746e+00
1.897835373878479004e+00
1.897372126579284668e+00
1.896692276000976562e+00
1.897694349288940430e+00
1.898804187774658203e+00
1.899332165718078613e+00
1.898840665817260742e+00
1.897442936897277832e+00
1.895324587821960449e+00
1.892584085464477539e+00
1.889537811279296875e+00
1.878240704536437988e+00
1.860023140907287598e+00
1.843479752540588379e+00
1.839216828346252441e+00
1.838233709335327148e+00
1.834362864494323730e+00
1.831833720207214355e+00
1.833328723907470703e+00
1.835553526878356934e+00
1.834634542465209961e+00
1.830599427223205566e+00
1.825631260871887207e+00
1.821465849876403809e+00
1.818845152854919434e+00
1.817089557647705078e+00
1.815700650215148926e+00
1.814602136611938477e+00
1.799034833908081055e+00
1.768842458724975586e+00
1.751002073287963867e+00
1.747679233551025391e+00
1.746827483177185059e+00
1.741315484046936035e+00
1.738229036331176758e+00
1.738236069679260254e+00
1.732514142990112305e+00
1.708579421043395996e+00
1.705300092697143555e+00
1.700449705123901367e+00
1.695317268371582031e+00
1.690688610076904297e+00
1.686944603919982910e+00
1.684696793556213379e+00
1.679077148437500000e+00
1.674474716186523438e+00
1.671471238136291504e+00
1.667897105216979980e+00
1.664086937904357910e+00
1.661534428596496582e+00
1.658311724662780762e+00
1.655292630195617676e+00
1.652703046798706055e+00
1.657238245010375977e+00
1.652038097381591797e+00
1.646881461143493652e+00
1.648070573806762695e+00
1.643398046493530273e+00
1.642837285995483398e+00
1.642280220985412598e+00
1.639450907707214355e+00
1.649153828620910645e+00
1.644687533378601074e+00
1.645447969436645508e+00
1.636789441108703613e+00
1.639099597930908203e+00
1.637252449989318848e+00
1.632013797760009766e+00
1.635018706321716309e+00
1.633185863494873047e+00
1.630170702934265137e+00
1.630475282669067383e+00
1.630290269851684570e+00
1.630207777023315430e+00
1.630114555358886719e+00
1.629866480827331543e+00
1.628873467445373535e+00
1.627763271331787109e+00
1.625827550888061523e+00
1.625467419624328613e+00
1.626296639442443848e+00
1.623703241348266602e+00
1.624155759811401367e+00
1.628396868705749512e+00
1.626453518867492676e+00
1.631938934326171875e+00
1.625831484794616699e+00
1.626058220863342285e+00
1.621703863143920898e+00
1.622292995452880859e+00
1.621120929718017578e+00
1.619447946548461914e+00
1.619914412498474121e+00
1.619755625724792480e+00
1.619163155555725098e+00
1.619614005088806152e+00
1.619560718536376953e+00
1.618726611137390137e+00
1.618162751197814941e+00
1.617191195487976074e+00
1.615882277488708496e+00
1.615221738815307617e+00
1.614258289337158203e+00
1.613658428192138672e+00
1.613466501235961914e+00
1.613983631134033203e+00
1.627401947975158691e+00
1.619485378265380859e+00
1.617891430854797363e+00
1.613160014152526855e+00
1.615160703659057617e+00
1.612758994102478027e+00
1.612341523170471191e+00
1.612145304679870605e+00
1.612084269523620605e+00
1.612461090087890625e+00
1.613153338432312012e+00
1.613813042640686035e+00
1.614237427711486816e+00
1.614063024520874023e+00
1.612546086311340332e+00
1.611273646354675293e+00
1.610155820846557617e+00
1.609216570854187012e+00
1.608377933502197266e+00
1.607657790184020996e+00
1.607211828231811523e+00
1.607231378555297852e+00
1.608559131622314453e+00
1.608554959297180176e+00
1.607750058174133301e+00
1.607724189758300781e+00
1.608011364936828613e+00
1.608541369438171387e+00
1.608188390731811523e+00
1.607814669609069824e+00
1.606653213500976562e+00
1.606565713882446289e+00
1.605804085731506348e+00
1.604919672012329102e+00
1.604654908180236816e+00
1.604694604873657227e+00
1.604445457458496094e+00
1.604196429252624512e+00
1.604096412658691406e+00
1.604151606559753418e+00
1.604073047637939453e+00
1.603692173957824707e+00
1.603400707244873047e+00
1.603433132171630859e+00
1.602773189544677734e+00
1.602629423141479492e+00
1.602295994758605957e+00
1.602090954780578613e+00
1.602223992347717285e+00
1.602170467376708984e+00
1.601711034774780273e+00
1.601739764213562012e+00
1.601906538009643555e+00
1.601621508598327637e+00
1.601930618286132812e+00
1.601990938186645508e+00
1.601387262344360352e+00
1.600779056549072266e+00
1.601000547409057617e+00
1.600602030754089355e+00
1.602949142456054688e+00
1.601304650306701660e+00
1.602120280265808105e+00
1.601398706436157227e+00
1.602569580078125000e+00
1.602194905281066895e+00
1.602110385894775391e+00
1.604058861732482910e+00
1.601979136466979980e+00
1.600824117660522461e+00
1.601105451583862305e+00
1.600789070129394531e+00
1.600441098213195801e+00
1.601119875907897949e+00
1.600904583930969238e+00
1.600158333778381348e+00
1.599616527557373047e+00
1.599461674690246582e+00
1.599545001983642578e+00
1.599905610084533691e+00
1.599660873413085938e+00
1.622661352157592773e+00
1.621571779251098633e+00
1.605982422828674316e+00
1.620697975158691406e+00
1.606993079185485840e+00
1.613027572631835938e+00
1.614067077636718750e+00
1.607074022293090820e+00
1.605653405189514160e+00
1.613119006156921387e+00
1.608446359634399414e+00
1.614617943763732910e+00
1.617339253425598145e+00
1.612522482872009277e+00
1.609307408332824707e+00
1.606493353843688965e+00
1.608406901359558105e+00
1.604655504226684570e+00
1.605803132057189941e+00
1.605758786201477051e+00
1.605130672454833984e+00
1.604999780654907227e+00
1.603457093238830566e+00
1.602700710296630859e+00
1.600994706153869629e+00
1.602163434028625488e+00
1.600507736206054688e+00
1.600725412368774414e+00
1.600193023681640625e+00
1.600401282310485840e+00
1.599228739738464355e+00
1.599350452423095703e+00
1.599068284034729004e+00
1.599038600921630859e+00
1.598335146903991699e+00
1.598236918449401855e+00
1.598397612571716309e+00
1.598003983497619629e+00
1.597338914871215820e+00
1.596370697021484375e+00
1.596331119537353516e+00
1.596037149429321289e+00
1.595966339111328125e+00
1.595821619033813477e+00
1.595977067947387695e+00
1.596395611763000488e+00
1.596589803695678711e+00
1.596212983131408691e+00
1.595627784729003906e+00
1.595459103584289551e+00
1.595347762107849121e+00
1.595107078552246094e+00
1.595103383064270020e+00
1.595302224159240723e+00
1.595851302146911621e+00
1.596103429794311523e+00
1.596150994300842285e+00
1.595742940902709961e+00
1.595285534858703613e+00
1.594844102859497070e+00
1.594616770744323730e+00
1.594437003135681152e+00
1.594601035118103027e+00
1.594881772994995117e+00
1.595181584358215332e+00
1.595504045486450195e+00
1.595615983009338379e+00
1.595330476760864258e+00
1.594812989234924316e+00
1.594334483146667480e+00
1.594170808792114258e+00
1.593893170356750488e+00
1.593667149543762207e+00
1.593942642211914062e+00
1.594316959381103516e+00
1.594709753990173340e+00
1.594889283180236816e+00
1.594958305358886719e+00
1.594666600227355957e+00
1.594179749488830566e+00
1.593667864799499512e+00
1.593488335609436035e+00
1.593216776847839355e+00
1.592975974082946777e+00
1.594158053398132324e+00
1.605884075164794922e+00
1.613077878952026367e+00
1.606133580207824707e+00
1.601135492324829102e+00
1.599357247352600098e+00
1.604975461959838867e+00
1.602011322975158691e+00
1.611117482185363770e+00
1.613008737564086914e+00
1.606507897377014160e+00
1.602129220962524414e+00
1.599490761756896973e+00
1.609945297241210938e+00
1.600965619087219238e+00
1.604307770729064941e+00
1.608702063560485840e+00
1.607247471809387207e+00
1.604416728019714355e+00
1.602301001548767090e+00
1.600696802139282227e+00
1.605278730392456055e+00
1.600668430328369141e+00
1.603689432144165039e+00
1.606465339660644531e+00
1.607160568237304688e+00
1.605385422706604004e+00
1.603138685226440430e+00
1.601226687431335449e+00
1.599872231483459473e+00
1.597670674324035645e+00
1.597155928611755371e+00
1.595718264579772949e+00
1.597179412841796875e+00
1.596209526062011719e+00
1.597235202789306641e+00
1.597296595573425293e+00
1.598101139068603516e+00
1.597381234169006348e+00
1.597187519073486328e+00
1.596497297286987305e+00
1.595930099487304688e+00
1.595747113227844238e+00
1.594977021217346191e+00
1.595082163810729980e+00
1.594467282295227051e+00
1.594330668449401855e+00
1.594013929367065430e+00
1.594237089157104492e+00
1.593822956085205078e+00
1.593818664550781250e+00
1.593529105186462402e+00
1.593448042869567871e+00
1.593376159667968750e+00
1.593259811401367188e+00
1.593307733535766602e+00
1.593489646911621094e+00
1.593667030334472656e+00
1.593583583831787109e+00
1.593822240829467773e+00
1.593798041343688965e+00
1.593786478042602539e+00
1.593721508979797363e+00
1.593483090400695801e+00
1.593306660652160645e+00
1.593138813972473145e+00
1.593008041381835938e+00
1.592922687530517578e+00
1.592882037162780762e+00
1.593138813972473145e+00
1.593127250671386719e+00
1.593714952468872070e+00
1.593284487724304199e+00
1.593833208084106445e+00
1.593768119812011719e+00
1.593765854835510254e+00
1.593782782554626465e+00
1.593389391899108887e+00
1.593277215957641602e+00
1.593179106712341309e+00
1.592954397201538086e+00
1.593016028404235840e+00
1.593066811561584473e+00
1.592923998832702637e+00
1.592976808547973633e+00
1.593112707138061523e+00
1.593273758888244629e+00
1.593219161033630371e+00
1.593352317810058594e+00
1.593590259552001953e+00
1.593490242958068848e+00
1.593360781669616699e+00
1.593457102775573730e+00
1.593270421028137207e+00
1.592861890792846680e+00
1.593042373657226562e+00
1.592911362648010254e+00
1.592626690864562988e+00
1.592955589294433594e+00
1.593758225440979004e+00
1.593272686004638672e+00
1.594427347183227539e+00
1.593200445175170898e+00
1.593566894531250000e+00
1.593849301338195801e+00
1.593340992927551270e+00
1.593418240547180176e+00
1.593293905258178711e+00
1.593032240867614746e+00
1.592931270599365234e+00
1.592692613601684570e+00
1.592729806900024414e+00
1.592743277549743652e+00
1.592460751533508301e+00
1.592732310295104980e+00
1.594211578369140625e+00
1.592908740043640137e+00
1.594977021217346191e+00
1.593632698059082031e+00
1.593629837036132812e+00
1.594367980957031250e+00
1.593293547630310059e+00
1.593551278114318848e+00
1.593351602554321289e+00
1.592978477478027344e+00
1.593042850494384766e+00
1.592529296875000000e+00
1.592682003974914551e+00
1.592471837997436523e+00
1.592371582984924316e+00
1.592544317245483398e+00
1.592994570732116699e+00
1.592723488807678223e+00
1.593640327453613281e+00
1.593076467514038086e+00
1.593049764633178711e+00
1.593638181686401367e+00
1.592993259429931641e+00
1.593260526657104492e+00
1.592969179153442383e+00
1.592731833457946777e+00
1.592670083045959473e+00
1.592343568801879883e+00
1.592311024665832520e+00
1.592242479324340820e+00
1.592141389846801758e+00
1.592247605323791504e+00
1.592254996299743652e+00
1.592760324478149414e+00
1.592348098754882812e+00
1.592808723449707031e+00
1.592856884002685547e+00
1.592738389968872070e+00
1.593179702758789062e+00
1.592924714088439941e+00
1.592757821083068848e+00
1.592819452285766602e+00
1.592491507530212402e+00
1.592235565185546875e+00
1.592216730117797852e+00
1.592050671577453613e+00
1.591938734054565430e+00
1.592020511627197266e+00
1.592055916786193848e+00
1.592054605484008789e+00
1.592200994491577148e+00
1.589561462402343750e+00
1.588997483253479004e+00
1.588782429695129395e+00
1.589210510253906250e+00
1.590101599693298340e+00
1.589813947677612305e+00
1.590141296386718750e+00
1.590865731239318848e+00
1.590597391128540039e+00
1.590835094451904297e+00
1.590602874755859375e+00
1.590421319007873535e+00
1.590265393257141113e+00
1.589923024177551270e+00
1.589788794517517090e+00
1.589690327644348145e+00
1.589555144309997559e+00
1.589564323425292969e+00
1.590351104736328125e+00
1.589568972587585449e+00
1.590285181999206543e+00
1.590615391731262207e+00
1.590042948722839355e+00
1.590836167335510254e+00
1.590813517570495605e+00
1.589969277381896973e+00
1.590064167976379395e+00
1.590163946151733398e+00
1.589273929595947266e+00
1.588801383972167969e+00
1.588847756385803223e+00
1.588896989822387695e+00
1.588826537132263184e+00
1.588631510734558105e+00
1.588537216186523438e+00
1.588561177253723145e+00
1.588640451431274414e+00
1.588706851005554199e+00
1.588646292686462402e+00
1.588702201843261719e+00
1.588785052299499512e+00
1.588910222053527832e+00
1.589042663574218750e+00
1.589103817939758301e+00
1.589121103286743164e+00
1.589032411575317383e+00
1.588880658149719238e+00
1.588686823844909668e+00
1.588491082191467285e+00
1.588345885276794434e+00
1.588261842727661133e+00
1.588257670402526855e+00
1.588320016860961914e+00
1.588478207588195801e+00
1.588840603828430176e+00
1.589443922042846680e+00
1.591284990310668945e+00
1.591277360916137695e+00
1.592971324920654297e+00
1.592279911041259766e+00
1.589062452316284180e+00
1.611053109169006348e+00
1.600355029106140137e+00
1.622250795364379883e+00
1.608524322509765625e+00
1.598294496536254883e+00
1.593398094177246094e+00
1.592645525932312012e+00
1.591043829917907715e+00
1.589413166046142578e+00
1.590876340866088867e+00
1.645134806632995605e+00
1.719302535057067871e+00
1.759600043296813965e+00
1.790742874145507812e+00
1.822473526000976562e+00
1.806599855422973633e+00
1.825534343719482422e+00
1.816041588783264160e+00
1.803897619247436523e+00
1.810983180999755859e+00
1.795476198196411133e+00
1.786047577857971191e+00
1.776118516921997070e+00
1.762389779090881348e+00
1.765800952911376953e+00
1.725676774978637695e+00
1.723898649215698242e+00
1.732140183448791504e+00
1.729523658752441406e+00
1.729781746864318848e+00
1.726451516151428223e+00
1.682016491889953613e+00
1.680838227272033691e+00
1.679525852203369141e+00
1.677041888236999512e+00
1.676425457000732422e+00
1.641660332679748535e+00
1.606899261474609375e+00
1.615889430046081543e+00
1.613803625106811523e+00
1.614453554153442383e+00
1.617750763893127441e+00
1.619608998298645020e+00
1.614431858062744141e+00
1.610674977302551270e+00
1.608817696571350098e+00
1.607105612754821777e+00
1.605457067489624023e+00
1.604108095169067383e+00
1.602578282356262207e+00
1.601376891136169434e+00
1.600106000900268555e+00
1.598916292190551758e+00
1.597252726554870605e+00
1.596098542213439941e+00
1.594986557960510254e+00
1.593957781791687012e+00
1.593069076538085938e+00
1.592463493347167969e+00
1.592081189155578613e+00
1.591788172721862793e+00
1.591601133346557617e+00
1.591427087783813477e+00
1.591356396675109863e+00
1.591391205787658691e+00
1.591468691825866699e+00
1.591593980789184570e+00
1.591755151748657227e+00
1.591876506805419922e+00
1.591964840888977051e+00
1.592040538787841797e+00
1.592105388641357422e+00
1.592167019844055176e+00
1.592224955558776855e+00
1.592261433601379395e+00
1.592284679412841797e+00
1.592316389083862305e+00
1.592366933822631836e+00
1.592431426048278809e+00
1.592496395111083984e+00
1.592548966407775879e+00
1.592585921287536621e+00
1.592615485191345215e+00
1.592647671699523926e+00
1.592682242393493652e+00
1.592710494995117188e+00
1.592725038528442383e+00
1.592723011970520020e+00
1.592709660530090332e+00
1.592692375183105469e+00
1.592675924301147461e+00
1.592660307884216309e+00
1.592644214630126953e+00
1.592628598213195801e+00
1.592616677284240723e+00
1.592611432075500488e+00
1.592613458633422852e+00
1.592751979827880859e+00
1.592695713043212891e+00
1.592795848846435547e+00
1.592717289924621582e+00
1.592789769172668457e+00
1.593065023422241211e+00
1.593311429023742676e+00
1.593597292900085449e+00
1.593717932701110840e+00
1.593722224235534668e+00
1.594303131103515625e+00
1.593894481658935547e+00
1.594659924507141113e+00
1.595016717910766602e+00
1.595328211784362793e+00
1.596209406852722168e+00
1.596735835075378418e+00
1.597561955451965332e+00
1.598043441772460938e+00
1.598718404769897461e+00
1.598841071128845215e+00
1.599102377891540527e+00
1.599124312400817871e+00
1.599302649497985840e+00
1.599222421646118164e+00
1.599300980567932129e+00
1.599289655685424805e+00
1.599401831626892090e+00
1.599441051483154297e+00
1.599563360214233398e+00
1.599666237831115723e+00
1.599791407585144043e+00
1.599870800971984863e+00
1.599941253662109375e+00
1.599983453750610352e+00
1.600019454956054688e+00
1.599994897842407227e+00
1.599970579147338867e+00
1.599964380264282227e+00
1.600043535232543945e+00
1.600275754928588867e+00
1.600617170333862305e+00
1.600868105888366699e+00
1.600949764251708984e+00
1.600920796394348145e+00
1.600666761398315430e+00
1.600436687469482422e+00
1.600156426429748535e+00
1.599911332130432129e+00
1.599667191505432129e+00
1.599519848823547363e+00
1.599434494972229004e+00
1.599442958831787109e+00
1.599475264549255371e+00
1.599554657936096191e+00
1.599640607833862305e+00
1.599743366241455078e+00
1.599826931953430176e+00
1.599894165992736816e+00
1.599928498268127441e+00
1.599945187568664551e+00
1.599897384643554688e+00
1.599900841712951660e+00
1.599948048591613770e+00
1.600060701370239258e+00
1.600286960601806641e+00
1.601378321647644043e+00
1.603034496307373047e+00
1.601781249046325684e+00
1.602685093879699707e+00
1.601865530014038086e+00
1.601744174957275391e+00
1.600822925567626953e+00
1.602156519889831543e+00
1.602658748626708984e+00
1.601581573486328125e+00
1.600746035575866699e+00
1.602859973907470703e+00
1.600492358207702637e+00
1.602097868919372559e+00
1.600986242294311523e+00
1.600749969482421875e+00
1.601064682006835938e+00
1.600926041603088379e+00
1.600761890411376953e+00
1.600753188133239746e+00
1.600772023200988770e+00
1.600656032562255859e+00
1.600454926490783691e+00
1.600281000137329102e+00
1.600143074989318848e+00
1.599995255470275879e+00
1.599893093109130859e+00
1.599921941757202148e+00
1.599970817565917969e+00
1.599979281425476074e+00
1.600038051605224609e+00
1.600127458572387695e+00
1.600191473960876465e+00
1.600233435630798340e+00
1.600256443023681641e+00
1.600256085395812988e+00
1.600244641304016113e+00
1.600232958793640137e+00
1.600212931632995605e+00
1.600181460380554199e+00
1.600152373313903809e+00
1.600138187408447266e+00
1.600134611129760742e+00
1.600135922431945801e+00
1.600144863128662109e+00
1.600162386894226074e+00
1.600187301635742188e+00
1.600217103958129883e+00
1.600242972373962402e+00
1.600260853767395020e+00
1.600281596183776855e+00
1.600706934928894043e+00
1.601478695869445801e+00
1.601927161216735840e+00
1.601860523223876953e+00
1.601713776588439941e+00
1.601783156394958496e+00
1.603813409805297852e+00
1.602889895439147949e+00
1.601769328117370605e+00
1.601859211921691895e+00
1.601995825767517090e+00
1.601966500282287598e+00
1.601771354675292969e+00
1.601531744003295898e+00
1.601381301879882812e+00
1.601371765136718750e+00
1.601452112197875977e+00
1.601342320442199707e+00
1.601294279098510742e+00
1.601206183433532715e+00
1.601142644882202148e+00
1.601105093955993652e+00
1.601060390472412109e+00
1.601026892662048340e+00
1.601029157638549805e+00
1.601055741310119629e+00
1.601072669029235840e+00
1.601054906845092773e+00
1.601007103919982910e+00
1.600946426391601562e+00
1.600886940956115723e+00
1.600840926170349121e+00
1.600808382034301758e+00
1.600785732269287109e+00
1.600776910781860352e+00
1.600782632827758789e+00
1.600794911384582520e+00
1.600805521011352539e+00
1.600810050964355469e+00
1.600803971290588379e+00
1.600776553153991699e+00
1.600715517997741699e+00
1.600614428520202637e+00
1.600485682487487793e+00
1.600369215011596680e+00
1.600296258926391602e+00
1.600250601768493652e+00
1.600207448005676270e+00
1.600135564804077148e+00
1.600013136863708496e+00
1.599830865859985352e+00
1.599630236625671387e+00
1.599484682083129883e+00
1.599359154701232910e+00
1.599256396293640137e+00
1.599169015884399414e+00
1.599042296409606934e+00
1.598914265632629395e+00
1.598803520202636719e+00
1.598704814910888672e+00
1.598619341850280762e+00
1.598538517951965332e+00
1.598459601402282715e+00
1.598457574844360352e+00
1.598341345787048340e+00
1.598326563835144043e+00
1.598214387893676758e+00
1.598289370536804199e+00
1.598202824592590332e+00
1.598153233528137207e+00
1.598199367523193359e+00
1.598291516304016113e+00
1.599344968795776367e+00
1.600510001182556152e+00
1.601192355155944824e+00
1.601184606552124023e+00
1.600264072418212891e+00
1.599833488464355469e+00
1.600341320037841797e+00
1.603602409362792969e+00
1.600295305252075195e+00
1.599883317947387695e+00
1.600505828857421875e+00
1.600712180137634277e+00
1.600912570953369141e+00
1.600299000740051270e+00
1.599652290344238281e+00
1.599376678466796875e+00
1.599382877349853516e+00
1.599380016326904297e+00
1.599626541137695312e+00
1.599033713340759277e+00
1.598918914794921875e+00
1.598843216896057129e+00
1.598790764808654785e+00
1.598952531814575195e+00
1.598733186721801758e+00
1.598622560501098633e+00
1.598500967025756836e+00
1.598508119583129883e+00
1.598562002182006836e+00
1.598536133766174316e+00
1.598363041877746582e+00
1.598216891288757324e+00
1.598067879676818848e+00
1.597984671592712402e+00
1.597841262817382812e+00
1.597826361656188965e+00
1.597837090492248535e+00
1.597831130027770996e+00
1.597811341285705566e+00
1.597855091094970703e+00
1.597903609275817871e+00
1.597998976707458496e+00
1.597959876060485840e+00
1.597898840904235840e+00
1.597974896430969238e+00
1.597945451736450195e+00
1.597842216491699219e+00
1.597762465476989746e+00
1.597953438758850098e+00
1.598880887031555176e+00
1.622221946716308594e+00
1.622585058212280273e+00
1.644962191581726074e+00
1.633085131645202637e+00
1.610818624496459961e+00
1.608096122741699219e+00
1.611220955848693848e+00
1.606806755065917969e+00
1.600373983383178711e+00
1.602792620658874512e+00
1.604967474937438965e+00
1.603941917419433594e+00
1.606986880302429199e+00
1.612558126449584961e+00
1.612401366233825684e+00
1.608982920646667480e+00
1.611681222915649414e+00
1.609050512313842773e+00
1.606942892074584961e+00
1.608435392379760742e+00
1.607377409934997559e+00
1.606351017951965332e+00
1.606120467185974121e+00
1.606119751930236816e+00
1.605901718139648438e+00
1.605697274208068848e+00
1.605848431587219238e+00
1.606310248374938965e+00
1.606995344161987305e+00
1.607959270477294922e+00
1.609182357788085938e+00
1.610445380210876465e+00
1.611522555351257324e+00
1.612295866012573242e+00
1.612930536270141602e+00
1.613630771636962891e+00
1.614227771759033203e+00
1.614703297615051270e+00
1.615078449249267578e+00
1.615330815315246582e+00
1.615435481071472168e+00
1.615423798561096191e+00
1.615359663963317871e+00
1.615285396575927734e+00
1.615213751792907715e+00
1.615156769752502441e+00
1.615137457847595215e+00
1.615175724029541016e+00
1.615281701087951660e+00
