4.622100067138671875e+01
4.544285583496093750e+01
4.454602050781250000e+01
4.360079574584960938e+01
4.252449417114257812e+01
4.106948471069335938e+01
3.980186462402343750e+01
3.860775756835937500e+01
3.732305526733398438e+01
3.601219177246093750e+01
3.457828521728515625e+01
3.310766983032226562e+01
3.166392135620117188e+01
3.027388763427734375e+01
2.894760704040527344e+01
2.771919441223144531e+01
2.664932441711425781e+01
2.571733093261718750e+01
2.491659545898437500e+01
2.423610115051269531e+01
2.367763137817382812e+01
2.325045013427734375e+01
2.293259429931640625e+01
2.270558357238769531e+01
2.255542755126953125e+01
2.246930885314941406e+01
2.243596839904785156e+01
2.244763374328613281e+01
2.249436187744140625e+01
2.256910896301269531e+01
2.265234947204589844e+01
2.273567008972167969e+01
2.280877113342285156e+01
2.286787223815917969e+01
2.292696380615234375e+01
2.296425628662109375e+01
2.300960159301757812e+01
2.305234718322753906e+01
2.309053039550781250e+01
2.312146186828613281e+01
2.314194297790527344e+01
2.314922332763671875e+01
2.314259147644042969e+01
2.312440490722656250e+01
2.309906959533691406e+01
2.307107925415039062e+01
2.304383087158203125e+01
2.301937484741210938e+01
2.299838829040527344e+01
2.298060417175292969e+01
2.296516799926757812e+01
2.295101547241210938e+01
2.293744659423828125e+01
2.292451858520507812e+01
2.291302680969238281e+01
2.290423583984375000e+01
2.289998626708984375e+01
2.290427207946777344e+01
2.292927932739257812e+01
2.288889122009277344e+01
2.287021636962890625e+01
2.285461997985839844e+01
2.284119224548339844e+01
2.282884788513183594e+01
2.281600952148437500e+01
2.280068206787109375e+01
2.278041839599609375e+01
2.274841499328613281e+01
2.268110275268554688e+01
2.265533065795898438e+01
2.263487052917480469e+01
2.264176559448242188e+01
2.259415817260742188e+01
2.257629013061523438e+01
2.256565666198730469e+01
2.256269454956054688e+01
2.257521438598632812e+01
2.254724502563476562e+01
2.254762077331542969e+01
2.255586624145507812e+01
2.255815315246582031e+01
2.255459594726562500e+01
2.255230712890625000e+01
2.252793121337890625e+01
2.251360893249511719e+01
2.250670242309570312e+01
2.250577926635742188e+01
2.267595291137695312e+01
2.287058258056640625e+01
2.286883163452148438e+01
2.288160896301269531e+01
2.290195846557617188e+01
2.306436157226562500e+01
2.281364631652832031e+01
2.274489402770996094e+01
2.267625236511230469e+01
2.259674835205078125e+01
2.253520584106445312e+01
2.249492835998535156e+01
2.247123146057128906e+01
2.245892524719238281e+01
2.245859146118164062e+01
2.247127532958984375e+01
2.243165779113769531e+01
2.234346580505371094e+01
2.227346801757812500e+01
2.225581169128417969e+01
2.228154182434082031e+01
2.227189445495605469e+01
2.220018577575683594e+01
2.212399101257324219e+01
2.207700157165527344e+01
2.205595207214355469e+01
2.205479240417480469e+01
2.206446075439453125e+01
2.207311630249023438e+01
2.207206916809082031e+01
2.205562400817871094e+01
2.202769851684570312e+01
2.200016593933105469e+01
2.198147964477539062e+01
2.197348976135253906e+01
2.197234535217285156e+01
2.196907615661621094e+01
2.195753479003906250e+01
2.193793869018554688e+01
2.191732978820800781e+01
2.190208625793457031e+01
2.189036178588867188e+01
2.187580680847167969e+01
2.186043930053710938e+01
2.184923934936523438e+01
2.184151077270507812e+01
2.183309364318847656e+01
2.182081794738769531e+01
2.180514907836914062e+01
2.178762054443359375e+01
2.176938438415527344e+01
2.175226020812988281e+01
2.173615646362304688e+01
2.172136116027832031e+01
2.170981407165527344e+01
2.170349121093750000e+01
2.170174789428710938e+01
2.169166374206542969e+01
2.167629241943359375e+01
2.166647911071777344e+01
2.166209983825683594e+01
2.164645576477050781e+01
2.163737106323242188e+01
2.164304733276367188e+01
2.172430229187011719e+01
2.159882926940917969e+01
2.158849716186523438e+01
2.160073661804199219e+01
2.162371444702148438e+01
2.164229774475097656e+01
2.164560890197753906e+01
2.163628768920898438e+01
2.162511825561523438e+01
2.162055587768554688e+01
2.162473678588867188e+01
2.163402748107910156e+01
2.164201736450195312e+01
2.164400482177734375e+01
2.164014434814453125e+01
2.163421630859375000e+01
2.162821960449218750e+01
2.167624092102050781e+01
2.203359222412109375e+01
2.215923881530761719e+01
2.214627456665039062e+01
2.210848808288574219e+01
2.194997406005859375e+01
2.180010795593261719e+01
2.134861946105957031e+01
2.112786102294921875e+01
2.109815788269042969e+01
2.112896728515625000e+01
2.114913558959960938e+01
2.110919761657714844e+01
2.151678657531738281e+01
2.151727104187011719e+01
2.145424270629882812e+01
2.135423469543457031e+01
2.127541351318359375e+01
2.120000839233398438e+01
2.116110992431640625e+01
2.112727165222167969e+01
2.109609794616699219e+01
2.107502174377441406e+01
2.105499839782714844e+01
2.102667236328125000e+01
2.101215934753417969e+01
2.099987411499023438e+01
2.100749588012695312e+01
2.101388931274414062e+01
2.105103874206542969e+01
2.158584403991699219e+01
2.168388366699218750e+01
2.113022041320800781e+01
2.096877670288085938e+01
2.094209861755371094e+01
2.092772865295410156e+01
2.092460060119628906e+01
2.092644882202148438e+01
2.092512321472167969e+01
2.093216323852539062e+01
2.094117927551269531e+01
2.094983100891113281e+01
2.095749664306640625e+01
2.096189117431640625e+01
2.096203804016113281e+01
2.095995330810546875e+01
2.095497894287109375e+01
2.094613075256347656e+01
2.093809127807617188e+01
2.093140220642089844e+01
2.092570495605468750e+01
2.091868782043457031e+01
2.091137886047363281e+01
2.090555763244628906e+01
2.090116310119628906e+01
2.089777946472167969e+01
2.089436340332031250e+01
2.089127731323242188e+01
2.088939094543457031e+01
2.088868713378906250e+01
2.088525390625000000e+01
2.088311767578125000e+01
2.088221740722656250e+01
2.088176918029785156e+01
2.088030815124511719e+01
2.087885856628417969e+01
2.087830162048339844e+01
2.087892723083496094e+01
2.088084030151367188e+01
2.088397407531738281e+01
2.088773536682128906e+01
2.089113998413085938e+01
2.089428901672363281e+01
2.089705657958984375e+01
2.089910697937011719e+01
2.090085029602050781e+01
2.090171241760253906e+01
2.090155792236328125e+01
2.090159225463867188e+01
2.090064239501953125e+01
2.089683723449707031e+01
2.089161491394042969e+01
2.088912010192871094e+01
2.088854980468750000e+01
2.088651466369628906e+01
2.088467216491699219e+01
2.088508224487304688e+01
2.088445854187011719e+01
2.088044548034667969e+01
2.087692832946777344e+01
2.087444877624511719e+01
2.087081527709960938e+01
2.086669349670410156e+01
2.086404609680175781e+01
2.086205482482910156e+01
2.085902786254882812e+01
2.085667991638183594e+01
2.085688209533691406e+01
2.085755157470703125e+01
2.085664939880371094e+01
2.085713195800781250e+01
2.085810089111328125e+01
2.085672569274902344e+01
2.085541534423828125e+01
2.085463333129882812e+01
2.085320663452148438e+01
2.085064697265625000e+01
2.084938430786132812e+01
2.084897041320800781e+01
2.084362220764160156e+01
2.049350929260253906e+01
2.017248344421386719e+01
1.993194007873535156e+01
1.982483863830566406e+01
1.983805274963378906e+01
2.022654914855957031e+01
1.985216140747070312e+01
1.979025077819824219e+01
1.974852943420410156e+01
1.973749923706054688e+01
1.975248527526855469e+01
1.977621650695800781e+01
1.979309082031250000e+01
1.979097938537597656e+01
1.977383041381835938e+01
1.975281333923339844e+01
1.973408126831054688e+01
1.972192764282226562e+01
1.971765518188476562e+01
1.972018241882324219e+01
1.972599792480468750e+01
1.973244857788085938e+01
1.973923492431640625e+01
1.974624443054199219e+01
1.974972915649414062e+01
1.975066566467285156e+01
1.975022315979003906e+01
1.974567794799804688e+01
1.973994255065917969e+01
1.966575241088867188e+01
1.881806373596191406e+01
1.817880439758300781e+01
1.766147232055664062e+01
1.734425354003906250e+01
1.722108268737792969e+01
1.722559928894042969e+01
1.726473236083984375e+01
1.727780532836914062e+01
1.725652503967285156e+01
1.722264289855957031e+01
1.720224952697753906e+01
1.720817184448242188e+01
1.723546600341796875e+01
1.727043724060058594e+01
1.729785919189453125e+01
1.730921363830566406e+01
1.730285072326660156e+01
1.728423309326171875e+01
1.726025581359863281e+01
1.723607063293457031e+01
1.721661949157714844e+01
1.720223999023437500e+01
1.719348144531250000e+01
1.718851852416992188e+01
1.718598365783691406e+01
1.718515777587890625e+01
1.718516159057617188e+01
1.718612670898437500e+01
1.718731689453125000e+01
1.718882751464843750e+01
1.719000053405761719e+01
1.719077682495117188e+01
1.719030380249023438e+01
1.718866157531738281e+01
1.718594932556152344e+01
1.718171310424804688e+01
1.717752265930175781e+01
1.717326927185058594e+01
1.716972732543945312e+01
1.716670799255371094e+01
1.716405868530273438e+01
1.716204833984375000e+01
1.715979003906250000e+01
1.715813064575195312e+01
1.715667343139648438e+01
1.715554809570312500e+01
1.715456008911132812e+01
1.715343284606933594e+01
1.715219688415527344e+01
1.715042495727539062e+01
1.714863777160644531e+01
1.714656829833984375e+01
1.714475631713867188e+01
1.714282226562500000e+01
1.714095687866210938e+01
1.713915824890136719e+01
1.713721084594726562e+01
1.713541793823242188e+01
1.713335609436035156e+01
1.713164710998535156e+01
1.712999153137207031e+01
1.712852478027343750e+01
1.712716293334960938e+01
1.712606430053710938e+01
1.712497520446777344e+01
1.712349510192871094e+01
1.712224197387695312e+01
1.712084388732910156e+01
1.711973762512207031e+01
1.711832809448242188e+01
1.711706352233886719e+01
1.711584663391113281e+01
1.711454963684082031e+01
1.711335372924804688e+01
1.711186218261718750e+01
1.711065483093261719e+01
1.710940742492675781e+01
1.710819435119628906e+01
1.710708427429199219e+01
1.710602760314941406e+01
1.710504150390625000e+01
1.710402107238769531e+01
1.710307693481445312e+01
1.710207748413085938e+01
1.710116958618164062e+01
1.710029602050781250e+01
1.709951210021972656e+01
1.709874916076660156e+01
1.709800148010253906e+01
1.709728240966796875e+01
1.709650611877441406e+01
1.709581184387207031e+01
1.709514045715332031e+01
1.709450149536132812e+01
1.709388732910156250e+01
1.709332847595214844e+01
1.709282302856445312e+01
1.709226226806640625e+01
1.709172248840332031e+01
1.709108924865722656e+01
1.709043502807617188e+01
1.708987045288085938e+01
1.708926773071289062e+01
1.708877563476562500e+01
1.708825111389160156e+01
1.708779716491699219e+01
1.708729362487792969e+01
1.708683395385742188e+01
1.708628463745117188e+01
1.708584213256835938e+01
1.708539199829101562e+01
1.708508110046386719e+01
1.708471107482910156e+01
1.708443260192871094e+01
1.708402061462402344e+01
1.708379364013671875e+01
1.708339881896972656e+01
1.708324813842773438e+01
1.708297920227050781e+01
1.708294296264648438e+01
1.708285522460937500e+01
1.708263969421386719e+01
1.708256721496582031e+01
1.708214569091796875e+01
1.708187866210937500e+01
1.708138465881347656e+01
1.708100318908691406e+01
1.708060836791992188e+01
1.708041954040527344e+01
1.708020401000976562e+01
1.708016586303710938e+01
1.708003044128417969e+01
1.707986831665039062e+01
1.707985496520996094e+01
1.707973289489746094e+01
1.707968139648437500e+01
1.707953071594238281e+01
1.707922935485839844e+01
1.707895088195800781e+01
1.707868766784667969e+01
1.707842636108398438e+01
1.707819747924804688e+01
1.707798004150390625e+01
1.707777404785156250e+01
1.707762336730957031e+01
1.707746124267578125e+01
1.707735443115234375e+01
1.707716560363769531e+01
1.707700920104980469e+01
1.707658386230468750e+01
1.709061813354492188e+01
1.711153411865234375e+01
1.712558364868164062e+01
1.715222740173339844e+01
1.718507003784179688e+01
1.718191146850585938e+01
1.714350509643554688e+01
1.710927009582519531e+01
1.708987808227539062e+01
1.707175064086914062e+01
1.705630683898925781e+01
1.704832077026367188e+01
1.704613876342773438e+01
1.704643058776855469e+01
1.704741096496582031e+01
1.704884529113769531e+01
1.705294609069824219e+01
1.705793380737304688e+01
1.706028556823730469e+01
1.706074905395507812e+01
1.706169891357421875e+01
1.706293869018554688e+01
1.706237030029296875e+01
1.706155395507812500e+01
1.706184196472167969e+01
1.706147003173828125e+01
1.705991363525390625e+01
1.705869674682617188e+01
1.705832862854003906e+01
1.705770492553710938e+01
1.705693817138671875e+01
1.705643463134765625e+01
1.705588912963867188e+01
1.705551338195800781e+01
1.705561256408691406e+01
1.705645561218261719e+01
1.705758666992187500e+01
1.705866432189941406e+01
1.705981063842773438e+01
1.706087875366210938e+01
1.706159973144531250e+01
1.706209564208984375e+01
1.706261253356933594e+01
1.706301498413085938e+01
1.706320571899414062e+01
1.706353378295898438e+01
1.706390380859375000e+01
1.706390190124511719e+01
1.706392478942871094e+01
1.706419944763183594e+01
1.706447410583496094e+01
1.706465530395507812e+01
1.706489181518554688e+01
1.706515884399414062e+01
1.706531906127929688e+01
1.706545639038085938e+01
1.706568717956542969e+01
1.706583023071289062e+01
1.706570053100585938e+01
1.706556129455566406e+01
1.706556892395019531e+01
1.706560707092285156e+01
1.706564521789550781e+01
1.706574440002441406e+01
1.706584548950195312e+01
1.706589126586914062e+01
1.706587219238281250e+01
1.706579589843750000e+01
1.706570053100585938e+01
1.706556892395019531e+01
1.706542778015136719e+01
1.706529235839843750e+01
1.706511688232421875e+01
1.706489944458007812e+01
1.706468963623046875e+01
1.706448364257812500e+01
1.706425285339355469e+01
1.706402397155761719e+01
1.706381034851074219e+01
1.706356620788574219e+01
1.706326866149902344e+01
1.706300163269042969e+01
1.706276321411132812e+01
1.706250953674316406e+01
1.706226730346679688e+01
1.706194686889648438e+01
1.706156921386718750e+01
1.706124305725097656e+01
1.706098556518554688e+01
1.706072425842285156e+01
1.706045913696289062e+01
1.706019401550292969e+01
1.705990982055664062e+01
1.705958938598632812e+01
1.705924987792968750e+01
1.705889701843261719e+01
1.705849266052246094e+01
1.705811882019042969e+01
1.705780410766601562e+01
1.705748748779296875e+01
1.705715751647949219e+01
1.705682563781738281e+01
1.705647850036621094e+01
1.705606651306152344e+01
1.705566215515136719e+01
1.705528450012207031e+01
1.705490493774414062e+01
1.705454635620117188e+01
1.705420112609863281e+01
1.705383110046386719e+01
1.705344009399414062e+01
1.705306434631347656e+01
1.705272865295410156e+01
1.705239105224609375e+01
1.705193328857421875e+01
1.705145454406738281e+01
1.705105781555175781e+01
1.705070686340332031e+01
1.705038833618164062e+01
1.705009841918945312e+01
1.704969024658203125e+01
1.704916954040527344e+01
1.704870414733886719e+01
1.704832649230957031e+01
1.704800605773925781e+01
1.704774093627929688e+01
1.704738807678222656e+01
1.704694747924804688e+01
1.704658317565917969e+01
1.704638099670410156e+01
1.704627609252929688e+01
1.704614067077636719e+01
1.704597091674804688e+01
1.704577445983886719e+01
1.704551696777343750e+01
1.704517555236816406e+01
1.704471206665039062e+01
1.704414176940917969e+01
1.704353713989257812e+01
1.704295349121093750e+01
1.704235458374023438e+01
1.704168128967285156e+01
1.704103660583496094e+01
1.704052543640136719e+01
1.704134941101074219e+01
1.704361534118652344e+01
1.704536056518554688e+01
1.704694175720214844e+01
1.704882621765136719e+01
1.704910850524902344e+01
1.704685401916503906e+01
1.704504966735839844e+01
1.704262733459472656e+01
1.703925132751464844e+01
1.703565979003906250e+01
1.703258514404296875e+01
1.702980041503906250e+01
1.702825736999511719e+01
1.702816200256347656e+01
1.702788734436035156e+01
1.702727508544921875e+01
1.702746772766113281e+01
1.702809524536132812e+01
1.702779579162597656e+01
1.702753257751464844e+01
1.702731513977050781e+01
1.702665710449218750e+01
1.702589607238769531e+01
1.702531623840332031e+01
1.702462768554687500e+01
1.702377510070800781e+01
1.702310943603515625e+01
1.702261924743652344e+01
1.702215194702148438e+01
1.702186203002929688e+01
1.702169227600097656e+01
1.702144813537597656e+01
1.702124214172363281e+01
1.702111434936523438e+01
1.702082824707031250e+01
1.702039146423339844e+01
1.701997184753417969e+01
1.701956748962402344e+01
1.701911926269531250e+01
1.701873970031738281e+01
1.701846694946289062e+01
1.701833915710449219e+01
1.701826095581054688e+01
1.701806449890136719e+01
1.701781082153320312e+01
1.701763725280761719e+01
1.701748466491699219e+01
1.701721572875976562e+01
1.701677894592285156e+01
1.701613044738769531e+01
1.701525688171386719e+01
1.701415824890136719e+01
1.701297187805175781e+01
1.701184844970703125e+01
1.701072311401367188e+01
1.700967597961425781e+01
1.700884437561035156e+01
1.700810432434082031e+01
1.700743293762207031e+01
1.700668716430664062e+01
1.700574493408203125e+01
1.700476455688476562e+01
1.700381278991699219e+01
1.700282478332519531e+01
1.700177764892578125e+01
1.700064277648925781e+01
1.699948883056640625e+01
1.699849319458007812e+01
1.699760627746582031e+01
1.699692344665527344e+01
1.699682235717773438e+01
1.699803733825683594e+01
1.699796485900878906e+01
1.699689483642578125e+01
1.699500656127929688e+01
1.699317550659179688e+01
1.699464988708496094e+01
1.699987983703613281e+01
1.700328826904296875e+01
1.700629234313964844e+01
1.700937652587890625e+01
1.701260948181152344e+01
1.701049041748046875e+01
1.700908279418945312e+01
1.700779914855957031e+01
1.700660324096679688e+01
1.700580978393554688e+01
1.700546836853027344e+01
1.700562095642089844e+01
1.700623703002929688e+01
1.700720787048339844e+01
1.700859451293945312e+01
1.700982475280761719e+01
1.700999069213867188e+01
1.700984001159667969e+01
1.700971603393554688e+01
1.700930786132812500e+01
1.700863838195800781e+01
1.700816726684570312e+01
1.700780677795410156e+01
1.700756835937500000e+01
1.700723266601562500e+01
1.700673103332519531e+01
1.700622940063476562e+01
1.700545883178710938e+01
1.700436592102050781e+01
1.700324058532714844e+01
1.700205039978027344e+01
1.700070762634277344e+01
1.699954032897949219e+01
1.699809074401855469e+01
1.699620628356933594e+01
1.699435043334960938e+01
1.699199676513671875e+01
1.699068832397460938e+01
1.698728561401367188e+01
1.698468208312988281e+01
1.698535156250000000e+01
1.698638725280761719e+01
1.698750114440917969e+01
1.698892402648925781e+01
1.699004364013671875e+01
1.699059486389160156e+01
1.699186134338378906e+01
1.699035453796386719e+01
1.698875427246093750e+01
1.698808860778808594e+01
1.698547363281250000e+01
1.698278808593750000e+01
1.698149490356445312e+01
1.698040008544921875e+01
1.697980308532714844e+01
1.698064231872558594e+01
1.698207092285156250e+01
1.698386192321777344e+01
1.698630714416503906e+01
1.698831176757812500e+01
1.698942947387695312e+01
1.699007987976074219e+01
1.698964881896972656e+01
1.698808097839355469e+01
1.698645019531250000e+01
1.698474311828613281e+01
1.698298645019531250e+01
1.698195457458496094e+01
1.698163986206054688e+01
1.698181724548339844e+01
1.698231315612792969e+01
1.698282623291015625e+01
1.698323822021484375e+01
1.698351097106933594e+01
1.698336219787597656e+01
1.698290443420410156e+01
1.698233413696289062e+01
1.698168182373046875e+01
1.698121833801269531e+01
1.698098945617675781e+01
1.698083305358886719e+01
1.698078346252441406e+01
1.698076248168945312e+01
1.698065757751464844e+01
1.698053932189941406e+01
1.698039245605468750e+01
1.698018074035644531e+01
1.697998619079589844e+01
1.697983169555664062e+01
1.697972297668457031e+01
1.697965049743652344e+01
1.697957801818847656e+01
1.697952079772949219e+01
1.697940063476562500e+01
1.697922706604003906e+01
1.697906494140625000e+01
1.697888374328613281e+01
1.697869110107421875e+01
1.697851753234863281e+01
1.697837257385253906e+01
1.697827911376953125e+01
1.697819137573242188e+01
1.697809028625488281e+01
1.697800445556640625e+01
1.697791099548339844e+01
1.697778320312500000e+01
1.697763633728027344e+01
1.697749137878417969e+01
1.697735595703125000e+01
1.697720527648925781e+01
1.697705459594726562e+01
1.697693252563476562e+01
1.697683525085449219e+01
1.697673797607421875e+01
1.697664642333984375e+01
1.697657394409179688e+01
1.697663688659667969e+01
1.697684669494628906e+01
1.697709846496582031e+01
1.697728538513183594e+01
1.697730445861816406e+01
1.697709655761718750e+01
1.697666549682617188e+01
1.697610664367675781e+01
1.697546577453613281e+01
1.697484588623046875e+01
1.697423362731933594e+01
1.697366714477539062e+01
1.697319412231445312e+01
1.697278976440429688e+01
1.697241401672363281e+01
1.697204971313476562e+01
1.697169876098632812e+01
1.697135353088378906e+01
1.697097969055175781e+01
1.697060012817382812e+01
1.697024154663085938e+01
1.696988296508789062e+01
1.696957015991210938e+01
1.696923637390136719e+01
1.696891212463378906e+01
1.696862030029296875e+01
1.696835517883300781e+01
1.696809387207031250e+01
1.696782684326171875e+01
1.696759796142578125e+01
1.696737289428710938e+01
1.696718025207519531e+01
1.696695327758789062e+01
1.696672630310058594e+01
1.696652030944824219e+01
1.696632003784179688e+01
1.696618652343750000e+01
1.696599578857421875e+01
1.696582221984863281e+01
1.696564865112304688e+01
1.696547508239746094e+01
1.696532630920410156e+01
1.696511840820312500e+01
1.696493911743164062e+01
1.696475982666015625e+01
1.696463203430175781e+01
1.696450424194335938e+01
1.696439743041992188e+01
1.696426010131835938e+01
1.696411132812500000e+01
1.696397781372070312e+01
1.696385383605957031e+01
1.696373176574707031e+01
1.696360206604003906e+01
1.696344566345214844e+01
1.696329116821289062e+01
1.696315193176269531e+01
1.696303558349609375e+01
1.696290588378906250e+01
1.696278953552246094e+01
1.696264076232910156e+01
1.696251869201660156e+01
1.696238899230957031e+01
1.696229362487792969e+01
1.696215629577636719e+01
1.696203994750976562e+01
1.696187782287597656e+01
1.696174812316894531e+01
1.696160507202148438e+01
1.696150970458984375e+01
1.696136283874511719e+01
1.696127510070800781e+01
1.696110725402832031e+01
1.696103286743164062e+01
1.696087455749511719e+01
1.696085548400878906e+01
1.696070861816406250e+01
1.696058654785156250e+01
1.696044349670410156e+01
1.696024703979492188e+01
1.696009635925292969e+01
1.695998573303222656e+01
1.695990753173828125e+01
1.695994567871093750e+01
1.695981025695800781e+01
1.695986557006835938e+01
1.695964622497558594e+01
1.695959281921386719e+01
1.695936393737792969e+01
1.695927619934082031e+01
1.695918846130371094e+01
1.695909881591796875e+01
1.695903968811035156e+01
1.695896339416503906e+01
1.695886611938476562e+01
1.695871353149414062e+01
1.695859527587890625e+01
1.695847702026367188e+01
1.695832633972167969e+01
1.695834159851074219e+01
1.695818901062011719e+01
1.695820617675781250e+01
1.695799255371093750e+01
1.695805740356445312e+01
1.695787239074707031e+01
1.695785713195800781e+01
1.695768928527832031e+01
1.695769500732421875e+01
1.695761680603027344e+01
1.695762252807617188e+01
1.695773506164550781e+01
1.695788383483886719e+01
1.695809555053710938e+01
1.695813369750976562e+01
1.695803451538085938e+01
1.695772361755371094e+01
1.695721435546875000e+01
1.695669937133789062e+01
1.695601844787597656e+01
1.695569992065429688e+01
1.695497894287109375e+01
1.695468902587890625e+01
1.695395851135253906e+01
1.695388793945312500e+01
1.695334243774414062e+01
1.695325660705566406e+01
1.695305252075195312e+01
1.695258140563964844e+01
1.695224761962890625e+01
1.695148468017578125e+01
1.695108985900878906e+01
1.695032501220703125e+01
1.694994544982910156e+01
1.694934654235839844e+01
1.694926452636718750e+01
1.694873046875000000e+01
1.694855499267578125e+01
1.694795799255371094e+01
1.694774055480957031e+01
1.694723701477050781e+01
1.694714355468750000e+01
1.694673919677734375e+01
1.694638252258300781e+01
1.694622802734375000e+01
1.694583702087402344e+01
1.694562911987304688e+01
1.694494438171386719e+01
1.694485092163085938e+01
1.694431304931640625e+01
1.694423675537109375e+01
1.694368553161621094e+01
1.694349288940429688e+01
1.694305992126464844e+01
1.694276046752929688e+01
1.694225311279296875e+01
1.694217300415039062e+01
1.694183921813964844e+01
1.694185066223144531e+01
1.694159698486328125e+01
1.694133949279785156e+01
1.694126510620117188e+01
1.694075393676757812e+01
1.694045066833496094e+01
1.693971443176269531e+01
1.693966484069824219e+01
1.693918800354003906e+01
1.693914985656738281e+01
1.693883514404296875e+01
1.693882179260253906e+01
1.693854522705078125e+01
1.693843078613281250e+01
1.693805694580078125e+01
1.693781471252441406e+01
1.693729782104492188e+01
1.693707275390625000e+01
1.693667602539062500e+01
1.693675231933593750e+01
1.693648147583007812e+01
1.693675804138183594e+01
1.693657112121582031e+01
1.693660545349121094e+01
1.693649673461914062e+01
1.693596076965332031e+01
1.693581008911132812e+01
1.693504714965820312e+01
1.693501091003417969e+01
1.693458557128906250e+01
1.693477058410644531e+01
1.693449020385742188e+01
1.693444633483886719e+01
1.693405723571777344e+01
1.693391418457031250e+01
1.693358230590820312e+01
1.693337821960449219e+01
1.693295097351074219e+01
1.693269538879394531e+01
1.693243980407714844e+01
1.693222427368164062e+01
1.693209266662597656e+01
1.693181037902832031e+01
1.693175125122070312e+01
1.693155288696289062e+01
1.693145751953125000e+01
1.693119812011718750e+01
