4.375538253784179688e+01
4.344042205810546875e+01
4.312610626220703125e+01
4.281169509887695312e+01
4.241824722290039062e+01
4.195524978637695312e+01
4.145866012573242188e+01
4.093962860107421875e+01
4.039942169189453125e+01
3.982342147827148438e+01
3.922096633911132812e+01
3.854806900024414062e+01
3.787924194335937500e+01
3.718374252319335938e+01
3.647235488891601562e+01
3.576974105834960938e+01
3.506864929199218750e+01
3.437299346923828125e+01
3.369082641601562500e+01
3.303086090087890625e+01
3.245122528076171875e+01
3.195007896423339844e+01
3.149186897277832031e+01
3.109155654907226562e+01
3.074694061279296875e+01
3.044686698913574219e+01
3.019904518127441406e+01
2.999576759338378906e+01
2.983059883117675781e+01
2.969751358032226562e+01
2.959160614013671875e+01
2.950810432434082031e+01
2.946810913085937500e+01
2.950510597229003906e+01
2.939844512939453125e+01
2.940374374389648438e+01
2.943791007995605469e+01
2.942809867858886719e+01
2.939909744262695312e+01
2.935921096801757812e+01
2.931668281555175781e+01
2.928255081176757812e+01
2.926786422729492188e+01
2.922694015502929688e+01
2.908664703369140625e+01
2.891230392456054688e+01
2.876786231994628906e+01
2.865684700012207031e+01
2.857108688354492188e+01
2.850956344604492188e+01
2.847877120971679688e+01
2.844978332519531250e+01
2.838825416564941406e+01
2.830277061462402344e+01
2.822447967529296875e+01
2.816819572448730469e+01
2.812941360473632812e+01
2.809431457519531250e+01
2.805664634704589844e+01
2.801684570312500000e+01
2.797512245178222656e+01
2.792560768127441406e+01
2.787077522277832031e+01
2.782948303222656250e+01
2.779928970336914062e+01
2.778350639343261719e+01
2.777118873596191406e+01
2.774429130554199219e+01
2.770774841308593750e+01
2.767987823486328125e+01
2.766725730895996094e+01
2.766380310058593750e+01
2.765654182434082031e+01
2.763841819763183594e+01
2.761494064331054688e+01
2.759829521179199219e+01
2.759287071228027344e+01
2.758743476867675781e+01
2.757752799987792969e+01
2.756763839721679688e+01
2.756004524230957031e+01
2.755293464660644531e+01
2.754922866821289062e+01
2.755120468139648438e+01
2.754883193969726562e+01
2.754332542419433594e+01
2.754315948486328125e+01
2.754321479797363281e+01
2.754302406311035156e+01
2.754275321960449219e+01
2.754438972473144531e+01
2.755077743530273438e+01
2.755322647094726562e+01
2.754891395568847656e+01
2.754876708984375000e+01
2.755562400817871094e+01
2.756009674072265625e+01
2.755806541442871094e+01
2.756064414978027344e+01
2.756542587280273438e+01
2.757065582275390625e+01
2.757608985900878906e+01
2.758113861083984375e+01
2.758219337463378906e+01
2.757676506042480469e+01
2.756901168823242188e+01
2.756398963928222656e+01
2.754543495178222656e+01
2.747735595703125000e+01
2.740854263305664062e+01
2.739588546752929688e+01
2.738302421569824219e+01
2.736616706848144531e+01
2.736067390441894531e+01
2.735835075378417969e+01
2.736174774169921875e+01
2.735707092285156250e+01
2.735015106201171875e+01
2.734696197509765625e+01
2.734543418884277344e+01
2.734250068664550781e+01
2.733942222595214844e+01
2.733794975280761719e+01
2.733782196044921875e+01
2.733665084838867188e+01
2.733416748046875000e+01
2.733238601684570312e+01
2.733140373229980469e+01
2.732995033264160156e+01
2.732795143127441406e+01
2.732575988769531250e+01
2.732367134094238281e+01
2.732172966003417969e+01
2.732140731811523438e+01
2.732209968566894531e+01
2.732169914245605469e+01
2.732141876220703125e+01
2.732191658020019531e+01
2.732229804992675781e+01
2.732226181030273438e+01
2.732221794128417969e+01
2.732232093811035156e+01
2.732248497009277344e+01
2.732278251647949219e+01
2.732319068908691406e+01
2.732342338562011719e+01
2.732324409484863281e+01
2.732240486145019531e+01
2.732243347167968750e+01
2.732213783264160156e+01
2.732259368896484375e+01
2.732283020019531250e+01
2.732319259643554688e+01
2.732351303100585938e+01
2.732346725463867188e+01
2.732337188720703125e+01
2.732629203796386719e+01
2.732729148864746094e+01
2.732554626464843750e+01
2.732584381103515625e+01
2.732615280151367188e+01
2.732594680786132812e+01
2.732611465454101562e+01
2.732750320434570312e+01
2.732945251464843750e+01
2.732910919189453125e+01
2.732908630371093750e+01
2.733098793029785156e+01
2.733246040344238281e+01
2.733324050903320312e+01
2.733375930786132812e+01
2.733431053161621094e+01
2.733467864990234375e+01
2.733554077148437500e+01
2.733660888671875000e+01
2.733738899230957031e+01
2.733795547485351562e+01
2.733868789672851562e+01
2.733936691284179688e+01
2.733994102478027344e+01
2.734060859680175781e+01
2.734128570556640625e+01
2.734191703796386719e+01
2.734263610839843750e+01
2.734349632263183594e+01
2.715534782409667969e+01
2.650431823730468750e+01
2.575083923339843750e+01
2.500331497192382812e+01
2.431564331054687500e+01
2.371142196655273438e+01
2.320135116577148438e+01
2.278681373596191406e+01
2.247470283508300781e+01
2.224113464355468750e+01
2.208603096008300781e+01
2.198104667663574219e+01
2.191088676452636719e+01
2.187379837036132812e+01
2.185626602172851562e+01
2.184833526611328125e+01
2.184896469116210938e+01
2.185483169555664062e+01
2.186141204833984375e+01
2.186919975280761719e+01
2.188027000427246094e+01
2.189337539672851562e+01
2.190596961975097656e+01
2.191824340820312500e+01
2.193171501159667969e+01
2.194526672363281250e+01
2.195767021179199219e+01
2.196841239929199219e+01
2.197802352905273438e+01
2.198649597167968750e+01
2.199294662475585938e+01
2.199757385253906250e+01
2.200077438354492188e+01
2.200254058837890625e+01
2.200344276428222656e+01
2.200322723388671875e+01
2.200259208679199219e+01
2.200101470947265625e+01
2.199892234802246094e+01
2.199734115600585938e+01
2.199579429626464844e+01
2.199476051330566406e+01
2.199391555786132812e+01
2.199374198913574219e+01
2.199285888671875000e+01
2.199243164062500000e+01
2.199222946166992188e+01
2.199242591857910156e+01
2.199350357055664062e+01
2.199425697326660156e+01
2.199494743347167969e+01
2.199606704711914062e+01
2.199691963195800781e+01
2.199818611145019531e+01
2.199924659729003906e+01
2.200040817260742188e+01
2.200233459472656250e+01
2.200309753417968750e+01
2.200503158569335938e+01
2.200509071350097656e+01
2.200688743591308594e+01
2.200738906860351562e+01
2.200864601135253906e+01
2.200934219360351562e+01
2.201038551330566406e+01
2.201096725463867188e+01
2.201202201843261719e+01
2.201252555847167969e+01
2.201365280151367188e+01
2.201405906677246094e+01
2.201620292663574219e+01
2.201975440979003906e+01
2.202348899841308594e+01
2.202151107788085938e+01
2.202323532104492188e+01
2.202101135253906250e+01
2.202278327941894531e+01
2.202315902709960938e+01
2.202251243591308594e+01
2.202276992797851562e+01
2.202322578430175781e+01
2.202618598937988281e+01
2.202334403991699219e+01
2.202482986450195312e+01
2.202812385559082031e+01
2.202472877502441406e+01
2.202665138244628906e+01
2.202910041809082031e+01
2.202501106262207031e+01
2.202628707885742188e+01
2.202671051025390625e+01
2.202564430236816406e+01
2.202566528320312500e+01
2.202663803100585938e+01
2.202707862854003906e+01
2.202627372741699219e+01
2.202689361572265625e+01
2.202725791931152344e+01
2.202679824829101562e+01
2.202713966369628906e+01
2.202706527709960938e+01
2.202744102478027344e+01
2.202758979797363281e+01
2.202754783630371094e+01
2.202766609191894531e+01
2.202809143066406250e+01
2.202787780761718750e+01
2.202840042114257812e+01
2.202852821350097656e+01
2.202976417541503906e+01
2.203047561645507812e+01
2.203236389160156250e+01
2.203067398071289062e+01
2.203151512145996094e+01
2.203029632568359375e+01
2.203039360046386719e+01
2.202997589111328125e+01
2.203084754943847656e+01
2.202991485595703125e+01
2.203054809570312500e+01
2.203013229370117188e+01
2.203066444396972656e+01
2.202993011474609375e+01
2.203035354614257812e+01
2.202992248535156250e+01
2.203041267395019531e+01
2.202981376647949219e+01
2.203017616271972656e+01
2.203037452697753906e+01
2.203076744079589844e+01
2.203044128417968750e+01
2.203130149841308594e+01
2.203294944763183594e+01
2.203163146972656250e+01
2.203078651428222656e+01
2.203116416931152344e+01
2.203126716613769531e+01
2.203096961975097656e+01
2.203029823303222656e+01
2.203053855895996094e+01
2.203043174743652344e+01
2.203077316284179688e+01
2.203017425537109375e+01
2.203075408935546875e+01
2.203149223327636719e+01
2.203089714050292969e+01
2.203003883361816406e+01
2.203033638000488281e+01
2.203061676025390625e+01
2.203023338317871094e+01
2.202956199645996094e+01
2.202949142456054688e+01
2.202984428405761719e+01
2.202975082397460938e+01
2.202928352355957031e+01
2.202952003479003906e+01
2.203066444396972656e+01
2.203046035766601562e+01
2.203030967712402344e+01
2.203081703186035156e+01
2.203228569030761719e+01
2.203045654296875000e+01
2.202952003479003906e+01
2.202953147888183594e+01
2.202999305725097656e+01
2.202987861633300781e+01
2.202959823608398438e+01
2.203031921386718750e+01
2.203233337402343750e+01
2.203037261962890625e+01
2.202951240539550781e+01
2.202979087829589844e+01
2.202958106994628906e+01
2.202940750122070312e+01
2.202842521667480469e+01
2.202871704101562500e+01
2.203003883361816406e+01
2.202918815612792969e+01
2.202888488769531250e+01
2.202912330627441406e+01
2.203083801269531250e+01
2.202898216247558594e+01
2.202795410156250000e+01
2.202817726135253906e+01
2.202828979492187500e+01
2.202843475341796875e+01
2.202808189392089844e+01
2.202953147888183594e+01
2.203419303894042969e+01
2.202831077575683594e+01
2.202687072753906250e+01
2.202695274353027344e+01
2.202642250061035156e+01
2.202705764770507812e+01
2.202630043029785156e+01
2.202631950378417969e+01
2.202711868286132812e+01
2.202714920043945312e+01
2.202838516235351562e+01
2.202986526489257812e+01
2.203765678405761719e+01
2.202841949462890625e+01
2.202592658996582031e+01
2.202693557739257812e+01
2.202944564819335938e+01
2.203291702270507812e+01
2.202972221374511719e+01
2.202756881713867188e+01
2.202595901489257812e+01
2.202957153320312500e+01
2.204079055786132812e+01
2.202731895446777344e+01
2.202732276916503906e+01
2.203460693359375000e+01
2.202842903137207031e+01
2.202824401855468750e+01
2.202638053894042969e+01
2.202850723266601562e+01
2.202945518493652344e+01
2.202700042724609375e+01
2.202631568908691406e+01
2.202387046813964844e+01
2.202566528320312500e+01
2.202710533142089844e+01
2.202832031250000000e+01
2.203330039978027344e+01
2.202285194396972656e+01
2.202519416809082031e+01
2.203110885620117188e+01
2.202669143676757812e+01
2.202343750000000000e+01
2.202260017395019531e+01
2.202335739135742188e+01
2.202824401855468750e+01
2.202590751647949219e+01
2.202539634704589844e+01
2.202557754516601562e+01
2.202773475646972656e+01
2.202285766601562500e+01
2.202187347412109375e+01
2.202496528625488281e+01
2.203251457214355469e+01
2.204210281372070312e+01
2.202866363525390625e+01
2.202412414550781250e+01
2.202545547485351562e+01
2.204022598266601562e+01
2.206071662902832031e+01
2.203885078430175781e+01
2.203923416137695312e+01
2.203265953063964844e+01
2.205165672302246094e+01
2.204499626159667969e+01
2.204501533508300781e+01
2.206340980529785156e+01
2.205589294433593750e+01
2.205706024169921875e+01
2.204195785522460938e+01
2.204404640197753906e+01
2.204779434204101562e+01
2.205250930786132812e+01
2.204093551635742188e+01
2.205119705200195312e+01
2.203959465026855469e+01
2.204651832580566406e+01
2.204030609130859375e+01
2.203963088989257812e+01
2.203683090209960938e+01
2.203659629821777344e+01
2.203472709655761719e+01
2.203204154968261719e+01
2.203007125854492188e+01
2.203020477294921875e+01
2.202983856201171875e+01
2.202721405029296875e+01
2.202756690979003906e+01
2.202659606933593750e+01
2.202543449401855469e+01
2.202495956420898438e+01
2.202376365661621094e+01
2.202483940124511719e+01
2.202381134033203125e+01
2.202442169189453125e+01
2.202466011047363281e+01
2.202441787719726562e+01
2.202406692504882812e+01
2.202389907836914062e+01
2.202433586120605469e+01
2.202385520935058594e+01
2.202437973022460938e+01
2.202446556091308594e+01
2.202386474609375000e+01
2.202441787719726562e+01
2.202399063110351562e+01
2.202417945861816406e+01
2.202434730529785156e+01
2.202426338195800781e+01
2.202388572692871094e+01
2.202442169189453125e+01
2.202375984191894531e+01
2.202396774291992188e+01
2.202388763427734375e+01
2.202365684509277344e+01
2.202334976196289062e+01
2.202485656738281250e+01
2.202327346801757812e+01
2.202311897277832031e+01
2.202293395996093750e+01
2.202278518676757812e+01
2.202365684509277344e+01
2.202285957336425781e+01
2.202284812927246094e+01
2.202293586730957031e+01
2.202211380004882812e+01
2.202223968505859375e+01
2.202223396301269531e+01
2.202192306518554688e+01
2.202236747741699219e+01
2.202227783203125000e+01
2.202208709716796875e+01
2.202205848693847656e+01
2.202182197570800781e+01
2.202205657958984375e+01
2.202229881286621094e+01
2.202197265625000000e+01
2.202198791503906250e+01
2.202216148376464844e+01
2.202203559875488281e+01
2.202182006835937500e+01
2.202168273925781250e+01
2.202181816101074219e+01
2.202195549011230469e+01
2.202172279357910156e+01
2.202138137817382812e+01
2.202153015136718750e+01
2.202169990539550781e+01
2.202127265930175781e+01
2.202108573913574219e+01
2.202124595642089844e+01
2.202119827270507812e+01
2.202098274230957031e+01
2.202072143554687500e+01
2.202090835571289062e+01
2.202128410339355469e+01
2.202091407775878906e+01
2.202046966552734375e+01
2.202071762084960938e+01
2.202117538452148438e+01
2.202077102661132812e+01
2.202027893066406250e+01
2.202058601379394531e+01
2.202120780944824219e+01
2.202071189880371094e+01
2.202014160156250000e+01
2.202051544189453125e+01
2.202124595642089844e+01
2.202064704895019531e+01
2.202000045776367188e+01
2.202041625976562500e+01
2.202117919921875000e+01
2.202048683166503906e+01
2.201979255676269531e+01
2.202017211914062500e+01
2.202089691162109375e+01
2.202034568786621094e+01
2.201968955993652344e+01
2.202022933959960938e+01
2.202121734619140625e+01
2.202044105529785156e+01
2.201957321166992188e+01
2.201999855041503906e+01
2.202074623107910156e+01
2.202000617980957031e+01
2.201921653747558594e+01
2.201965141296386719e+01
2.202056694030761719e+01
2.202017974853515625e+01
2.201951599121093750e+01
2.202039337158203125e+01
2.202156066894531250e+01
2.202020263671875000e+01
2.201882743835449219e+01
2.201899528503417969e+01
2.201948928833007812e+01
2.202126312255859375e+01
2.202288627624511719e+01
2.202726173400878906e+01
2.202819252014160156e+01
2.202048873901367188e+01
2.201986503601074219e+01
2.201997947692871094e+01
2.201973915100097656e+01
2.202149772644042969e+01
2.201921653747558594e+01
2.201950263977050781e+01
2.202066040039062500e+01
2.202231979370117188e+01
2.201981925964355469e+01
2.201890754699707031e+01
2.201979064941406250e+01
2.202323532104492188e+01
2.202605819702148438e+01
2.202433395385742188e+01
2.201921272277832031e+01
2.201916313171386719e+01
2.201838111877441406e+01
2.201810455322265625e+01
2.202089881896972656e+01
2.202130126953125000e+01
2.202467536926269531e+01
2.202139472961425781e+01
2.201855468750000000e+01
2.202500915527343750e+01
2.202144622802734375e+01
2.202017784118652344e+01
2.201873779296875000e+01
2.201816749572753906e+01
2.202387046813964844e+01
2.202295112609863281e+01
2.202364158630371094e+01
2.201956939697265625e+01
2.202039337158203125e+01
2.203182601928710938e+01
2.202154731750488281e+01
2.201897048950195312e+01
2.201864242553710938e+01
2.201946067810058594e+01
2.202312278747558594e+01
2.201772880554199219e+01
2.201806831359863281e+01
2.202085685729980469e+01
2.202080535888671875e+01
2.201751136779785156e+01
2.201779747009277344e+01
2.201874732971191406e+01
2.202176856994628906e+01
2.202094650268554688e+01
2.201728820800781250e+01
2.201688766479492188e+01
2.201859092712402344e+01
2.202248954772949219e+01
2.202392196655273438e+01
2.202101898193359375e+01
2.201638793945312500e+01
2.201680183410644531e+01
2.201626014709472656e+01
2.201638984680175781e+01
2.202037620544433594e+01
2.202306747436523438e+01
2.202234268188476562e+01
2.202038764953613281e+01
2.201727676391601562e+01
2.201572418212890625e+01
2.201681137084960938e+01
2.202045631408691406e+01
2.201759338378906250e+01
2.202131462097167969e+01
2.202380561828613281e+01
2.201578140258789062e+01
2.201781845092773438e+01
2.202582168579101562e+01
2.202165794372558594e+01
2.201644706726074219e+01
2.201769447326660156e+01
2.201925086975097656e+01
2.202231979370117188e+01
2.201872444152832031e+01
2.201501274108886719e+01
2.201828956604003906e+01
2.202010917663574219e+01
2.202488899230957031e+01
2.201933860778808594e+01
2.201505470275878906e+01
2.202180862426757812e+01
2.202051544189453125e+01
2.202186012268066406e+01
2.201667976379394531e+01
2.201607704162597656e+01
2.202673721313476562e+01
2.201950263977050781e+01
2.201724052429199219e+01
2.201575469970703125e+01
2.201656341552734375e+01
2.202365112304687500e+01
2.201542854309082031e+01
2.201505470275878906e+01
2.201821327209472656e+01
2.201905822753906250e+01
2.201576042175292969e+01
2.201427841186523438e+01
2.201568794250488281e+01
2.202031517028808594e+01
2.201944351196289062e+01
2.201579475402832031e+01
2.201388168334960938e+01
2.201564788818359375e+01
2.201983261108398438e+01
2.202041625976562500e+01
2.201865386962890625e+01
2.201394271850585938e+01
2.201361083984375000e+01
2.201490783691406250e+01
2.201824760437011719e+01
2.202134323120117188e+01
2.201863288879394531e+01
2.202150154113769531e+01
2.201635169982910156e+01
2.201412582397460938e+01
2.202207374572753906e+01
2.201606750488281250e+01
2.201470184326171875e+01
2.201488113403320312e+01
2.201578330993652344e+01
2.201361656188964844e+01
2.201288986206054688e+01
2.201316452026367188e+01
2.201255416870117188e+01
2.201339912414550781e+01
2.201369857788085938e+01
2.201368522644042969e+01
2.201362037658691406e+01
2.201312828063964844e+01
2.201706504821777344e+01
2.201930809020996094e+01
2.201742935180664062e+01
2.202040863037109375e+01
2.203297805786132812e+01
2.204115486145019531e+01
2.205291175842285156e+01
2.202218818664550781e+01
2.211087417602539062e+01
2.213824272155761719e+01
2.213783073425292969e+01
2.205352020263671875e+01
2.216307067871093750e+01
2.206024742126464844e+01
2.218281173706054688e+01
2.209126853942871094e+01
2.208066177368164062e+01
2.210474777221679688e+01
2.210525703430175781e+01
2.210772323608398438e+01
2.208946418762207031e+01
2.207476997375488281e+01
2.207162857055664062e+01
2.207330513000488281e+01
2.206484985351562500e+01
2.206088256835937500e+01
2.205895233154296875e+01
2.206072425842285156e+01
2.205803680419921875e+01
2.205611228942871094e+01
2.205662345886230469e+01
2.205446434020996094e+01
2.205019569396972656e+01
2.204767799377441406e+01
2.204618263244628906e+01
2.204446983337402344e+01
2.204316902160644531e+01
2.204244613647460938e+01
2.204125785827636719e+01
2.203892707824707031e+01
2.203550148010253906e+01
2.203086662292480469e+01
2.202500724792480469e+01
2.201931953430175781e+01
2.201352310180664062e+01
2.201137733459472656e+01
2.200628471374511719e+01
2.200288200378417969e+01
2.200167846679687500e+01
2.200201606750488281e+01
2.200067710876464844e+01
2.200090980529785156e+01
2.200214576721191406e+01
2.200319099426269531e+01
2.200407600402832031e+01
2.200491905212402344e+01
2.200605392456054688e+01
2.200779342651367188e+01
2.200865364074707031e+01
2.200942420959472656e+01
2.201218032836914062e+01
2.201272773742675781e+01
2.201420211791992188e+01
2.201579284667968750e+01
2.201633453369140625e+01
2.201569747924804688e+01
2.201622200012207031e+01
2.201608467102050781e+01
2.201629638671875000e+01
2.201688194274902344e+01
2.201700210571289062e+01
2.201707458496093750e+01
2.201681137084960938e+01
2.201892280578613281e+01
2.201719093322753906e+01
2.201937103271484375e+01
2.201628112792968750e+01
2.201645851135253906e+01
2.201395225524902344e+01
2.201350212097167969e+01
2.201465415954589844e+01
2.201447486877441406e+01
2.201502227783203125e+01
2.201596069335937500e+01
2.201637268066406250e+01
2.201633644104003906e+01
2.201621818542480469e+01
2.201593780517578125e+01
2.201595115661621094e+01
2.201596260070800781e+01
2.201601219177246094e+01
2.201630401611328125e+01
2.201638031005859375e+01
2.201645851135253906e+01
2.201651573181152344e+01
2.201634407043457031e+01
2.201620674133300781e+01
2.201611328125000000e+01
2.201593780517578125e+01
2.201587104797363281e+01
2.201584434509277344e+01
2.201581573486328125e+01
2.201585769653320312e+01
2.201707649230957031e+01
2.201696968078613281e+01
2.201535987854003906e+01
2.201568984985351562e+01
2.201754379272460938e+01
2.201689529418945312e+01
2.201769638061523438e+01
2.201811981201171875e+01
2.201585769653320312e+01
2.201593399047851562e+01
2.201747894287109375e+01
2.201692390441894531e+01
2.201710700988769531e+01
2.201799392700195312e+01
2.201663398742675781e+01
2.201585769653320312e+01
2.201606369018554688e+01
2.201804924011230469e+01
2.201671600341796875e+01
2.201680564880371094e+01
2.201732444763183594e+01
2.201583480834960938e+01
2.201542282104492188e+01
2.201543426513671875e+01
2.201727294921875000e+01
2.201609992980957031e+01
2.201635360717773438e+01
2.201740455627441406e+01
2.201609611511230469e+01
2.201462936401367188e+01
2.201471519470214844e+01
2.201658439636230469e+01
2.201590538024902344e+01
2.201489830017089844e+01
2.201455497741699219e+01
2.201412010192871094e+01
2.201400947570800781e+01
2.201422500610351562e+01
2.201429748535156250e+01
2.201508522033691406e+01
2.201595878601074219e+01
2.201394271850585938e+01
2.201450729370117188e+01
2.201385879516601562e+01
2.201431655883789062e+01
2.201632499694824219e+01
2.201856803894042969e+01
2.201441383361816406e+01
2.201541709899902344e+01
2.201457977294921875e+01
2.201095771789550781e+01
2.201013183593750000e+01
2.204672050476074219e+01
2.206069755554199219e+01
2.216787528991699219e+01
2.214053344726562500e+01
2.208387565612792969e+01
2.218519592285156250e+01
2.216407966613769531e+01
2.209996795654296875e+01
2.209258270263671875e+01
2.207114028930664062e+01
2.206467437744140625e+01
2.204488372802734375e+01
2.206327056884765625e+01
2.206237792968750000e+01
2.206411170959472656e+01
2.202511596679687500e+01
2.205603981018066406e+01
2.202784919738769531e+01
2.203952217102050781e+01
2.202605819702148438e+01
2.202345275878906250e+01
2.201708221435546875e+01
2.201681327819824219e+01
2.201997375488281250e+01
2.200892639160156250e+01
2.201874351501464844e+01
2.201342773437500000e+01
2.201418495178222656e+01
2.201518249511718750e+01
2.201201629638671875e+01
2.201484107971191406e+01
2.201296615600585938e+01
2.201442337036132812e+01
2.201375198364257812e+01
2.201594161987304688e+01
2.201491355895996094e+01
2.201572227478027344e+01
2.201529312133789062e+01
2.201587677001953125e+01
2.201561164855957031e+01
2.201578712463378906e+01
2.201624488830566406e+01
2.201605415344238281e+01
2.201631164550781250e+01
2.201621246337890625e+01
2.201622772216796875e+01
2.201605033874511719e+01
2.201589012145996094e+01
2.201594161987304688e+01
2.201579284667968750e+01
2.201581573486328125e+01
2.201589965820312500e+01
2.201666069030761719e+01
2.201533508300781250e+01
2.201667785644531250e+01
2.201554489135742188e+01
2.201560020446777344e+01
2.201636695861816406e+01
2.201728439331054688e+01
2.201528739929199219e+01
2.201700782775878906e+01
2.201513862609863281e+01
2.201525497436523438e+01
2.201615905761718750e+01
2.201651191711425781e+01
2.201472091674804688e+01
2.201689720153808594e+01
2.201460075378417969e+01
2.201488685607910156e+01
2.201601219177246094e+01
2.201624107360839844e+01
2.201433944702148438e+01
2.201673126220703125e+01
2.201442337036132812e+01
2.201454544067382812e+01
2.201579856872558594e+01
2.201646614074707031e+01
2.201412582397460938e+01
2.201593780517578125e+01
2.201457786560058594e+01
2.201423263549804688e+01
2.201492309570312500e+01
2.201731491088867188e+01
2.201502990722656250e+01
2.201447296142578125e+01
2.201550292968750000e+01
2.201634407043457031e+01
2.201449394226074219e+01
2.201642799377441406e+01
2.201433372497558594e+01
2.201371383666992188e+01
2.201376152038574219e+01
2.201356315612792969e+01
2.201361274719238281e+01
2.201406860351562500e+01
2.201442527770996094e+01
2.201588630676269531e+01
2.201442718505859375e+01
2.201346015930175781e+01
2.201413345336914062e+01
2.201576423645019531e+01
2.201400756835937500e+01
2.201485824584960938e+01
2.201393318176269531e+01
2.201351737976074219e+01
2.201425743103027344e+01
2.201339149475097656e+01
2.201343345642089844e+01
2.201383399963378906e+01
2.201430892944335938e+01
2.201473426818847656e+01
2.201371765136718750e+01
2.201309013366699219e+01
2.201324081420898438e+01
2.201424980163574219e+01
2.201371765136718750e+01
2.201398468017578125e+01
2.201415634155273438e+01
2.201300239562988281e+01
2.201349639892578125e+01
2.201336479187011719e+01
2.201416587829589844e+01
2.201358604431152344e+01
2.201398849487304688e+01
2.201394462585449219e+01
2.201288223266601562e+01
2.201329421997070312e+01
2.201315689086914062e+01
2.201402091979980469e+01
2.201349830627441406e+01
2.201382064819335938e+01
2.201400947570800781e+01
2.201276969909667969e+01
2.201298141479492188e+01
2.201298904418945312e+01
2.201417160034179688e+01
2.201350593566894531e+01
2.201370429992675781e+01
