4.139668655395507812e+01
4.047418594360351562e+01
3.948221969604492188e+01
3.841814422607421875e+01
3.733209228515625000e+01
3.621631622314453125e+01
3.505644607543945312e+01
3.385015487670898438e+01
3.259967041015625000e+01
3.131136894226074219e+01
2.999469375610351562e+01
2.866206932067871094e+01
2.732921028137207031e+01
2.601501846313476562e+01
2.474088096618652344e+01
2.352955245971679688e+01
2.240371894836425781e+01
2.138420295715332031e+01
2.048784828186035156e+01
1.972541236877441406e+01
1.909980773925781250e+01
1.860536003112792969e+01
1.822861099243164062e+01
1.795081138610839844e+01
1.775152778625488281e+01
1.761215209960937500e+01
1.751830673217773438e+01
1.746091270446777344e+01
1.743352127075195312e+01
1.743202972412109375e+01
1.745234489440917969e+01
1.749053382873535156e+01
1.754223251342773438e+01
1.760269546508789062e+01
1.766720962524414062e+01
1.773132514953613281e+01
1.779088783264160156e+01
1.784235191345214844e+01
1.788329124450683594e+01
1.791198921203613281e+01
1.794414710998535156e+01
1.791402435302734375e+01
1.788820075988769531e+01
1.787752914428710938e+01
1.785967254638671875e+01
1.782636451721191406e+01
1.779804801940917969e+01
1.777870559692382812e+01
1.776510238647460938e+01
1.775605010986328125e+01
1.775121498107910156e+01
1.775023460388183594e+01
1.775242996215820312e+01
1.775687789916992188e+01
1.776268577575683594e+01
1.776916313171386719e+01
1.777584075927734375e+01
1.778241539001464844e+01
1.778869247436523438e+01
1.779445266723632812e+01
1.779941940307617188e+01
1.780331993103027344e+01
1.780597686767578125e+01
1.780736732482910156e+01
1.780761528015136719e+01
1.780693435668945312e+01
1.780554580688476562e+01
1.780363082885742188e+01
1.780130958557128906e+01
1.779867172241210938e+01
1.779582214355468750e+01
1.779288864135742188e+01
1.779001426696777344e+01
1.778731536865234375e+01
1.778487396240234375e+01
1.778271102905273438e+01
1.778081321716308594e+01
1.777914428710937500e+01
1.777767753601074219e+01
1.777640533447265625e+01
1.777530670166015625e+01
1.777436065673828125e+01
1.777353286743164062e+01
1.777277183532714844e+01
1.777203559875488281e+01
1.777128601074218750e+01
1.777050590515136719e+01
1.776969146728515625e+01
1.776883888244628906e+01
1.776794433593750000e+01
1.776700210571289062e+01
1.776600837707519531e+01
1.776496696472167969e+01
1.776388359069824219e+01
1.776277351379394531e+01
1.776164627075195312e+01
1.776051521301269531e+01
1.775938224792480469e+01
1.775825119018554688e+01
1.775712585449218750e+01
1.775601005554199219e+01
1.775490760803222656e+01
1.775381851196289062e+01
1.775275039672851562e+01
1.775169372558593750e+01
1.775064849853515625e+01
1.774961280822753906e+01
1.774858283996582031e+01
1.774755859375000000e+01
1.774654006958007812e+01
1.774552345275878906e+01
1.774450302124023438e+01
1.774348640441894531e+01
1.774246597290039062e+01
1.774144363403320312e+01
1.774041938781738281e+01
1.773939323425292969e+01
1.773836517333984375e+01
1.773733901977539062e+01
1.773631095886230469e+01
1.773528289794921875e+01
1.773425674438476562e+01
1.773323249816894531e+01
1.773221015930175781e+01
1.773118972778320312e+01
1.773017311096191406e+01
1.772915840148925781e+01
1.772814750671386719e+01
1.772713851928710938e+01
1.772613334655761719e+01
1.772513008117675781e+01
1.772413063049316406e+01
1.772313117980957031e+01
1.772213554382324219e+01
1.772113990783691406e+01
1.772014808654785156e+01
1.771915626525878906e+01
1.771816825866699219e+01
1.771718025207519531e+01
1.771619415283203125e+01
1.771520996093750000e+01
1.771422576904296875e+01
1.771324539184570312e+01
1.771226692199707031e+01
1.771128845214843750e+01
1.771031379699707031e+01
1.770933914184570312e+01
1.770836639404296875e+01
1.770739555358886719e+01
1.770642662048339844e+01
1.770545959472656250e+01
1.770449447631835938e+01
1.770353317260742188e+01
1.770257186889648438e+01
1.770161437988281250e+01
1.770065689086914062e+01
1.769970130920410156e+01
1.769874763488769531e+01
1.769779586791992188e+01
1.769684791564941406e+01
1.769589996337890625e+01
1.769495582580566406e+01
1.769400978088378906e+01
1.769306945800781250e+01
1.769212913513183594e+01
1.769119071960449219e+01
1.769025421142578125e+01
1.768931961059570312e+01
1.768838691711425781e+01
1.768745422363281250e+01
1.768652725219726562e+01
1.768559837341308594e+01
1.768467521667480469e+01
1.768375015258789062e+01
1.768282890319824219e+01
1.768190765380859375e+01
1.768099021911621094e+01
1.768007278442382812e+01
1.767916107177734375e+01
1.767824745178222656e+01
1.767733573913574219e+01
1.767642784118652344e+01
1.767552185058593750e+01
1.767461585998535156e+01
1.767371177673339844e+01
1.767281150817871094e+01
1.767191314697265625e+01
1.767101287841796875e+01
1.767011833190917969e+01
1.766922378540039062e+01
1.766833114624023438e+01
1.766744041442871094e+01
1.766655158996582031e+01
1.766566467285156250e+01
1.766477966308593750e+01
1.766389465332031250e+01
1.766301345825195312e+01
1.766213607788085938e+01
1.766125679016113281e+01
1.766037940979003906e+01
1.765950584411621094e+01
1.765863418579101562e+01
1.765776252746582031e+01
1.765689277648925781e+01
1.765602684020996094e+01
1.765516090393066406e+01
1.765429687500000000e+01
1.765343666076660156e+01
1.765257644653320312e+01
1.765171813964843750e+01
1.765086174011230469e+01
1.765000724792480469e+01
1.764915466308593750e+01
1.764830207824707031e+01
1.764745521545410156e+01
1.764660644531250000e+01
1.764575958251953125e+01
1.764491462707519531e+01
1.764407348632812500e+01
1.764323234558105469e+01
1.764239311218261719e+01
1.764155578613281250e+01
1.764072227478027344e+01
1.763988876342773438e+01
1.763905525207519531e+01
1.763822746276855469e+01
1.763739776611328125e+01
1.763657188415527344e+01
1.763574600219726562e+01
1.763492202758789062e+01
1.763410186767578125e+01
1.763328170776367188e+01
1.763246345520019531e+01
1.763164710998535156e+01
1.763083457946777344e+01
1.763002014160156250e+01
1.762920951843261719e+01
1.762839889526367188e+01
1.762759208679199219e+01
1.762678527832031250e+01
1.762598228454589844e+01
1.762518119812011719e+01
1.762437820434570312e+01
1.762357902526855469e+01
1.762278175354003906e+01
1.762198638916015625e+01
1.762119483947753906e+01
1.762040138244628906e+01
1.761960983276367188e+01
1.761882209777832031e+01
1.761803436279296875e+01
1.761724853515625000e+01
1.761646461486816406e+01
1.761568450927734375e+01
1.761490058898925781e+01
1.761412429809570312e+01
1.761334800720214844e+01
1.761257171630859375e+01
1.761179733276367188e+01
1.761102485656738281e+01
1.761025428771972656e+01
1.760948562622070312e+01
1.760871887207031250e+01
1.760795211791992188e+01
1.760718917846679688e+01
1.760642623901367188e+01
1.760566711425781250e+01
1.760490798950195312e+01
1.760415077209472656e+01
1.760339546203613281e+01
1.760264015197753906e+01
1.760188865661621094e+01
1.760113716125488281e+01
1.760038948059082031e+01
1.759964179992675781e+01
1.759889602661132812e+01
1.759815025329589844e+01
1.759741020202636719e+01
1.759666824340820312e+01
1.759593009948730469e+01
1.759519195556640625e+01
1.759445571899414062e+01
1.759372138977050781e+01
1.759298896789550781e+01
1.759225845336914062e+01
1.759152793884277344e+01
1.759079933166503906e+01
1.759007263183593750e+01
1.758934783935546875e+01
1.758862495422363281e+01
1.758790397644042969e+01
1.758718299865722656e+01
1.758646583557128906e+01
1.758575057983398438e+01
1.758503532409667969e+01
1.758432197570800781e+01
1.758360862731933594e+01
1.758289909362792969e+01
1.758218955993652344e+01
1.758148193359375000e+01
1.758077621459960938e+01
1.758007240295410156e+01
1.757936859130859375e+01
1.757866859436035156e+01
1.757796859741210938e+01
1.757727241516113281e+01
1.757657623291015625e+01
1.757588195800781250e+01
1.757518768310546875e+01
1.757449531555175781e+01
1.757380676269531250e+01
1.757311820983886719e+01
1.757242965698242188e+01
1.757174682617187500e+01
1.757106208801269531e+01
1.757037925720214844e+01
1.756969833374023438e+01
1.756901931762695312e+01
1.756834220886230469e+01
1.756766700744628906e+01
1.756699180603027344e+01
1.756631851196289062e+01
1.756564521789550781e+01
1.756497573852539062e+01
1.756430816650390625e+01
1.756364059448242188e+01
1.756297683715820312e+01
1.756231307983398438e+01
1.756164932250976562e+01
1.756098747253417969e+01
1.756033134460449219e+01
1.755967140197753906e+01
1.755901527404785156e+01
1.755836105346679688e+01
1.755770683288574219e+01
1.755705451965332031e+01
1.755640411376953125e+01
1.755575561523437500e+01
1.755510902404785156e+01
1.755446434020996094e+01
1.755381965637207031e+01
1.755317687988281250e+01
1.755253601074218750e+01
1.755189514160156250e+01
1.755125808715820312e+01
1.755061912536621094e+01
1.754998588562011719e+01
1.754935264587402344e+01
1.754871749877929688e+01
1.754808807373046875e+01
1.754745864868164062e+01
1.754682922363281250e+01
1.754620361328125000e+01
1.754557800292968750e+01
1.754495620727539062e+01
1.754433250427246094e+01
1.754371261596679688e+01
1.754309272766113281e+01
1.754247474670410156e+01
1.754186058044433594e+01
1.754124259948730469e+01
1.754063034057617188e+01
1.754001808166503906e+01
1.753940773010253906e+01
1.753879928588867188e+01
1.753819084167480469e+01
1.753758621215820312e+01
1.753698158264160156e+01
1.753637695312500000e+01
1.753577613830566406e+01
1.753517532348632812e+01
1.753457450866699219e+01
1.753397750854492188e+01
1.753338241577148438e+01
1.753278732299804688e+01
1.753219413757324219e+01
1.753160285949707031e+01
1.753101158142089844e+01
1.753042221069335938e+01
1.752983474731445312e+01
1.752924728393554688e+01
1.752866554260253906e+01
1.752807998657226562e+01
1.752749824523925781e+01
1.752691841125488281e+01
1.752634048461914062e+01
1.752576065063476562e+01
1.752518463134765625e+01
1.752460861206054688e+01
1.752403450012207031e+01
1.752346420288085938e+01
1.752289199829101562e+01
1.752232360839843750e+01
1.752175521850585938e+01
1.752118873596191406e+01
1.752062225341796875e+01
1.752005958557128906e+01
1.751949691772460938e+01
1.751893615722656250e+01
1.751837539672851562e+01
1.751781845092773438e+01
1.751725959777832031e+01
1.751670646667480469e+01
1.751614952087402344e+01
1.751559638977050781e+01
1.751504516601562500e+01
1.751449584960937500e+01
1.751394653320312500e+01
1.751339912414550781e+01
1.751285171508789062e+01
1.751230812072753906e+01
1.751176452636718750e+01
1.751122283935546875e+01
1.751068115234375000e+01
1.751014137268066406e+01
1.750960350036621094e+01
1.750906562805175781e+01
1.750853157043457031e+01
1.750799751281738281e+01
1.750746536254882812e+01
1.750693321228027344e+01
1.750640296936035156e+01
1.750587463378906250e+01
1.750534629821777344e+01
1.750481986999511719e+01
1.750429534912109375e+01
1.750377273559570312e+01
1.750325012207031250e+01
1.750273132324218750e+01
1.750220870971679688e+01
1.750168991088867188e+01
1.750117301940917969e+01
1.750065803527832031e+01
1.750014495849609375e+01
1.749962997436523438e+01
1.749911880493164062e+01
1.749860763549804688e+01
1.749809837341308594e+01
1.749759101867675781e+01
1.749708557128906250e+01
1.749658012390136719e+01
1.749607658386230469e+01
1.749557495117187500e+01
1.749507141113281250e+01
1.749456977844238281e+01
1.749407196044921875e+01
1.749357414245605469e+01
1.749307823181152344e+01
1.749258422851562500e+01
1.749209022521972656e+01
1.749159622192382812e+01
1.749110603332519531e+01
1.749061584472656250e+01
1.749012565612792969e+01
1.748963928222656250e+01
1.748915290832519531e+01
1.748866653442382812e+01
1.748818588256835938e+01
1.748770141601562500e+01
1.748722076416015625e+01
1.748674011230468750e+01
1.748626136779785156e+01
1.748578453063964844e+01
1.748530769348144531e+01
1.748483276367187500e+01
1.748435974121093750e+01
1.748388671875000000e+01
1.748341560363769531e+01
1.748294639587402344e+01
1.748247528076171875e+01
1.748200988769531250e+01
1.748154258728027344e+01
1.748107719421386719e+01
1.748061370849609375e+01
1.748015022277832031e+01
1.747968864440917969e+01
1.747922897338867188e+01
1.747877120971679688e+01
1.747831344604492188e+01
1.747785568237304688e+01
1.747739982604980469e+01
1.747694587707519531e+01
1.747649192810058594e+01
1.747603988647460938e+01
1.747558784484863281e+01
1.747513961791992188e+01
1.747469139099121094e+01
1.747424507141113281e+01
1.747379875183105469e+01
1.747335433959960938e+01
1.747291183471679688e+01
1.747246742248535156e+01
1.747202682495117188e+01
1.747158813476562500e+01
1.747114753723144531e+01
1.747070884704589844e+01
1.747027397155761719e+01
1.746983909606933594e+01
1.746940422058105469e+01
1.746897125244140625e+01
1.746853828430175781e+01
1.746810722351074219e+01
1.746767807006835938e+01
1.746725082397460938e+01
1.746682357788085938e+01
1.746639633178710938e+01
1.746597099304199219e+01
1.746554756164550781e+01
1.746512413024902344e+01
1.746470451354980469e+01
1.746428298950195312e+01
1.746386528015136719e+01
1.746344757080078125e+01
1.746302986145019531e+01
1.746261215209960938e+01
1.746219825744628906e+01
1.746178627014160156e+01
1.746137237548828125e+01
1.746096038818359375e+01
1.746055221557617188e+01
1.746014213562011719e+01
1.745973396301269531e+01
1.745932769775390625e+01
1.745892143249511719e+01
1.745851707458496094e+01
1.745811271667480469e+01
1.745771026611328125e+01
1.745730972290039062e+01
1.745690917968750000e+01
1.745650863647460938e+01
1.745611190795898438e+01
1.745571327209472656e+01
1.745532035827636719e+01
1.745492362976074219e+01
1.745453071594238281e+01
1.745413970947265625e+01
1.745374870300292969e+01
1.745335769653320312e+01
1.745296669006347656e+01
1.745257949829101562e+01
1.745219039916992188e+01
1.745180511474609375e+01
1.745141983032226562e+01
1.745103645324707031e+01
1.745065498352050781e+01
1.745027351379394531e+01
1.744989013671875000e+01
1.744951248168945312e+01
1.744913291931152344e+01
1.744875526428222656e+01
1.744837951660156250e+01
1.744800186157226562e+01
1.744762802124023438e+01
1.744725608825683594e+01
1.744688415527343750e+01
1.744651222229003906e+01
1.744614219665527344e+01
1.744577407836914062e+01
1.744540596008300781e+01
1.744503784179687500e+01
1.744467163085937500e+01
1.744430732727050781e+01
1.744394302368164062e+01
1.744357872009277344e+01
1.744321632385253906e+01
1.744285583496093750e+01
1.744249534606933594e+01
1.744213676452636719e+01
1.744178009033203125e+01
1.744142150878906250e+01
1.744106674194335938e+01
1.744071197509765625e+01
1.744035720825195312e+01
1.744000434875488281e+01
1.743965339660644531e+01
1.743930053710937500e+01
1.743895149230957031e+01
1.743860435485839844e+01
1.743825721740722656e+01
1.743791007995605469e+01
1.743756294250488281e+01
1.743721771240234375e+01
1.743687438964843750e+01
1.743653106689453125e+01
1.743618965148925781e+01
1.743584823608398438e+01
1.743550872802734375e+01
1.743516921997070312e+01
1.743483161926269531e+01
1.743449401855468750e+01
1.743415832519531250e+01
1.743382263183593750e+01
1.743348884582519531e+01
1.743315696716308594e+01
1.743282508850097656e+01
1.743249320983886719e+01
1.743216133117675781e+01
1.743183135986328125e+01
1.743150520324707031e+01
1.743117713928222656e+01
1.743085098266601562e+01
1.743052482604980469e+01
1.743020057678222656e+01
1.742987632751464844e+01
1.742955398559570312e+01
1.742923164367675781e+01
1.742891120910644531e+01
1.742859077453613281e+01
1.742827224731445312e+01
1.742795372009277344e+01
1.742763710021972656e+01
1.742732048034667969e+01
1.742700576782226562e+01
1.742669105529785156e+01
1.742637825012207031e+01
1.742606544494628906e+01
1.742575263977050781e+01
1.742544364929199219e+01
1.742513275146484375e+01
1.742482376098632812e+01
1.742451477050781250e+01
1.742420959472656250e+01
1.742390251159667969e+01
1.742359733581542969e+01
1.742329216003417969e+01
1.742299079895019531e+01
1.742268753051757812e+01
1.742238426208496094e+01
1.742208290100097656e+01
1.742178535461425781e+01
1.742148590087890625e+01
1.742118644714355469e+01
1.742088890075683594e+01
1.742059326171875000e+01
1.742029953002929688e+01
1.742000389099121094e+01
1.741971015930175781e+01
1.741941642761230469e+01
1.741912460327148438e+01
1.741883277893066406e+01
1.741854286193847656e+01
1.741825485229492188e+01
1.741796493530273438e+01
1.741767883300781250e+01
1.741739082336425781e+01
1.741710472106933594e+01
1.741681861877441406e+01
1.741653633117675781e+01
1.741625213623046875e+01
1.741596984863281250e+01
1.741568565368652344e+01
1.741540527343750000e+01
1.741512489318847656e+01
1.741484832763671875e+01
1.741456794738769531e+01
1.741429138183593750e+01
1.741401290893554688e+01
1.741373825073242188e+01
1.741346359252929688e+01
1.741318893432617188e+01
1.741291427612304688e+01
1.741264152526855469e+01
1.741236877441406250e+01
1.741209983825683594e+01
1.741182899475097656e+01
1.741156005859375000e+01
1.741129112243652344e+01
1.741102409362792969e+01
1.741075515747070312e+01
1.741049003601074219e+01
1.741022682189941406e+01
1.740996170043945312e+01
1.740969657897949219e+01
1.740943336486816406e+01
1.740917205810546875e+01
1.740891075134277344e+01
1.740864944458007812e+01
1.740839004516601562e+01
1.740813064575195312e+01
1.740787315368652344e+01
1.740761566162109375e+01
1.740736007690429688e+01
1.740710449218750000e+01
1.740684700012207031e+01
1.740659332275390625e+01
1.740633964538574219e+01
1.740608787536621094e+01
1.740583610534667969e+01
1.740558433532714844e+01
1.740533447265625000e+01
1.740508460998535156e+01
1.740483665466308594e+01
1.740458869934082031e+01
1.740433883666992188e+01
1.740409469604492188e+01
1.740384864807128906e+01
1.740360260009765625e+01
1.740335845947265625e+01
1.740311241149902344e+01
1.740287208557128906e+01
1.740262794494628906e+01
1.740238761901855469e+01
1.740214729309082031e+01
1.740190696716308594e+01
1.740166664123535156e+01
1.740143013000488281e+01
1.740119171142578125e+01
1.740095520019531250e+01
1.740071868896484375e+01
1.740048217773437500e+01
1.740024948120117188e+01
1.740001296997070312e+01
1.739978027343750000e+01
1.739954757690429688e+01
1.739931488037109375e+01
1.739908409118652344e+01
1.739885520935058594e+01
1.739862442016601562e+01
1.739839363098144531e+01
1.739816665649414062e+01
1.739793777465820312e+01
1.739771080017089844e+01
1.739748573303222656e+01
1.739725875854492188e+01
1.739703369140625000e+01
1.739680862426757812e+01
1.739658546447753906e+01
1.739636230468750000e+01
1.739613914489746094e+01
1.739591789245605469e+01
1.739569664001464844e+01
1.739547729492187500e+01
1.739525794982910156e+01
1.739503669738769531e+01
1.739481735229492188e+01
1.739460182189941406e+01
1.739438247680664062e+01
1.739416694641113281e+01
1.739394950866699219e+01
1.739373588562011719e+01
1.739350128173828125e+01
1.739325714111328125e+01
1.739299774169921875e+01
1.739274978637695312e+01
1.739714241027832031e+01
1.739200592041015625e+01
1.739425086975097656e+01
1.769730377197265625e+01
1.737724876403808594e+01
1.736917114257812500e+01
1.736443138122558594e+01
1.736237335205078125e+01
1.736260414123535156e+01
1.736464691162109375e+01
1.736797332763671875e+01
1.737207984924316406e+01
1.737649536132812500e+01
1.738080787658691406e+01
1.738470840454101562e+01
1.738797187805175781e+01
1.739047622680664062e+01
1.739218902587890625e+01
1.739314651489257812e+01
1.739344215393066406e+01
1.739320564270019531e+01
1.739257621765136719e+01
1.739169502258300781e+01
1.739068984985351562e+01
1.738967132568359375e+01
1.738871574401855469e+01
1.738788223266601562e+01
1.738719940185546875e+01
1.738667869567871094e+01
1.738630676269531250e+01
1.738606834411621094e+01
1.738592910766601562e+01
1.738585853576660156e+01
1.738582611083984375e+01
1.738579940795898438e+01
1.738576316833496094e+01
1.738569641113281250e+01
1.738559722900390625e+01
1.738545608520507812e+01
1.738527679443359375e+01
1.738506698608398438e+01
1.738483619689941406e+01
1.738459014892578125e+01
1.738434028625488281e+01
1.738409233093261719e+01
1.738385009765625000e+01
1.738362503051757812e+01
1.738341140747070312e+01
1.738321304321289062e+01
1.738302993774414062e+01
1.738285636901855469e+01
1.738269233703613281e+01
1.738253211975097656e+01
1.738237571716308594e+01
1.738221549987792969e+01
1.738205337524414062e+01
1.738188934326171875e+01
1.738172149658203125e+01
1.738154792785644531e+01
1.738137245178222656e+01
1.738119125366210938e+01
1.738101005554199219e+01
1.738082885742187500e+01
1.738064765930175781e+01
1.738046836853027344e+01
1.738028907775878906e+01
1.738011550903320312e+01
1.737994384765625000e+01
1.737977409362792969e+01
1.737960624694824219e+01
1.737944030761718750e+01
1.737927627563476562e+01
1.737911224365234375e+01
1.737895011901855469e+01
1.737878608703613281e+01
1.737862396240234375e+01
1.737846183776855469e+01
1.737829589843750000e+01
1.737813186645507812e+01
1.737796783447265625e+01
1.737780189514160156e+01
1.737763595581054688e+01
1.737747001647949219e+01
1.737730598449707031e+01
1.737714195251464844e+01
1.737697982788085938e+01
1.737681388854980469e+01
1.737665367126464844e+01
1.737649345397949219e+01
1.737633132934570312e+01
1.737617301940917969e+01
1.737601470947265625e+01
1.737585639953613281e+01
1.737569808959960938e+01
1.737553977966308594e+01
1.737538528442382812e+01
1.737522888183593750e+01
1.737507247924804688e+01
1.737491798400878906e+01
1.737476158142089844e+01
1.737460708618164062e+01
1.737445259094238281e+01
1.737429809570312500e+01
1.737414550781250000e+01
1.737399101257324219e+01
1.737383842468261719e+01
1.737368583679199219e+01
1.737353324890136719e+01
1.737338066101074219e+01
1.737322998046875000e+01
1.737307548522949219e+01
1.737292480468750000e+01
1.737277221679687500e+01
1.737262153625488281e+01
1.737246894836425781e+01
1.737231826782226562e+01
1.737216377258300781e+01
1.737200927734375000e+01
1.737185478210449219e+01
1.737169837951660156e+01
1.737153816223144531e+01
1.737137413024902344e+01
1.737120246887207031e+01
1.737101745605468750e+01
1.737081336975097656e+01
1.737057113647460938e+01
1.737024497985839844e+01
1.736971664428710938e+01
1.736855316162109375e+01
1.736468124389648438e+01
1.734873771667480469e+01
1.735310935974121094e+01
1.732594490051269531e+01
1.734185600280761719e+01
1.735510826110839844e+01
1.736277580261230469e+01
1.736594009399414062e+01
1.736774253845214844e+01
1.737012481689453125e+01
1.734230995178222656e+01
1.731878089904785156e+01
1.731261444091796875e+01
1.732548332214355469e+01
1.734020423889160156e+01
1.734955596923828125e+01
1.735307121276855469e+01
1.735180664062500000e+01
1.734748077392578125e+01
1.734147453308105469e+01
1.733413696289062500e+01
1.732567787170410156e+01
1.731601715087890625e+01
1.730571746826171875e+01
1.729633903503417969e+01
1.728958320617675781e+01
1.728658866882324219e+01
1.728745651245117188e+01
1.729137802124023438e+01
1.729719161987304688e+01
1.730381202697753906e+01
1.731039810180664062e+01
1.731631469726562500e+01
1.732110786437988281e+01
1.732449340820312500e+01
1.732639503479003906e+01
1.732685089111328125e+01
1.732595062255859375e+01
1.732364845275878906e+01
1.732329177856445312e+01
1.731770133972167969e+01
1.731393051147460938e+01
1.730997276306152344e+01
1.730610466003417969e+01
1.730253219604492188e+01
1.729939651489257812e+01
1.729678344726562500e+01
1.729471969604492188e+01
1.729319572448730469e+01
1.729217147827148438e+01
1.729157447814941406e+01
1.729132080078125000e+01
1.729132461547851562e+01
1.729149818420410156e+01
1.729176139831542969e+01
1.729204177856445312e+01
1.729228973388671875e+01
1.729246520996093750e+01
1.728334617614746094e+01
1.782078933715820312e+01
1.764556312561035156e+01
1.719873428344726562e+01
1.716569900512695312e+01
1.714339828491210938e+01
1.713454246520996094e+01
1.713652038574218750e+01
1.714719390869140625e+01
1.716457176208496094e+01
1.718655967712402344e+01
1.721095848083496094e+01
1.723560523986816406e+01
1.725859069824218750e+01
1.727843666076660156e+01
1.729420852661132812e+01
1.730554771423339844e+01
1.731259727478027344e+01
1.731588172912597656e+01
1.731615257263183594e+01
1.731424140930175781e+01
1.731095695495605469e+01
1.730700302124023438e+01
1.730293464660644531e+01
1.729916000366210938e+01
1.729592895507812500e+01
1.729336738586425781e+01
1.729150962829589844e+01
1.729030227661132812e+01
1.728963851928710938e+01
1.728938484191894531e+01
1.728938865661621094e+01
1.728951454162597656e+01
1.728963851928710938e+01
1.728967475891113281e+01
1.728955841064453125e+01
1.728927421569824219e+01
1.728881835937500000e+01
1.728820228576660156e+01
1.728743743896484375e+01
1.728648757934570312e+01
1.728519058227539062e+01
1.728296852111816406e+01
1.727821159362792969e+01
1.733036041259765625e+01
1.728116989135742188e+01
1.728063011169433594e+01
1.727998924255371094e+01
1.727993965148925781e+01
1.728038597106933594e+01
1.728118324279785156e+01
1.728218460083007812e+01
1.728324127197265625e+01
1.728414535522460938e+01
1.728477859497070312e+01
1.728420257568359375e+01
1.728001976013183594e+01
1.737786865234375000e+01
1.727634620666503906e+01
1.727978515625000000e+01
1.728279876708984375e+01
1.727736091613769531e+01
1.727714538574218750e+01
1.727776527404785156e+01
1.727881813049316406e+01
1.728012084960937500e+01
1.728150367736816406e+01
1.728280639648437500e+01
1.728390884399414062e+01
