3.928923416137695312e+01
3.859239959716796875e+01
3.786822509765625000e+01
3.708058166503906250e+01
3.622585296630859375e+01
3.532036209106445312e+01
3.436839294433593750e+01
3.337364196777343750e+01
3.234033203125000000e+01
3.127333259582519531e+01
3.017812156677246094e+01
2.906087303161621094e+01
2.792849731445312500e+01
2.678861808776855469e+01
2.564951324462890625e+01
2.451993942260742188e+01
2.340890312194824219e+01
2.232540893554687500e+01
2.127814674377441406e+01
2.027518844604492188e+01
1.932368469238281250e+01
1.842962265014648438e+01
1.759761238098144531e+01
1.683080673217773438e+01
1.613086891174316406e+01
1.549806118011474609e+01
1.493137168884277344e+01
1.442871856689453125e+01
1.398716735839843750e+01
1.360313415527343750e+01
1.327259826660156250e+01
1.299126434326171875e+01
1.275470542907714844e+01
1.255847740173339844e+01
1.239820098876953125e+01
1.226962566375732422e+01
1.216869449615478516e+01
1.209156322479248047e+01
1.203465270996093750e+01
1.199466514587402344e+01
1.196859645843505859e+01
1.195376205444335938e+01
1.194778156280517578e+01
1.194858646392822266e+01
1.195440006256103516e+01
1.196373462677001953e+01
1.197535228729248047e+01
1.198825836181640625e+01
1.200166225433349609e+01
1.201495838165283203e+01
1.202770328521728516e+01
1.203958320617675781e+01
1.205039882659912109e+01
1.206003379821777344e+01
1.206845188140869141e+01
1.207566738128662109e+01
1.208172893524169922e+01
1.208672332763671875e+01
1.209074687957763672e+01
1.209391307830810547e+01
1.209633445739746094e+01
1.209812068939208984e+01
1.209938049316406250e+01
1.210021114349365234e+01
1.210070514678955078e+01
1.210093593597412109e+01
1.210097694396972656e+01
1.210088157653808594e+01
1.210070133209228516e+01
1.210047435760498047e+01
1.210022830963134766e+01
1.209998607635498047e+01
1.209976577758789062e+01
1.209957790374755859e+01
1.209942913055419922e+01
1.209932231903076172e+01
1.209925556182861328e+01
1.209922885894775391e+01
1.209924125671386719e+01
1.209928321838378906e+01
1.209935283660888672e+01
1.209944534301757812e+01
1.209955310821533203e+01
1.209967422485351562e+01
1.209980106353759766e+01
1.209993076324462891e+01
1.210006237030029297e+01
1.210018920898437500e+01
1.210031032562255859e+01
1.210042285919189453e+01
1.210052680969238281e+01
1.210061931610107422e+01
1.210070323944091797e+01
1.210077476501464844e+01
1.210083484649658203e+01
1.210088443756103516e+01
1.210092449188232422e+01
1.210095405578613281e+01
1.210097694396972656e+01
1.210098934173583984e+01
1.210099601745605469e+01
1.210099792480468750e+01
1.210099411010742188e+01
1.210098552703857422e+01
1.210097217559814453e+01
1.210095787048339844e+01
1.210094070434570312e+01
1.210092258453369141e+01
1.210090160369873047e+01
1.210088253021240234e+01
1.210086345672607422e+01
1.210084438323974609e+01
1.210082626342773438e+01
1.210080814361572266e+01
1.210079288482666016e+01
1.210077762603759766e+01
1.210076427459716797e+01
1.210075187683105469e+01
1.210074043273925781e+01
1.210073184967041016e+01
1.210072326660156250e+01
1.210071563720703125e+01
1.210071086883544922e+01
1.210070514678955078e+01
1.210069942474365234e+01
1.210069751739501953e+01
1.210069561004638672e+01
1.210069465637207031e+01
1.210069274902343750e+01
1.210069274902343750e+01
1.210068988800048828e+01
1.210068988800048828e+01
1.210068893432617188e+01
1.210068893432617188e+01
1.210068893432617188e+01
1.210068798065185547e+01
1.210068798065185547e+01
1.210068702697753906e+01
1.210068702697753906e+01
1.210068607330322266e+01
1.210068416595458984e+01
1.210068416595458984e+01
1.210068416595458984e+01
1.210068130493164062e+01
1.210068130493164062e+01
1.210068035125732422e+01
1.210067939758300781e+01
1.210067749023437500e+01
1.210067749023437500e+01
1.210067367553710938e+01
1.210067272186279297e+01
1.210067081451416016e+01
1.210066890716552734e+01
1.210066890716552734e+01
1.210066699981689453e+01
1.210066413879394531e+01
1.210066223144531250e+01
1.210066223144531250e+01
1.210066032409667969e+01
1.210065841674804688e+01
1.210065555572509766e+01
1.210065555572509766e+01
1.210065364837646484e+01
1.210065269470214844e+01
1.210065174102783203e+01
1.210064983367919922e+01
1.210064983367919922e+01
1.210064697265625000e+01
1.210064697265625000e+01
1.210064506530761719e+01
1.210064315795898438e+01
1.210064315795898438e+01
1.210064315795898438e+01
1.210064125061035156e+01
1.210064125061035156e+01
1.210063838958740234e+01
1.210063838958740234e+01
1.210063743591308594e+01
1.210063648223876953e+01
1.210063648223876953e+01
1.210063552856445312e+01
1.210063457489013672e+01
1.210063362121582031e+01
1.210063362121582031e+01
1.210063266754150391e+01
1.210063171386718750e+01
1.210062980651855469e+01
1.210062980651855469e+01
1.210062885284423828e+01
1.210062789916992188e+01
1.210062789916992188e+01
1.210062599182128906e+01
1.210062599182128906e+01
1.210062599182128906e+01
1.210062408447265625e+01
1.210062408447265625e+01
1.210062313079833984e+01
1.210062217712402344e+01
1.210062217712402344e+01
1.210061931610107422e+01
1.210061931610107422e+01
1.210061836242675781e+01
1.210061740875244141e+01
1.210061740875244141e+01
1.210061645507812500e+01
1.210061550140380859e+01
1.210061550140380859e+01
1.210061359405517578e+01
1.210061359405517578e+01
1.210061359405517578e+01
1.210061168670654297e+01
1.210061168670654297e+01
1.210061073303222656e+01
1.210060977935791016e+01
1.210060977935791016e+01
1.210060882568359375e+01
1.210060882568359375e+01
1.210060882568359375e+01
1.210060787200927734e+01
1.210060691833496094e+01
1.210060691833496094e+01
1.210060691833496094e+01
1.210060501098632812e+01
1.210060501098632812e+01
1.210060501098632812e+01
1.210060214996337891e+01
1.210060214996337891e+01
1.210060119628906250e+01
1.210060119628906250e+01
1.210060119628906250e+01
1.210060024261474609e+01
1.210060024261474609e+01
1.210060024261474609e+01
1.210059928894042969e+01
1.210059833526611328e+01
1.210059833526611328e+01
1.210059833526611328e+01
1.210059642791748047e+01
1.210059738159179688e+01
1.210059642791748047e+01
1.210059642791748047e+01
1.210059642791748047e+01
1.210059356689453125e+01
1.210059356689453125e+01
1.210059356689453125e+01
1.210059261322021484e+01
1.210059356689453125e+01
1.210059356689453125e+01
1.210059165954589844e+01
1.210059165954589844e+01
1.210059165954589844e+01
1.210058975219726562e+01
1.210058975219726562e+01
1.210058975219726562e+01
1.210058975219726562e+01
1.210058975219726562e+01
1.210058879852294922e+01
1.210058879852294922e+01
1.210058784484863281e+01
1.210058784484863281e+01
1.210058784484863281e+01
1.210058784484863281e+01
1.210058689117431641e+01
1.210058498382568359e+01
1.210058498382568359e+01
1.210058498382568359e+01
1.210058403015136719e+01
1.210058307647705078e+01
1.210058307647705078e+01
1.210058307647705078e+01
1.210058212280273438e+01
1.210058212280273438e+01
1.210058116912841797e+01
1.210058116912841797e+01
1.210058116912841797e+01
1.210058116912841797e+01
1.210058212280273438e+01
1.210058116912841797e+01
1.210058116912841797e+01
1.210058021545410156e+01
1.210058116912841797e+01
1.210057926177978516e+01
1.210057926177978516e+01
1.210057926177978516e+01
1.210057926177978516e+01
1.210057926177978516e+01
1.210057926177978516e+01
1.210057926177978516e+01
1.210057640075683594e+01
1.210057640075683594e+01
1.210057640075683594e+01
1.210057640075683594e+01
1.210057640075683594e+01
1.210057640075683594e+01
1.210057449340820312e+01
1.210057449340820312e+01
1.210057449340820312e+01
1.210057449340820312e+01
1.210057449340820312e+01
1.210057449340820312e+01
1.210057353973388672e+01
1.210057258605957031e+01
1.210057258605957031e+01
1.210057258605957031e+01
1.210057258605957031e+01
1.210057258605957031e+01
1.210057163238525391e+01
1.210057258605957031e+01
1.210057163238525391e+01
1.210057163238525391e+01
1.210057067871093750e+01
1.210057163238525391e+01
1.210057067871093750e+01
1.210056972503662109e+01
1.210057067871093750e+01
1.210056972503662109e+01
1.210056972503662109e+01
1.210056972503662109e+01
1.210056781768798828e+01
1.210056781768798828e+01
1.210056781768798828e+01
1.210056781768798828e+01
1.210056686401367188e+01
1.210056686401367188e+01
1.210056686401367188e+01
1.210056686401367188e+01
1.210056686401367188e+01
1.210056591033935547e+01
1.210056591033935547e+01
1.210056591033935547e+01
1.210056591033935547e+01
1.210056495666503906e+01
1.210056495666503906e+01
1.210056495666503906e+01
1.210056400299072266e+01
1.210056495666503906e+01
1.210056400299072266e+01
1.210056400299072266e+01
1.210056400299072266e+01
1.210056304931640625e+01
1.210056304931640625e+01
1.210056304931640625e+01
1.210056304931640625e+01
1.210056209564208984e+01
1.210056304931640625e+01
1.210056209564208984e+01
1.210056209564208984e+01
1.210056114196777344e+01
1.210056114196777344e+01
1.210056114196777344e+01
1.210056114196777344e+01
1.210056114196777344e+01
1.210056114196777344e+01
1.210056114196777344e+01
1.210056114196777344e+01
1.210056114196777344e+01
1.210055923461914062e+01
1.210055828094482422e+01
1.210055923461914062e+01
1.210055828094482422e+01
1.210055828094482422e+01
1.210055828094482422e+01
1.210055828094482422e+01
1.210055828094482422e+01
1.210055732727050781e+01
1.210055828094482422e+01
1.210055828094482422e+01
1.210055732727050781e+01
1.210055732727050781e+01
1.210055732727050781e+01
1.210055637359619141e+01
1.210055732727050781e+01
1.210055637359619141e+01
1.210055637359619141e+01
1.210055637359619141e+01
1.210055541992187500e+01
1.210055637359619141e+01
1.210055637359619141e+01
1.210055541992187500e+01
1.210055541992187500e+01
1.210055541992187500e+01
1.210055637359619141e+01
1.210055446624755859e+01
1.210055446624755859e+01
1.210055446624755859e+01
1.210055541992187500e+01
1.210055446624755859e+01
1.210055446624755859e+01
1.210055446624755859e+01
1.210055446624755859e+01
1.210055351257324219e+01
1.210055351257324219e+01
1.210055351257324219e+01
1.210055446624755859e+01
1.210055351257324219e+01
1.210055255889892578e+01
1.210055255889892578e+01
1.210055255889892578e+01
1.210055255889892578e+01
1.210055255889892578e+01
1.210055255889892578e+01
1.210055255889892578e+01
1.210055065155029297e+01
1.210055065155029297e+01
1.210055065155029297e+01
1.210055065155029297e+01
1.210054969787597656e+01
1.210054969787597656e+01
1.210055065155029297e+01
1.210054969787597656e+01
1.210054969787597656e+01
1.210054969787597656e+01
1.210054969787597656e+01
1.210054969787597656e+01
1.210054969787597656e+01
1.210054969787597656e+01
1.210054969787597656e+01
1.210054969787597656e+01
1.210054969787597656e+01
1.210054874420166016e+01
1.210054874420166016e+01
1.210054779052734375e+01
1.210054779052734375e+01
1.210054779052734375e+01
1.210054874420166016e+01
1.210054779052734375e+01
1.210054779052734375e+01
1.210054683685302734e+01
1.210054779052734375e+01
1.210054779052734375e+01
1.210054683685302734e+01
1.210054683685302734e+01
1.210054779052734375e+01
1.210054683685302734e+01
1.210054683685302734e+01
1.210054683685302734e+01
1.210054683685302734e+01
1.210054683685302734e+01
1.210054683685302734e+01
1.210054683685302734e+01
1.210054588317871094e+01
1.210054683685302734e+01
1.210054683685302734e+01
1.210054588317871094e+01
1.210054588317871094e+01
1.210054588317871094e+01
1.210054588317871094e+01
1.210054492950439453e+01
1.210054683685302734e+01
1.210054588317871094e+01
1.210054588317871094e+01
1.210054588317871094e+01
1.210054492950439453e+01
1.210054397583007812e+01
1.210054492950439453e+01
1.210054492950439453e+01
1.210054397583007812e+01
1.210054492950439453e+01
1.210054492950439453e+01
1.210054397583007812e+01
1.210054302215576172e+01
1.210054397583007812e+01
1.210054302215576172e+01
1.210054302215576172e+01
1.210054302215576172e+01
1.210054302215576172e+01
1.210054302215576172e+01
1.210054302215576172e+01
1.210054302215576172e+01
1.210054302215576172e+01
1.210054302215576172e+01
1.210054111480712891e+01
1.210054111480712891e+01
1.210054302215576172e+01
1.210054302215576172e+01
1.210054302215576172e+01
1.210054111480712891e+01
1.210054111480712891e+01
1.210054111480712891e+01
1.210054111480712891e+01
1.210054016113281250e+01
1.210054111480712891e+01
1.210054111480712891e+01
1.210054016113281250e+01
1.210054016113281250e+01
1.210054016113281250e+01
1.210054016113281250e+01
1.210054016113281250e+01
1.210054016113281250e+01
1.210054016113281250e+01
1.210054016113281250e+01
1.210054016113281250e+01
1.210054016113281250e+01
1.210054016113281250e+01
1.210053920745849609e+01
1.210053920745849609e+01
1.210054016113281250e+01
1.210053920745849609e+01
1.210054016113281250e+01
1.210053825378417969e+01
1.210054016113281250e+01
1.210053920745849609e+01
1.210053825378417969e+01
1.210053825378417969e+01
1.210053825378417969e+01
1.210053825378417969e+01
1.210053825378417969e+01
1.210053825378417969e+01
1.210053825378417969e+01
1.210053825378417969e+01
1.210053825378417969e+01
1.210053825378417969e+01
1.210053825378417969e+01
1.210053825378417969e+01
1.210053825378417969e+01
1.210053825378417969e+01
1.210053825378417969e+01
1.210053825378417969e+01
1.210053730010986328e+01
1.210053634643554688e+01
1.210053730010986328e+01
1.210053730010986328e+01
1.210053730010986328e+01
1.210053730010986328e+01
1.210053634643554688e+01
1.210053730010986328e+01
1.210053634643554688e+01
1.210053634643554688e+01
1.210053634643554688e+01
1.210053634643554688e+01
1.210053634643554688e+01
1.210053634643554688e+01
1.210053634643554688e+01
1.210053634643554688e+01
1.210053634643554688e+01
1.210053539276123047e+01
1.210053634643554688e+01
1.210053634643554688e+01
1.210053539276123047e+01
1.210053539276123047e+01
1.210053539276123047e+01
1.210053539276123047e+01
1.210053634643554688e+01
1.210053539276123047e+01
1.210053539276123047e+01
1.210053443908691406e+01
1.210053443908691406e+01
1.210053443908691406e+01
1.210053443908691406e+01
1.210053443908691406e+01
1.210053443908691406e+01
1.210053443908691406e+01
1.210053443908691406e+01
1.210053443908691406e+01
1.210053443908691406e+01
1.210053443908691406e+01
1.210053443908691406e+01
1.210053253173828125e+01
1.210053253173828125e+01
1.210053443908691406e+01
1.210053443908691406e+01
1.210053443908691406e+01
1.210053157806396484e+01
1.210053253173828125e+01
1.210053157806396484e+01
1.210053157806396484e+01
1.210053157806396484e+01
1.210053157806396484e+01
1.210053157806396484e+01
1.210053157806396484e+01
1.210053157806396484e+01
1.210053157806396484e+01
1.210053253173828125e+01
1.210053157806396484e+01
1.210053157806396484e+01
1.210053157806396484e+01
1.210053157806396484e+01
1.210053157806396484e+01
1.210053157806396484e+01
1.210053157806396484e+01
1.210053157806396484e+01
1.210053157806396484e+01
1.210053157806396484e+01
1.210053157806396484e+01
1.210053157806396484e+01
1.210053157806396484e+01
1.210053157806396484e+01
1.210053157806396484e+01
1.210053157806396484e+01
1.210053062438964844e+01
1.210053062438964844e+01
1.210052967071533203e+01
1.210052967071533203e+01
1.210053062438964844e+01
1.210053062438964844e+01
1.210053062438964844e+01
1.210052967071533203e+01
1.210053062438964844e+01
1.210052967071533203e+01
1.210052967071533203e+01
1.210052967071533203e+01
1.210052967071533203e+01
1.210052967071533203e+01
1.210052967071533203e+01
1.210052967071533203e+01
1.210052967071533203e+01
1.210052967071533203e+01
1.210053062438964844e+01
1.210052967071533203e+01
1.210052967071533203e+01
1.210052967071533203e+01
1.210052967071533203e+01
1.210052967071533203e+01
1.210052967071533203e+01
1.210052871704101562e+01
1.210052871704101562e+01
1.210052967071533203e+01
1.210052967071533203e+01
1.210052871704101562e+01
1.210052967071533203e+01
1.210052967071533203e+01
1.210052967071533203e+01
1.210052967071533203e+01
1.210052967071533203e+01
1.210052967071533203e+01
1.210052967071533203e+01
1.210052776336669922e+01
1.210052776336669922e+01
1.210052776336669922e+01
1.210052776336669922e+01
1.210052776336669922e+01
1.210052776336669922e+01
1.210052776336669922e+01
1.210052776336669922e+01
1.210052776336669922e+01
1.210052776336669922e+01
1.210052776336669922e+01
1.210052776336669922e+01
1.210052776336669922e+01
1.210052776336669922e+01
1.210052776336669922e+01
1.210052680969238281e+01
1.210052776336669922e+01
1.210052776336669922e+01
1.210052680969238281e+01
1.210052776336669922e+01
1.210052680969238281e+01
1.210052776336669922e+01
1.210052776336669922e+01
1.210052776336669922e+01
1.210052776336669922e+01
1.210052776336669922e+01
1.210052776336669922e+01
1.210052776336669922e+01
1.210052776336669922e+01
1.210052776336669922e+01
1.210052776336669922e+01
1.210052776336669922e+01
1.210052776336669922e+01
1.210052776336669922e+01
1.210052776336669922e+01
1.210052680969238281e+01
1.210052680969238281e+01
1.210052585601806641e+01
1.210052585601806641e+01
1.210052585601806641e+01
1.210052585601806641e+01
1.210052585601806641e+01
1.210052585601806641e+01
1.210052585601806641e+01
1.210052585601806641e+01
1.210052585601806641e+01
1.210052585601806641e+01
1.210052585601806641e+01
1.210052585601806641e+01
1.210052585601806641e+01
1.210052585601806641e+01
1.210052585601806641e+01
1.210052585601806641e+01
1.210052585601806641e+01
1.210052585601806641e+01
1.210052585601806641e+01
1.210052585601806641e+01
1.210052394866943359e+01
1.210052585601806641e+01
1.210052394866943359e+01
1.210052394866943359e+01
1.210052394866943359e+01
1.210052394866943359e+01
1.210052299499511719e+01
1.210052299499511719e+01
1.210052299499511719e+01
1.210052299499511719e+01
1.210052299499511719e+01
1.210052299499511719e+01
1.210052585601806641e+01
1.210052299499511719e+01
1.210052585601806641e+01
1.210052394866943359e+01
1.210052394866943359e+01
1.210052394866943359e+01
1.210052394866943359e+01
1.210052299499511719e+01
1.210052299499511719e+01
1.210052299499511719e+01
1.210052299499511719e+01
1.210052299499511719e+01
1.210052299499511719e+01
1.210052299499511719e+01
1.210052299499511719e+01
1.210052299499511719e+01
1.210052299499511719e+01
1.210052204132080078e+01
1.210052299499511719e+01
1.210052299499511719e+01
1.210052299499511719e+01
1.210052299499511719e+01
1.210052299499511719e+01
1.210052299499511719e+01
1.210052299499511719e+01
1.210052299499511719e+01
1.210052299499511719e+01
1.210052299499511719e+01
1.210052299499511719e+01
1.210052299499511719e+01
1.210052108764648438e+01
1.210052108764648438e+01
1.210052108764648438e+01
1.210052108764648438e+01
1.210052204132080078e+01
1.210052108764648438e+01
1.210052108764648438e+01
1.210052108764648438e+01
1.210052108764648438e+01
1.210052108764648438e+01
1.210052204132080078e+01
1.210052299499511719e+01
1.210052108764648438e+01
1.210052299499511719e+01
1.210052299499511719e+01
1.210052299499511719e+01
1.210052108764648438e+01
1.210052108764648438e+01
1.210052108764648438e+01
1.210052108764648438e+01
1.210052108764648438e+01
1.210052108764648438e+01
1.210052108764648438e+01
1.210052108764648438e+01
1.210052108764648438e+01
1.210052108764648438e+01
1.210052108764648438e+01
1.210051918029785156e+01
1.210051918029785156e+01
1.210051918029785156e+01
1.210052013397216797e+01
1.210052013397216797e+01
1.210052013397216797e+01
1.210052013397216797e+01
1.210052108764648438e+01
1.210052013397216797e+01
1.210052013397216797e+01
1.210052013397216797e+01
1.210052108764648438e+01
1.210052108764648438e+01
1.210052108764648438e+01
1.210052108764648438e+01
1.210052108764648438e+01
1.210052108764648438e+01
1.210052108764648438e+01
1.210052013397216797e+01
1.210051918029785156e+01
1.210051918029785156e+01
1.210051918029785156e+01
1.210051918029785156e+01
1.210051918029785156e+01
1.210051918029785156e+01
1.210051918029785156e+01
1.210051918029785156e+01
1.210051918029785156e+01
1.210051822662353516e+01
1.210051918029785156e+01
1.210051918029785156e+01
1.210051822662353516e+01
1.210051918029785156e+01
1.210051918029785156e+01
1.210051918029785156e+01
1.210051918029785156e+01
1.210052013397216797e+01
1.210052108764648438e+01
1.210051918029785156e+01
1.210052013397216797e+01
1.210052013397216797e+01
1.210051918029785156e+01
1.210051918029785156e+01
1.210051918029785156e+01
1.210051918029785156e+01
1.210051918029785156e+01
1.210051918029785156e+01
1.210051918029785156e+01
1.210051918029785156e+01
1.210051918029785156e+01
1.210051918029785156e+01
1.210051727294921875e+01
1.210051918029785156e+01
1.210051918029785156e+01
1.210051822662353516e+01
1.210051822662353516e+01
1.210051822662353516e+01
1.210051822662353516e+01
1.210051822662353516e+01
1.210051727294921875e+01
1.210051727294921875e+01
1.210051727294921875e+01
1.210051727294921875e+01
1.210051727294921875e+01
1.210051727294921875e+01
1.210051727294921875e+01
1.210051727294921875e+01
1.210051727294921875e+01
1.210051727294921875e+01
1.210051727294921875e+01
1.210051727294921875e+01
1.210051822662353516e+01
1.210051727294921875e+01
1.210051727294921875e+01
1.210051727294921875e+01
1.210051822662353516e+01
1.210051918029785156e+01
1.210051822662353516e+01
1.210051918029785156e+01
1.210051918029785156e+01
1.210051918029785156e+01
1.210051918029785156e+01
1.210051822662353516e+01
1.210051822662353516e+01
1.210051727294921875e+01
1.210051727294921875e+01
1.210051727294921875e+01
1.210051536560058594e+01
1.210051536560058594e+01
1.210051441192626953e+01
1.210051536560058594e+01
1.210051727294921875e+01
1.210051536560058594e+01
1.210051536560058594e+01
1.210051536560058594e+01
1.210051536560058594e+01
1.210051441192626953e+01
1.210051441192626953e+01
1.210051441192626953e+01
1.210051441192626953e+01
1.210051536560058594e+01
1.210051441192626953e+01
1.210051441192626953e+01
1.210051441192626953e+01
1.210051727294921875e+01
1.210051727294921875e+01
1.210051727294921875e+01
1.210051727294921875e+01
1.210051727294921875e+01
1.210051727294921875e+01
1.210051727294921875e+01
1.210051918029785156e+01
1.210051918029785156e+01
1.210051727294921875e+01
1.210051727294921875e+01
1.210051727294921875e+01
1.210051727294921875e+01
1.210051536560058594e+01
1.210051727294921875e+01
1.210051536560058594e+01
1.210051441192626953e+01
1.210051441192626953e+01
1.210051441192626953e+01
1.210051441192626953e+01
1.210051441192626953e+01
1.210051441192626953e+01
1.210051441192626953e+01
1.210051441192626953e+01
1.210051441192626953e+01
1.210051345825195312e+01
1.210051345825195312e+01
1.210051250457763672e+01
1.210051441192626953e+01
1.210051250457763672e+01
1.210051441192626953e+01
1.210051441192626953e+01
1.210051441192626953e+01
1.210051441192626953e+01
1.210051441192626953e+01
1.210051441192626953e+01
1.210051441192626953e+01
1.210051441192626953e+01
1.210051441192626953e+01
1.210051441192626953e+01
1.210051441192626953e+01
1.210051441192626953e+01
1.210051441192626953e+01
1.210051441192626953e+01
1.210051441192626953e+01
1.210051441192626953e+01
1.210051441192626953e+01
1.210051441192626953e+01
1.210051441192626953e+01
1.210051441192626953e+01
1.210051441192626953e+01
1.210051441192626953e+01
1.210051250457763672e+01
1.210051441192626953e+01
1.210051345825195312e+01
1.210051441192626953e+01
1.210051345825195312e+01
1.210051441192626953e+01
1.210051441192626953e+01
1.210051345825195312e+01
1.210051441192626953e+01
1.210051250457763672e+01
1.210051345825195312e+01
1.210051250457763672e+01
1.210051250457763672e+01
1.210051250457763672e+01
1.210051250457763672e+01
1.210051250457763672e+01
1.210051250457763672e+01
1.210051250457763672e+01
1.210051250457763672e+01
1.210051250457763672e+01
1.210051250457763672e+01
1.210051250457763672e+01
1.210051250457763672e+01
1.210051250457763672e+01
1.210051250457763672e+01
1.210051250457763672e+01
1.210051250457763672e+01
1.210051250457763672e+01
1.210051250457763672e+01
1.210051250457763672e+01
1.210051250457763672e+01
1.210051250457763672e+01
1.210051155090332031e+01
1.210051155090332031e+01
1.210051155090332031e+01
1.210051250457763672e+01
1.210051250457763672e+01
1.210051250457763672e+01
1.210051250457763672e+01
1.210051250457763672e+01
1.210051250457763672e+01
1.210051250457763672e+01
1.210051250457763672e+01
1.210051059722900391e+01
1.210051250457763672e+01
1.210051250457763672e+01
1.210051250457763672e+01
1.210051155090332031e+01
1.210051059722900391e+01
1.210051155090332031e+01
1.210051059722900391e+01
1.210051059722900391e+01
1.210051059722900391e+01
1.210051059722900391e+01
1.210051059722900391e+01
1.210051059722900391e+01
1.210051059722900391e+01
1.210051155090332031e+01
1.210051059722900391e+01
1.210051250457763672e+01
1.210051155090332031e+01
1.210051155090332031e+01
1.210051059722900391e+01
1.210051155090332031e+01
1.210051250457763672e+01
1.210051250457763672e+01
1.210051250457763672e+01
1.210051155090332031e+01
1.210051250457763672e+01
1.210051250457763672e+01
1.210051155090332031e+01
1.210051250457763672e+01
1.210051155090332031e+01
1.210051250457763672e+01
1.210051250457763672e+01
1.210051059722900391e+01
1.210051155090332031e+01
1.210051059722900391e+01
1.210051250457763672e+01
1.210051250457763672e+01
1.210051059722900391e+01
1.210051250457763672e+01
1.210051250457763672e+01
1.210051155090332031e+01
1.210051155090332031e+01
1.210051059722900391e+01
1.210051059722900391e+01
1.210051059722900391e+01
1.210051059722900391e+01
1.210051059722900391e+01
1.210051059722900391e+01
1.210050964355468750e+01
