1.530867338180541992e+00
1.449485301971435547e+00
1.374226927757263184e+00
1.313340067863464355e+00
1.262450337409973145e+00
1.220137715339660645e+00
1.185514211654663086e+00
1.158011913299560547e+00
1.137083172798156738e+00
1.122063279151916504e+00
1.111935973167419434e+00
1.105271100997924805e+00
1.100608706474304199e+00
1.097006440162658691e+00
1.094165682792663574e+00
1.092136383056640625e+00
1.091001868247985840e+00
1.090749740600585938e+00
1.091287493705749512e+00
1.092476487159729004e+00
1.094111442565917969e+00
1.095890522003173828e+00
1.097451329231262207e+00
1.098476767539978027e+00
1.098805189132690430e+00
1.098471045494079590e+00
1.097655892372131348e+00
1.096592187881469727e+00
1.095480918884277344e+00
1.094452500343322754e+00
1.093570470809936523e+00
1.092851281166076660e+00
1.092285871505737305e+00
1.091854572296142578e+00
1.091538310050964355e+00
1.091324329376220703e+00
1.091207146644592285e+00
1.091181874275207520e+00
1.091237902641296387e+00
1.091356635093688965e+00
1.091514468193054199e+00
1.091688036918640137e+00
1.091858625411987305e+00
1.092012286186218262e+00
1.092140436172485352e+00
1.092239260673522949e+00
1.092309832572937012e+00
1.092356085777282715e+00
1.092383384704589844e+00
1.092395901679992676e+00
1.092396140098571777e+00
1.092386603355407715e+00
1.092368960380554199e+00
1.092344999313354492e+00
1.092316865921020508e+00
1.092286467552185059e+00
1.092255592346191406e+00
1.092225909233093262e+00
1.092199087142944336e+00
1.092175722122192383e+00
1.092156648635864258e+00
1.092142224311828613e+00
1.092132091522216797e+00
1.092125892639160156e+00
1.092123270034790039e+00
1.092123985290527344e+00
1.092127323150634766e+00
1.092133641242980957e+00
1.092142343521118164e+00
1.092152714729309082e+00
1.092164397239685059e+00
1.092176079750061035e+00
1.092186927795410156e+00
1.092195749282836914e+00
1.092202305793762207e+00
1.092205882072448730e+00
1.092206835746765137e+00
1.092205643653869629e+00
1.092202425003051758e+00
1.092198133468627930e+00
1.092193245887756348e+00
1.092188358306884766e+00
1.092183828353881836e+00
1.092180132865905762e+00
1.092176914215087891e+00
1.092174768447875977e+00
1.092173576354980469e+00
1.092173337936401367e+00
1.092173814773559570e+00
1.092174887657165527e+00
1.092176437377929688e+00
1.092177987098693848e+00
1.092179656028747559e+00
1.092181086540222168e+00
1.092182278633117676e+00
1.092183113098144531e+00
1.092183709144592285e+00
1.092184066772460938e+00
1.092183947563171387e+00
1.092183589935302734e+00
1.092183232307434082e+00
1.092182636260986328e+00
1.092182040214538574e+00
1.092181444168090820e+00
1.092180967330932617e+00
1.092180609703063965e+00
1.092180252075195312e+00
1.092179894447326660e+00
1.092179656028747559e+00
1.092179417610168457e+00
1.092179179191589355e+00
1.092178940773010254e+00
1.092178583145141602e+00
1.092178225517272949e+00
1.092177867889404297e+00
1.092177510261535645e+00
1.092177152633666992e+00
1.092176675796508789e+00
1.092176079750061035e+00
1.092175364494323730e+00
1.092174530029296875e+00
1.092173814773559570e+00
1.092172861099243164e+00
1.092171907424926758e+00
1.092170715332031250e+00
1.092169523239135742e+00
1.092168211936950684e+00
1.092166662216186523e+00
1.092165112495422363e+00
1.092163443565368652e+00
1.092161655426025391e+00
1.092159628868103027e+00
1.092157363891601562e+00
1.092154979705810547e+00
1.092152237892150879e+00
1.092149257659912109e+00
1.092146039009094238e+00
1.092142462730407715e+00
1.092138528823852539e+00
1.092134118080139160e+00
1.092129111289978027e+00
1.092123508453369141e+00
1.092117190361022949e+00
1.092110037803649902e+00
1.092102050781250000e+00
1.092092752456665039e+00
1.092082262039184570e+00
1.092070102691650391e+00
1.092056155204772949e+00
1.092039704322814941e+00
1.092020273208618164e+00
1.091997385025024414e+00
1.091969966888427734e+00
1.091936945915222168e+00
1.091896772384643555e+00
1.091847300529479980e+00
1.091786623001098633e+00
1.091712236404418945e+00
1.091621041297912598e+00
1.091508626937866211e+00
1.091370940208435059e+00
1.091203331947326660e+00
1.090996742248535156e+00
1.090742588043212891e+00
1.090490102767944336e+00
1.090249896049499512e+00
1.089965820312500000e+00
1.089634060859680176e+00
1.089251160621643066e+00
1.088810086250305176e+00
1.088299274444580078e+00
1.087698936462402344e+00
1.086871385574340820e+00
1.085656166076660156e+00
1.084273457527160645e+00
1.082933187484741211e+00
1.081618428230285645e+00
1.083639979362487793e+00
1.080702185630798340e+00
1.077301263809204102e+00
1.074713349342346191e+00
1.074212789535522461e+00
1.072695374488830566e+00
1.070640444755554199e+00
1.069344758987426758e+00
1.069747447967529297e+00
1.074967384338378906e+00
1.069483399391174316e+00
1.068477153778076172e+00
1.067484378814697266e+00
1.066423535346984863e+00
1.065529108047485352e+00
1.065292000770568848e+00
1.065654993057250977e+00
1.065985918045043945e+00
1.065667629241943359e+00
1.064567208290100098e+00
1.063453435897827148e+00
1.062902927398681641e+00
1.062811613082885742e+00
1.062928199768066406e+00
1.062943696975708008e+00
1.062633037567138672e+00
1.062344193458557129e+00
1.062288403511047363e+00
1.062214851379394531e+00
1.061965584754943848e+00
1.061646819114685059e+00
1.061675667762756348e+00
1.061963319778442383e+00
1.062067985534667969e+00
1.061975479125976562e+00
1.061749577522277832e+00
1.061478972434997559e+00
1.061374068260192871e+00
1.061532497406005859e+00
1.061745166778564453e+00
1.061819672584533691e+00
1.061761140823364258e+00
1.061612725257873535e+00
1.061427950859069824e+00
1.061376810073852539e+00
1.061417818069458008e+00
1.061406373977661133e+00
1.061354517936706543e+00
1.061401009559631348e+00
1.061509609222412109e+00
1.061533689498901367e+00
1.061482310295104980e+00
1.061379551887512207e+00
1.061254262924194336e+00
1.061242938041687012e+00
1.061310410499572754e+00
1.061321973800659180e+00
1.061281561851501465e+00
1.061203122138977051e+00
1.061289072036743164e+00
1.061502933502197266e+00
1.061582684516906738e+00
1.061534881591796875e+00
1.061378002166748047e+00
1.061164855957031250e+00
1.060945987701416016e+00
1.060997962951660156e+00
1.061259031295776367e+00
1.061389446258544922e+00
1.061348199844360352e+00
1.061164617538452148e+00
1.060911893844604492e+00
1.060661077499389648e+00
1.060455799102783203e+00
1.060415029525756836e+00
1.060596227645874023e+00
1.060842275619506836e+00
1.060986399650573730e+00
1.061005830764770508e+00
1.060921907424926758e+00
1.060780525207519531e+00
1.060627460479736328e+00
1.060493946075439453e+00
1.060489058494567871e+00
1.060571789741516113e+00
1.060621619224548340e+00
1.060633659362792969e+00
1.060613274574279785e+00
1.060572862625122070e+00
1.060526132583618164e+00
1.060575008392333984e+00
1.060690045356750488e+00
1.060754895210266113e+00
1.060764431953430176e+00
1.060726404190063477e+00
1.060656428337097168e+00
1.060573101043701172e+00
1.060490846633911133e+00
1.060507297515869141e+00
1.060592532157897949e+00
1.060635685920715332e+00
1.060632228851318359e+00
1.060588955879211426e+00
1.060520768165588379e+00
1.060443520545959473e+00
1.060370683670043945e+00
1.060310959815979004e+00
1.060349941253662109e+00
1.060457110404968262e+00
1.060523867607116699e+00
1.060542106628417969e+00
1.060516595840454102e+00
1.060461044311523438e+00
1.060391068458557129e+00
1.060320734977722168e+00
1.060258865356445312e+00
1.060290098190307617e+00
1.060385227203369141e+00
1.060439705848693848e+00
1.060446858406066895e+00
1.060412168502807617e+00
1.060349464416503906e+00
1.060275316238403320e+00
1.060203433036804199e+00
1.060142755508422852e+00
1.060189008712768555e+00
1.060310125350952148e+00
1.060380816459655762e+00
1.060387730598449707e+00
1.060336947441101074e+00
1.060248136520385742e+00
1.060144782066345215e+00
1.060046315193176270e+00
1.059965372085571289e+00
1.059983730316162109e+00
1.060070514678955078e+00
1.060124635696411133e+00
1.060138583183288574e+00
1.060116887092590332e+00
1.060072541236877441e+00
1.060019731521606445e+00
1.059970259666442871e+00
1.060004949569702148e+00
1.060096502304077148e+00
1.060146927833557129e+00
1.060149669647216797e+00
1.060112118721008301e+00
1.060050010681152344e+00
1.059979796409606934e+00
1.059915900230407715e+00
1.059866666793823242e+00
1.060015916824340820e+00
1.060345530509948730e+00
1.060556650161743164e+00
1.060586690902709961e+00
1.060431599617004395e+00
1.060168623924255371e+00
1.059890151023864746e+00
1.059658169746398926e+00
1.059499502182006836e+00
1.059417128562927246e+00
1.059545159339904785e+00
1.059837341308593750e+00
1.060075163841247559e+00
1.060206055641174316e+00
1.060219407081604004e+00
1.060142755508422852e+00
1.060019731521606445e+00
1.059889078140258789e+00
1.059776186943054199e+00
1.059693932533264160e+00
1.059646010398864746e+00
1.059693694114685059e+00
1.059806942939758301e+00
1.059900522232055664e+00
1.059965491294860840e+00
1.060001730918884277e+00
1.060014247894287109e+00
1.060009241104125977e+00
1.059993505477905273e+00
1.059973001480102539e+00
1.059952139854431152e+00
1.059933662414550781e+00
1.059918999671936035e+00
1.059970855712890625e+00
1.060068964958190918e+00
1.060132384300231934e+00
1.060153603553771973e+00
1.060135483741760254e+00
1.060087084770202637e+00
1.060021400451660156e+00
1.059950709342956543e+00
1.059884309768676758e+00
1.059828281402587891e+00
1.059786081314086914e+00
1.059759378433227539e+00
1.059748649597167969e+00
1.059811353683471680e+00
1.059925794601440430e+00
1.060010313987731934e+00
1.060053944587707520e+00
1.060055732727050781e+00
1.060022711753845215e+00
1.059966683387756348e+00
1.059900164604187012e+00
1.059833645820617676e+00
1.059775114059448242e+00
1.059729695320129395e+00
1.059700131416320801e+00
1.059687256813049316e+00
1.059690237045288086e+00
1.059763312339782715e+00
1.059908747673034668e+00
1.059965848922729492e+00
1.060007214546203613e+00
1.060004711151123047e+00
1.059966444969177246e+00
1.059904694557189941e+00
1.059832930564880371e+00
1.059762239456176758e+00
1.059701323509216309e+00
1.059655666351318359e+00
1.059627413749694824e+00
1.059616923332214355e+00
1.059678792953491211e+00
1.059790134429931641e+00
1.059870839118957520e+00
1.059909462928771973e+00
1.059905886650085449e+00
1.059868335723876953e+00
1.059809803962707520e+00
1.059743046760559082e+00
1.059679031372070312e+00
1.059625625610351562e+00
1.059587478637695312e+00
1.059566617012023926e+00
1.059563159942626953e+00
1.059628844261169434e+00
1.059741854667663574e+00
1.059824228286743164e+00
1.059864401817321777e+00
1.059862017631530762e+00
1.059825301170349121e+00
1.059767007827758789e+00
1.059699773788452148e+00
1.059635162353515625e+00
1.059581160545349121e+00
1.059543013572692871e+00
1.059522628784179688e+00
1.059520363807678223e+00
1.059534072875976562e+00
1.059612154960632324e+00
1.059732675552368164e+00
1.059820175170898438e+00
1.059862256050109863e+00
1.059858202934265137e+00
1.059816718101501465e+00
1.059751272201538086e+00
1.059676051139831543e+00
1.059603810310363770e+00
1.059543251991271973e+00
1.059499979019165039e+00
1.059476256370544434e+00
1.059471845626831055e+00
1.059484720230102539e+00
1.059511780738830566e+00
1.059548616409301758e+00
1.059639692306518555e+00
1.059764504432678223e+00
1.059850454330444336e+00
1.059885740280151367e+00
1.059870719909667969e+00
1.059815168380737305e+00
1.059734582901000977e+00
1.059645295143127441e+00
1.059560775756835938e+00
1.059490680694580078e+00
1.059440732002258301e+00
1.059412837028503418e+00
1.059406638145446777e+00
1.059419512748718262e+00
1.059447884559631348e+00
1.059487104415893555e+00
1.059532284736633301e+00
1.059579133987426758e+00
1.059623718261718750e+00
1.059663295745849609e+00
1.059695959091186523e+00
1.059720873832702637e+00
1.059737324714660645e+00
1.059745788574218750e+00
1.059746742248535156e+00
1.059741139411926270e+00
1.059730291366577148e+00
1.059715628623962402e+00
1.059745788574218750e+00
1.059804797172546387e+00
1.059823751449584961e+00
1.059794545173645020e+00
1.059721589088439941e+00
1.059620618820190430e+00
1.059509873390197754e+00
1.059406518936157227e+00
1.059322357177734375e+00
1.059264302253723145e+00
1.059234023094177246e+00
1.059288501739501953e+00
1.059401392936706543e+00
1.059481501579284668e+00
1.059512257575988770e+00
1.059493899345397949e+00
1.059439659118652344e+00
1.059367537498474121e+00
1.059294700622558594e+00
1.059233903884887695e+00
1.059193015098571777e+00
1.059251189231872559e+00
1.059382557868957520e+00
1.059465646743774414e+00
1.059484243392944336e+00
1.059443235397338867e+00
1.059365153312683105e+00
1.059275984764099121e+00
1.059196591377258301e+00
1.059139490127563477e+00
1.059110045433044434e+00
1.059108972549438477e+00
1.059180736541748047e+00
1.059302449226379395e+00
1.059403657913208008e+00
1.059473633766174316e+00
1.059543967247009277e+00
1.059505462646484375e+00
1.059484124183654785e+00
1.059450507164001465e+00
1.059412956237792969e+00
1.059378385543823242e+00
1.059352517127990723e+00
1.059339523315429688e+00
1.059341192245483398e+00
1.059404253959655762e+00
1.059508323669433594e+00
1.059580922126770020e+00
1.059610128402709961e+00
1.059596061706542969e+00
1.059548854827880859e+00
1.059482216835021973e+00
1.059410095214843750e+00
1.059344649314880371e+00
1.059294700622558594e+00
1.059264779090881348e+00
1.059256553649902344e+00
1.059268593788146973e+00
1.059297680854797363e+00
1.059339404106140137e+00
1.059388160705566406e+00
1.059439182281494141e+00
1.059532046318054199e+00
1.059647917747497559e+00
1.059719800949096680e+00
1.059736728668212891e+00
1.059700369834899902e+00
1.059623837471008301e+00
1.059525489807128906e+00
1.059423685073852539e+00
1.059333205223083496e+00
1.059263825416564941e+00
1.059219598770141602e+00
1.059201955795288086e+00
1.059208512306213379e+00
1.059235572814941406e+00
1.059278249740600586e+00
1.059330701828002930e+00
1.059387326240539551e+00
1.059443354606628418e+00
1.059494137763977051e+00
1.059537053108215332e+00
1.059569954872131348e+00
1.059592247009277344e+00
1.059604167938232422e+00
1.059606313705444336e+00
1.059600472450256348e+00
1.059587836265563965e+00
1.059570431709289551e+00
1.059549808502197266e+00
1.059527397155761719e+00
1.059504628181457520e+00
1.059482693672180176e+00
1.059462904930114746e+00
1.059446215629577637e+00
1.059432864189147949e+00
1.059423208236694336e+00
1.059416651725769043e+00
1.059412837028503418e+00
1.059410691261291504e+00
1.059409737586975098e+00
1.059409260749816895e+00
1.059408664703369141e+00
1.059407472610473633e+00
1.059405684471130371e+00
1.059403181076049805e+00
1.059441089630126953e+00
1.059503078460693359e+00
1.059525251388549805e+00
1.059498786926269531e+00
1.059429645538330078e+00
1.059334516525268555e+00
1.059232831001281738e+00
1.059141159057617188e+00
1.059070944786071777e+00
1.059028506278991699e+00
1.059014797210693359e+00
1.059027910232543945e+00
1.059286952018737793e+00
1.068825483322143555e+00
1.068790555000305176e+00
1.068598270416259766e+00
1.068294286727905273e+00
1.067767143249511719e+00
1.066969752311706543e+00
1.065979003906250000e+00
1.064942002296447754e+00
1.064004182815551758e+00
1.063257455825805664e+00
1.062730550765991211e+00
1.062409877777099609e+00
1.062255263328552246e+00
1.062212944030761719e+00
1.062233448028564453e+00
1.062279224395751953e+00
1.062318086624145508e+00
1.062333464622497559e+00
1.062328457832336426e+00
1.062318205833435059e+00
1.062317132949829102e+00
1.062330603599548340e+00
1.062356472015380859e+00
1.062386870384216309e+00
1.062366008758544922e+00
1.062430858612060547e+00
1.062432289123535156e+00
1.062423586845397949e+00
1.062407135963439941e+00
1.062389612197875977e+00
1.062379598617553711e+00
1.062384486198425293e+00
1.062405228614807129e+00
1.062437772750854492e+00
1.062474966049194336e+00
1.062510371208190918e+00
1.062539935111999512e+00
1.062562108039855957e+00
1.062576413154602051e+00
1.062582373619079590e+00
1.062579989433288574e+00
1.062569260597229004e+00
1.062551021575927734e+00
1.062527894973754883e+00
1.062502980232238770e+00
1.062479853630065918e+00
1.062461733818054199e+00
1.062449693679809570e+00
1.062443494796752930e+00
1.062441945075988770e+00
1.062443733215332031e+00
1.062447309494018555e+00
1.062452197074890137e+00
1.062457561492919922e+00
1.062463283538818359e+00
1.062468409538269043e+00
1.062472581863403320e+00
1.062475562095642090e+00
1.062476992607116699e+00
1.062477350234985352e+00
1.062476396560668945e+00
1.062474966049194336e+00
1.062472939491271973e+00
1.062470912933349609e+00
1.062469005584716797e+00
1.062467217445373535e+00
1.062465906143188477e+00
1.062464952468872070e+00
1.062464237213134766e+00
1.062463760375976562e+00
1.062463641166687012e+00
1.062463402748107910e+00
1.062463521957397461e+00
1.062463760375976562e+00
1.062463998794555664e+00
1.062464237213134766e+00
1.062464475631713867e+00
1.062464594841003418e+00
1.062464594841003418e+00
1.062464356422424316e+00
1.062464237213134766e+00
1.062463760375976562e+00
1.062463402748107910e+00
1.062462806701660156e+00
1.062462329864501953e+00
1.062461853027343750e+00
1.062461376190185547e+00
1.062460899353027344e+00
1.062460541725158691e+00
1.062460184097290039e+00
1.062459945678710938e+00
1.062459826469421387e+00
1.062459588050842285e+00
1.062459468841552734e+00
1.062459468841552734e+00
1.062459230422973633e+00
1.062458992004394531e+00
1.062458753585815430e+00
1.062458395957946777e+00
1.062458276748657227e+00
1.062457919120788574e+00
1.062457680702209473e+00
1.062457442283630371e+00
1.062478780746459961e+00
1.062512397766113281e+00
1.062520503997802734e+00
1.062499403953552246e+00
1.062458276748657227e+00
1.062409996986389160e+00
1.062366366386413574e+00
1.062335848808288574e+00
1.062323808670043945e+00
1.062330603599548340e+00
1.062354207038879395e+00
1.062389612197875977e+00
1.062430024147033691e+00
1.062468051910400391e+00
1.062497258186340332e+00
1.062513232231140137e+00
1.062515497207641602e+00
1.062505960464477539e+00
1.062488913536071777e+00
1.062469244003295898e+00
1.062451004981994629e+00
1.062437415122985840e+00
1.062430024147033691e+00
1.062429189682006836e+00
1.062434196472167969e+00
1.062443494796752930e+00
1.062454819679260254e+00
1.062465190887451172e+00
1.062472581863403320e+00
1.062475919723510742e+00
1.062475323677062988e+00
1.062471628189086914e+00
1.062466740608215332e+00
1.062461376190185547e+00
1.062456727027893066e+00
1.062453031539916992e+00
1.062450647354125977e+00
1.062449216842651367e+00
1.062448740005493164e+00
1.062448859214782715e+00
1.062449216842651367e+00
1.062449693679809570e+00
1.062449812889099121e+00
1.062449693679809570e+00
1.062449336051940918e+00
1.062448859214782715e+00
1.062448501586914062e+00
1.062448263168334961e+00
1.062448263168334961e+00
1.062448382377624512e+00
1.062448740005493164e+00
1.062449216842651367e+00
1.062449812889099121e+00
1.062450170516967773e+00
1.062450170516967773e+00
1.062450051307678223e+00
1.062449574470520020e+00
1.062449097633361816e+00
1.062448263168334961e+00
1.062447547912597656e+00
1.062446832656860352e+00
1.062446355819702148e+00
1.062445878982543945e+00
1.062445640563964844e+00
1.062445402145385742e+00
1.062445402145385742e+00
1.062445402145385742e+00
1.062445521354675293e+00
1.062445521354675293e+00
1.062445402145385742e+00
1.062445282936096191e+00
1.062445044517517090e+00
1.062444806098937988e+00
1.062444448471069336e+00
1.062444090843200684e+00
1.062443852424621582e+00
1.062443614006042480e+00
1.062443375587463379e+00
1.062443137168884277e+00
1.062442898750305176e+00
1.062442779541015625e+00
1.062442541122436523e+00
1.062442421913146973e+00
1.062442183494567871e+00
1.062441945075988770e+00
1.062441825866699219e+00
1.062441587448120117e+00
1.062441468238830566e+00
1.062441229820251465e+00
1.062440991401672363e+00
1.062440752983093262e+00
1.062440514564514160e+00
1.062440514564514160e+00
1.062440156936645508e+00
1.062440037727355957e+00
1.062439799308776855e+00
1.062439680099487305e+00
1.062439441680908203e+00
1.062439322471618652e+00
1.062439084053039551e+00
1.062438726425170898e+00
1.062438607215881348e+00
1.062438368797302246e+00
1.062438130378723145e+00
1.062438011169433594e+00
1.062437772750854492e+00
1.062457323074340820e+00
1.062487006187438965e+00
1.062490940093994141e+00
1.062466859817504883e+00
1.062424540519714355e+00
1.062377095222473145e+00
1.062335968017578125e+00
1.062309980392456055e+00
1.062303543090820312e+00
1.062317013740539551e+00
1.062346935272216797e+00
1.062387228012084961e+00
1.062430381774902344e+00
1.062467694282531738e+00
1.062492489814758301e+00
1.062502026557922363e+00
1.062496542930603027e+00
1.062480211257934570e+00
1.062458753585815430e+00
1.062437653541564941e+00
1.062421202659606934e+00
1.062411427497863770e+00
1.062409520149230957e+00
1.062414526939392090e+00
1.062424778938293457e+00
1.062437653541564941e+00
1.062449216842651367e+00
1.062456965446472168e+00
1.062459588050842285e+00
1.062457442283630371e+00
1.062452316284179688e+00
1.062445998191833496e+00
1.062440037727355957e+00
1.062435507774353027e+00
1.062432646751403809e+00
1.062431097030639648e+00
1.062430858612060547e+00
1.062431454658508301e+00
1.062432408332824707e+00
1.062433242797851562e+00
1.062433719635009766e+00
1.062433600425720215e+00
1.062432765960693359e+00
1.062431693077087402e+00
1.062430620193481445e+00
1.062429785728454590e+00
1.062429308891296387e+00
1.062429428100585938e+00
1.062430024147033691e+00
1.062430858612060547e+00
1.062431931495666504e+00
1.062432885169982910e+00
1.062433362007141113e+00
1.062433600425720215e+00
1.062433362007141113e+00
1.062432765960693359e+00
1.062432050704956055e+00
1.062431216239929199e+00
1.062430381774902344e+00
1.062429666519165039e+00
1.062429070472717285e+00
1.062428832054138184e+00
1.062428593635559082e+00
1.062428712844848633e+00
1.062428832054138184e+00
1.062428951263427734e+00
1.062428951263427734e+00
1.062429070472717285e+00
1.062428951263427734e+00
1.062428593635559082e+00
1.062428474426269531e+00
1.062427997589111328e+00
1.062427759170532227e+00
1.062427520751953125e+00
1.062427401542663574e+00
1.062427163124084473e+00
1.062427043914794922e+00
1.062426924705505371e+00
1.062426924705505371e+00
1.062426686286926270e+00
1.062426447868347168e+00
1.062426328659057617e+00
1.062426090240478516e+00
1.062425971031188965e+00
1.062425732612609863e+00
1.062425494194030762e+00
1.062425374984741211e+00
1.062425136566162109e+00
1.062425017356872559e+00
1.062424898147583008e+00
1.062424778938293457e+00
1.062424540519714355e+00
1.062424421310424805e+00
1.062424182891845703e+00
1.062424063682556152e+00
1.062423944473266602e+00
1.062423706054687500e+00
1.062423586845397949e+00
1.062423348426818848e+00
1.062423110008239746e+00
1.062422990798950195e+00
1.062422871589660645e+00
1.062422633171081543e+00
1.062422633171081543e+00
1.062422394752502441e+00
1.062422156333923340e+00
1.062422037124633789e+00
1.062421917915344238e+00
1.062421679496765137e+00
1.062421560287475586e+00
1.062421321868896484e+00
1.062421202659606934e+00
1.062420964241027832e+00
1.062420964241027832e+00
1.062420725822448730e+00
1.062420606613159180e+00
1.062420368194580078e+00
1.062420129776000977e+00
1.062420010566711426e+00
1.062420010566711426e+00
1.062419772148132324e+00
1.062419652938842773e+00
1.062419414520263672e+00
1.062419295310974121e+00
1.062419176101684570e+00
1.062418937683105469e+00
1.062418699264526367e+00
1.062418699264526367e+00
1.062418460845947266e+00
1.062418222427368164e+00
1.062418103218078613e+00
1.062418103218078613e+00
1.062417745590209961e+00
1.062417745590209961e+00
1.062417507171630859e+00
1.062417268753051758e+00
1.062417268753051758e+00
1.062417030334472656e+00
1.062416791915893555e+00
1.062416791915893555e+00
1.062416553497314453e+00
1.062416315078735352e+00
1.062416315078735352e+00
1.062416076660156250e+00
1.062415957450866699e+00
1.062415838241577148e+00
1.062415599822998047e+00
1.062415361404418945e+00
1.062415361404418945e+00
1.062415122985839844e+00
1.062414884567260742e+00
1.062414884567260742e+00
1.062414646148681641e+00
1.062414407730102539e+00
1.062414288520812988e+00
1.062414288520812988e+00
1.062414050102233887e+00
1.062413930892944336e+00
1.062413811683654785e+00
1.062413573265075684e+00
1.062413454055786133e+00
1.062413334846496582e+00
1.062413096427917480e+00
1.062412977218627930e+00
1.062412858009338379e+00
1.062412619590759277e+00
1.062412500381469727e+00
1.062412381172180176e+00
1.062412142753601074e+00
1.062412023544311523e+00
1.062411904335021973e+00
1.062411785125732422e+00
1.062411546707153320e+00
1.062411427497863770e+00
1.062411308288574219e+00
1.062411069869995117e+00
1.062410950660705566e+00
1.062410831451416016e+00
1.062410593032836914e+00
1.062410473823547363e+00
1.062410354614257812e+00
1.062410235404968262e+00
1.062409996986389160e+00
1.062409877777099609e+00
1.062409639358520508e+00
1.062409520149230957e+00
1.062409400939941406e+00
1.062409162521362305e+00
1.062409043312072754e+00
1.062408924102783203e+00
1.062408685684204102e+00
1.062408566474914551e+00
1.062408328056335449e+00
1.062408208847045898e+00
1.062408089637756348e+00
1.062407970428466797e+00
1.062407851219177246e+00
1.062407612800598145e+00
1.062407493591308594e+00
1.062407374382019043e+00
