4.734017181396484375e+01
4.661734771728515625e+01
4.586236953735351562e+01
4.507572174072265625e+01
4.425980758666992188e+01
4.340774154663085938e+01
4.251576232910156250e+01
4.158248519897460938e+01
4.060810852050781250e+01
3.959564590454101562e+01
3.854737472534179688e+01
3.746398925781250000e+01
3.628360748291015625e+01
3.505575561523437500e+01
3.379694366455078125e+01
3.252045059204101562e+01
3.123878097534179688e+01
2.996415710449218750e+01
2.870860862731933594e+01
2.748380851745605469e+01
2.630081367492675781e+01
2.516974449157714844e+01
2.409945869445800781e+01
2.309725570678710938e+01
2.216866111755371094e+01
2.131729507446289062e+01
2.054489326477050781e+01
1.985141181945800781e+01
1.923525619506835938e+01
1.869356155395507812e+01
1.822247886657714844e+01
1.781747245788574219e+01
1.747355842590332031e+01
1.718551063537597656e+01
1.694802665710449219e+01
1.675582885742187500e+01
1.660376167297363281e+01
1.648684883117675781e+01
1.640034103393554688e+01
1.633976936340332031e+01
1.630095863342285156e+01
1.628007316589355469e+01
1.627363204956054688e+01
1.627852630615234375e+01
1.629202461242675781e+01
1.631177330017089844e+01
1.633576774597167969e+01
1.636234855651855469e+01
1.639016723632812500e+01
1.641814804077148438e+01
1.644547080993652344e+01
1.647151565551757812e+01
1.649584960937500000e+01
1.651818847656250000e+01
1.653837013244628906e+01
1.655632781982421875e+01
1.657207298278808594e+01
1.658567428588867188e+01
1.659724426269531250e+01
1.660692405700683594e+01
1.661487197875976562e+01
1.662125778198242188e+01
1.662625694274902344e+01
1.663003730773925781e+01
1.663276672363281250e+01
1.663459777832031250e+01
1.663567543029785156e+01
1.663612556457519531e+01
1.663607406616210938e+01
1.663562202453613281e+01
1.663485717773437500e+01
1.663386154174804688e+01
1.663270568847656250e+01
1.663144111633300781e+01
1.663011932373046875e+01
1.662878036499023438e+01
1.662745285034179688e+01
1.662616539001464844e+01
1.662493705749511719e+01
1.662378311157226562e+01
1.662271118164062500e+01
1.662173461914062500e+01
1.662085151672363281e+01
1.662006950378417969e+01
1.661938476562500000e+01
1.661879348754882812e+01
1.661829566955566406e+01
1.661788368225097656e+01
1.661755371093750000e+01
1.661729812622070312e+01
1.661710739135742188e+01
1.661697769165039062e+01
1.661690139770507812e+01
1.661687088012695312e+01
1.661687850952148438e+01
1.661691474914550781e+01
1.661697769165039062e+01
1.661705970764160156e+01
1.661715316772460938e+01
1.661725807189941406e+01
1.661736488342285156e+01
1.661747169494628906e+01
1.661757659912109375e+01
1.661767959594726562e+01
1.661777114868164062e+01
1.661785507202148438e+01
1.661792945861816406e+01
1.661799621582031250e+01
1.661805152893066406e+01
1.661809921264648438e+01
1.661813163757324219e+01
1.661815834045410156e+01
1.661817932128906250e+01
1.661819076538085938e+01
1.661819648742675781e+01
1.661819648742675781e+01
1.661818885803222656e+01
1.661818122863769531e+01
1.661816978454589844e+01
1.661815452575683594e+01
1.661813926696777344e+01
1.661812400817871094e+01
1.661811065673828125e+01
1.661809158325195312e+01
1.661807632446289062e+01
1.661806297302246094e+01
1.661804962158203125e+01
1.661803627014160156e+01
1.661802482604980469e+01
1.661801528930664062e+01
1.661800765991210938e+01
1.661800003051757812e+01
1.661799240112304688e+01
1.661798858642578125e+01
1.661798477172851562e+01
1.661798095703125000e+01
1.661798095703125000e+01
1.661797714233398438e+01
1.661797714233398438e+01
1.661797332763671875e+01
1.661797332763671875e+01
1.661797332763671875e+01
1.661797332763671875e+01
1.661797332763671875e+01
1.661797332763671875e+01
1.661797332763671875e+01
1.661797332763671875e+01
1.661797142028808594e+01
1.661796951293945312e+01
1.661796951293945312e+01
1.661796951293945312e+01
1.661796951293945312e+01
1.661796951293945312e+01
1.661796951293945312e+01
1.661796760559082031e+01
1.661796569824218750e+01
1.661796569824218750e+01
1.661796569824218750e+01
1.661796379089355469e+01
1.661796569824218750e+01
1.661796188354492188e+01
1.661796188354492188e+01
1.661795997619628906e+01
1.661795806884765625e+01
1.661795806884765625e+01
1.661795616149902344e+01
1.661795425415039062e+01
1.661795425415039062e+01
1.661795425415039062e+01
1.661795234680175781e+01
1.661795043945312500e+01
1.661795043945312500e+01
1.661795043945312500e+01
1.661794853210449219e+01
1.661794853210449219e+01
1.661794662475585938e+01
1.661794662475585938e+01
1.661794662475585938e+01
1.661794471740722656e+01
1.661794471740722656e+01
1.661794281005859375e+01
1.661794281005859375e+01
1.661794090270996094e+01
1.661794090270996094e+01
1.661793899536132812e+01
1.661793899536132812e+01
1.661793899536132812e+01
1.661793708801269531e+01
1.661793708801269531e+01
1.661793518066406250e+01
1.661793518066406250e+01
1.661793327331542969e+01
1.661793327331542969e+01
1.661793327331542969e+01
1.661793327331542969e+01
1.661793136596679688e+01
1.661793136596679688e+01
1.661792945861816406e+01
1.661792945861816406e+01
1.661792945861816406e+01
1.661792945861816406e+01
1.661792755126953125e+01
1.661792564392089844e+01
1.661792755126953125e+01
1.661792564392089844e+01
1.661792564392089844e+01
1.661792564392089844e+01
1.661792564392089844e+01
1.661792373657226562e+01
1.661792373657226562e+01
1.661792373657226562e+01
1.661792373657226562e+01
1.661792182922363281e+01
1.661792182922363281e+01
1.661791992187500000e+01
1.661791992187500000e+01
1.661791992187500000e+01
1.661791992187500000e+01
1.661791992187500000e+01
1.661791992187500000e+01
1.661791992187500000e+01
1.661791992187500000e+01
1.661791801452636719e+01
1.661791801452636719e+01
1.661791801452636719e+01
1.661791801452636719e+01
1.661791801452636719e+01
1.661791801452636719e+01
1.661791610717773438e+01
1.661791801452636719e+01
1.661791610717773438e+01
1.661791419982910156e+01
1.661791419982910156e+01
1.661791610717773438e+01
1.661791610717773438e+01
1.661791419982910156e+01
1.661791419982910156e+01
1.661791419982910156e+01
1.661791229248046875e+01
1.661791229248046875e+01
1.661791229248046875e+01
1.661791229248046875e+01
1.661791038513183594e+01
1.661791038513183594e+01
1.661791038513183594e+01
1.661791038513183594e+01
1.661791038513183594e+01
1.661790847778320312e+01
1.661790847778320312e+01
1.661790847778320312e+01
1.661790847778320312e+01
1.661790847778320312e+01
1.661790847778320312e+01
1.661790847778320312e+01
1.661790657043457031e+01
1.661790657043457031e+01
1.661790657043457031e+01
1.661790466308593750e+01
1.661790657043457031e+01
1.661790466308593750e+01
1.661790466308593750e+01
1.661790466308593750e+01
1.661790466308593750e+01
1.661790466308593750e+01
1.661790466308593750e+01
1.661790275573730469e+01
1.661790275573730469e+01
1.661790275573730469e+01
1.661790275573730469e+01
1.661790275573730469e+01
1.661790275573730469e+01
1.661790084838867188e+01
1.661790275573730469e+01
1.661790275573730469e+01
1.661790275573730469e+01
1.661790275573730469e+01
1.661790084838867188e+01
1.661789894104003906e+01
1.661790084838867188e+01
1.661789894104003906e+01
1.661789894104003906e+01
1.661789894104003906e+01
1.661789894104003906e+01
1.661789894104003906e+01
1.661789894104003906e+01
1.661789894104003906e+01
1.661789894104003906e+01
1.661789894104003906e+01
1.661789703369140625e+01
1.661789894104003906e+01
1.661789703369140625e+01
1.661789703369140625e+01
1.661789512634277344e+01
1.661789703369140625e+01
1.661789703369140625e+01
1.661789512634277344e+01
1.661789703369140625e+01
1.661789512634277344e+01
1.661789703369140625e+01
1.661789512634277344e+01
1.661789512634277344e+01
1.661789512634277344e+01
1.661789512634277344e+01
1.661789512634277344e+01
1.661789512634277344e+01
1.661789512634277344e+01
1.661789512634277344e+01
1.661789512634277344e+01
1.661789512634277344e+01
1.661789512634277344e+01
1.661789512634277344e+01
1.661789321899414062e+01
1.661789512634277344e+01
1.661789131164550781e+01
1.661789131164550781e+01
1.661789131164550781e+01
1.661789131164550781e+01
1.661789131164550781e+01
1.661789131164550781e+01
1.661789131164550781e+01
1.661789131164550781e+01
1.661789131164550781e+01
1.661789131164550781e+01
1.661789131164550781e+01
1.661789131164550781e+01
1.661789131164550781e+01
1.661789131164550781e+01
1.661789131164550781e+01
1.661789131164550781e+01
1.661789131164550781e+01
1.661789131164550781e+01
1.661788940429687500e+01
1.661788940429687500e+01
1.661788749694824219e+01
1.661788749694824219e+01
1.661788749694824219e+01
1.661788749694824219e+01
1.661788749694824219e+01
1.661788749694824219e+01
1.661788749694824219e+01
1.661788749694824219e+01
1.661788749694824219e+01
1.661788749694824219e+01
1.661788749694824219e+01
1.661788749694824219e+01
1.661788749694824219e+01
1.661788749694824219e+01
1.661788749694824219e+01
1.661788749694824219e+01
1.661788749694824219e+01
1.661788749694824219e+01
1.661788749694824219e+01
1.661788749694824219e+01
1.661788558959960938e+01
1.661788749694824219e+01
1.661788749694824219e+01
1.661788558959960938e+01
1.661788558959960938e+01
1.661788558959960938e+01
1.661788558959960938e+01
1.661788368225097656e+01
1.661788368225097656e+01
1.661788368225097656e+01
1.661788368225097656e+01
1.661788368225097656e+01
1.661788368225097656e+01
1.661788368225097656e+01
1.661788368225097656e+01
1.661788368225097656e+01
1.661788368225097656e+01
1.661788368225097656e+01
1.661788368225097656e+01
1.661788368225097656e+01
1.661788368225097656e+01
1.661788368225097656e+01
1.661788368225097656e+01
1.661788368225097656e+01
1.661788368225097656e+01
1.661788368225097656e+01
1.661788368225097656e+01
1.661788368225097656e+01
1.661788368225097656e+01
1.661788368225097656e+01
1.661788368225097656e+01
1.661788368225097656e+01
1.661788368225097656e+01
1.661788368225097656e+01
1.661788368225097656e+01
1.661787986755371094e+01
1.661787986755371094e+01
1.661787986755371094e+01
1.661787986755371094e+01
1.661787986755371094e+01
1.661787986755371094e+01
1.661787986755371094e+01
1.661787986755371094e+01
1.661787986755371094e+01
1.661787986755371094e+01
1.661787986755371094e+01
1.661787986755371094e+01
1.661787986755371094e+01
1.661787986755371094e+01
1.661787986755371094e+01
1.661787986755371094e+01
1.661787986755371094e+01
1.661787986755371094e+01
1.661787986755371094e+01
1.661787986755371094e+01
1.661787986755371094e+01
1.661787986755371094e+01
1.661787986755371094e+01
1.661787796020507812e+01
1.661787796020507812e+01
1.661787986755371094e+01
1.661787986755371094e+01
1.661787986755371094e+01
1.661787986755371094e+01
1.661787986755371094e+01
1.661787605285644531e+01
1.661787986755371094e+01
1.661787605285644531e+01
1.661787986755371094e+01
1.661787986755371094e+01
1.661787986755371094e+01
1.661787605285644531e+01
1.661787605285644531e+01
1.661787605285644531e+01
1.661787605285644531e+01
1.661787605285644531e+01
1.661787796020507812e+01
1.661787605285644531e+01
1.661787605285644531e+01
1.661787605285644531e+01
1.661787605285644531e+01
1.661787605285644531e+01
1.661787605285644531e+01
1.661787605285644531e+01
1.661787605285644531e+01
1.661787605285644531e+01
1.661787605285644531e+01
1.661787605285644531e+01
1.661787605285644531e+01
1.661787605285644531e+01
1.661787605285644531e+01
1.661787605285644531e+01
1.661787605285644531e+01
1.661787605285644531e+01
1.661787605285644531e+01
1.661787605285644531e+01
1.661787605285644531e+01
1.661787605285644531e+01
1.661787605285644531e+01
1.661787605285644531e+01
1.661787605285644531e+01
1.661787605285644531e+01
1.661787605285644531e+01
1.661787605285644531e+01
1.661787605285644531e+01
1.661787605285644531e+01
1.661787605285644531e+01
1.661787605285644531e+01
1.661787605285644531e+01
1.661787605285644531e+01
1.661787605285644531e+01
1.661787605285644531e+01
1.661787605285644531e+01
1.661787605285644531e+01
1.661787605285644531e+01
1.661787605285644531e+01
1.661787605285644531e+01
1.661787605285644531e+01
1.661787605285644531e+01
1.661787605285644531e+01
1.661787605285644531e+01
1.661787605285644531e+01
1.661787605285644531e+01
1.661787605285644531e+01
1.661787605285644531e+01
1.661787605285644531e+01
1.661787605285644531e+01
1.661787605285644531e+01
1.661787605285644531e+01
1.661787223815917969e+01
1.661787223815917969e+01
1.661787223815917969e+01
1.661787414550781250e+01
1.661787223815917969e+01
1.661787223815917969e+01
1.661787223815917969e+01
1.661787414550781250e+01
1.661787223815917969e+01
1.661787223815917969e+01
1.661787223815917969e+01
1.661787223815917969e+01
1.661787223815917969e+01
1.661787223815917969e+01
1.661787223815917969e+01
1.661787223815917969e+01
1.661787223815917969e+01
1.661787223815917969e+01
1.661787223815917969e+01
1.661787223815917969e+01
1.661787223815917969e+01
1.661787223815917969e+01
1.661787223815917969e+01
1.661787223815917969e+01
1.661787223815917969e+01
1.661787223815917969e+01
1.661787223815917969e+01
1.661787223815917969e+01
1.661787223815917969e+01
1.661787223815917969e+01
1.661787223815917969e+01
1.661787223815917969e+01
1.661787223815917969e+01
1.661787223815917969e+01
1.661787223815917969e+01
1.661787223815917969e+01
1.661787223815917969e+01
1.661787223815917969e+01
1.661787223815917969e+01
1.661787223815917969e+01
1.661787223815917969e+01
1.661787223815917969e+01
1.661787223815917969e+01
1.661787223815917969e+01
1.661787223815917969e+01
1.661787223815917969e+01
1.661787223815917969e+01
1.661787223815917969e+01
1.661787223815917969e+01
1.661787223815917969e+01
1.661787223815917969e+01
1.661787223815917969e+01
1.661787223815917969e+01
1.661786842346191406e+01
1.661787223815917969e+01
1.661787223815917969e+01
1.661786842346191406e+01
1.661787223815917969e+01
1.661787223815917969e+01
1.661787223815917969e+01
1.661787033081054688e+01
1.661787223815917969e+01
1.661786842346191406e+01
1.661787223815917969e+01
1.661786842346191406e+01
1.661786842346191406e+01
1.661786842346191406e+01
1.661786842346191406e+01
1.661786842346191406e+01
1.661786842346191406e+01
1.661786842346191406e+01
1.661786842346191406e+01
1.661786842346191406e+01
1.661786842346191406e+01
1.661786842346191406e+01
1.661787033081054688e+01
1.661786842346191406e+01
1.661786842346191406e+01
1.661786842346191406e+01
1.661786842346191406e+01
1.661786842346191406e+01
1.661786842346191406e+01
1.661786842346191406e+01
1.661787033081054688e+01
1.661786842346191406e+01
1.661787223815917969e+01
1.661786842346191406e+01
1.661787033081054688e+01
1.661786842346191406e+01
1.661786842346191406e+01
1.661786842346191406e+01
1.661786842346191406e+01
1.661786842346191406e+01
1.661786842346191406e+01
1.661786842346191406e+01
1.661786842346191406e+01
1.661786842346191406e+01
1.661786842346191406e+01
1.661786842346191406e+01
1.661786842346191406e+01
1.661786842346191406e+01
1.661786842346191406e+01
1.661786842346191406e+01
1.661786842346191406e+01
1.661786842346191406e+01
1.661786842346191406e+01
1.661786842346191406e+01
1.661786842346191406e+01
1.661786842346191406e+01
1.661786842346191406e+01
1.661786842346191406e+01
1.661786842346191406e+01
1.661786842346191406e+01
1.661786842346191406e+01
1.661786842346191406e+01
1.661786842346191406e+01
1.661786842346191406e+01
1.661786842346191406e+01
1.661786842346191406e+01
1.661786842346191406e+01
1.661786842346191406e+01
1.661786842346191406e+01
1.661786842346191406e+01
1.661786842346191406e+01
1.661786842346191406e+01
1.661786842346191406e+01
1.661786842346191406e+01
1.661786651611328125e+01
1.661786651611328125e+01
1.661786460876464844e+01
1.661786651611328125e+01
1.661786842346191406e+01
1.661786842346191406e+01
1.661786842346191406e+01
1.661786842346191406e+01
1.661786842346191406e+01
1.661786842346191406e+01
1.661786842346191406e+01
1.661786651611328125e+01
1.661786651611328125e+01
1.661786842346191406e+01
1.661786460876464844e+01
1.661786460876464844e+01
1.661786460876464844e+01
1.661786460876464844e+01
1.661786460876464844e+01
1.661786460876464844e+01
1.661786842346191406e+01
1.661786651611328125e+01
1.661786651611328125e+01
1.661786651611328125e+01
1.661786842346191406e+01
1.661786842346191406e+01
1.661786651611328125e+01
1.661786460876464844e+01
1.661786460876464844e+01
1.661786460876464844e+01
1.661786460876464844e+01
1.661786460876464844e+01
1.661786460876464844e+01
1.661786460876464844e+01
1.661786460876464844e+01
1.661786460876464844e+01
1.661786460876464844e+01
1.661786460876464844e+01
1.661786460876464844e+01
1.661786460876464844e+01
1.661786460876464844e+01
1.661786460876464844e+01
1.661786460876464844e+01
1.661786460876464844e+01
1.661786460876464844e+01
1.661786460876464844e+01
1.661786460876464844e+01
1.661786460876464844e+01
1.661786460876464844e+01
1.661786460876464844e+01
1.661786460876464844e+01
1.661786460876464844e+01
1.661786460876464844e+01
1.661786460876464844e+01
1.661786460876464844e+01
1.661786460876464844e+01
1.661786460876464844e+01
1.661786460876464844e+01
1.661786460876464844e+01
1.661786460876464844e+01
1.661786460876464844e+01
1.661786460876464844e+01
1.661786460876464844e+01
1.661786460876464844e+01
1.661786460876464844e+01
1.661786460876464844e+01
1.661786460876464844e+01
1.661786460876464844e+01
1.661786460876464844e+01
1.661786460876464844e+01
1.661786460876464844e+01
1.661786460876464844e+01
1.661786460876464844e+01
1.661786460876464844e+01
1.661786460876464844e+01
1.661786460876464844e+01
1.661786460876464844e+01
1.661786460876464844e+01
1.661786460876464844e+01
1.661786460876464844e+01
1.661786460876464844e+01
1.661786460876464844e+01
1.661786460876464844e+01
1.661786460876464844e+01
1.661786460876464844e+01
1.661786460876464844e+01
1.661786460876464844e+01
1.661786460876464844e+01
1.661786460876464844e+01
1.661786460876464844e+01
1.661786460876464844e+01
1.661786460876464844e+01
1.661786460876464844e+01
1.661786460876464844e+01
1.661786460876464844e+01
1.661786460876464844e+01
1.661786460876464844e+01
1.661786460876464844e+01
1.661786460876464844e+01
1.661786460876464844e+01
1.661786460876464844e+01
1.661786460876464844e+01
1.661786460876464844e+01
1.661786460876464844e+01
1.661786460876464844e+01
1.661786460876464844e+01
1.661786460876464844e+01
1.661786460876464844e+01
1.661786460876464844e+01
1.661786460876464844e+01
1.661786460876464844e+01
1.661786270141601562e+01
1.661786079406738281e+01
1.661786079406738281e+01
1.661786460876464844e+01
1.661786079406738281e+01
1.661786460876464844e+01
1.661786270141601562e+01
1.661786079406738281e+01
1.661786270141601562e+01
1.661786460876464844e+01
1.661786460876464844e+01
1.661786460876464844e+01
1.661786460876464844e+01
1.661786079406738281e+01
1.661786079406738281e+01
1.661786079406738281e+01
1.661786079406738281e+01
1.661786079406738281e+01
1.661786079406738281e+01
1.661786079406738281e+01
1.661786079406738281e+01
1.661786079406738281e+01
1.661786079406738281e+01
1.661786079406738281e+01
1.661786079406738281e+01
1.661786079406738281e+01
1.661786079406738281e+01
1.661786079406738281e+01
1.661786079406738281e+01
1.661786079406738281e+01
1.661786079406738281e+01
1.661786079406738281e+01
1.661786079406738281e+01
1.661786079406738281e+01
1.661786079406738281e+01
1.661786079406738281e+01
1.661786079406738281e+01
1.661786079406738281e+01
1.661786079406738281e+01
1.661786079406738281e+01
1.661786079406738281e+01
1.661786079406738281e+01
1.661786079406738281e+01
1.661786079406738281e+01
1.661786079406738281e+01
1.661786079406738281e+01
1.661786079406738281e+01
1.661786079406738281e+01
1.661786079406738281e+01
1.661786079406738281e+01
1.661786079406738281e+01
1.661786079406738281e+01
1.661786079406738281e+01
1.661786079406738281e+01
1.661786079406738281e+01
1.661786079406738281e+01
1.661786079406738281e+01
1.661786079406738281e+01
1.661786079406738281e+01
1.661786079406738281e+01
1.661786079406738281e+01
1.661786079406738281e+01
1.661786079406738281e+01
1.661786079406738281e+01
1.661786079406738281e+01
1.661786079406738281e+01
1.661786079406738281e+01
1.661786079406738281e+01
1.661786079406738281e+01
1.661786079406738281e+01
1.661786079406738281e+01
1.661786079406738281e+01
1.661786079406738281e+01
1.661786079406738281e+01
1.661786079406738281e+01
1.661786079406738281e+01
1.661785888671875000e+01
1.661786079406738281e+01
1.661786079406738281e+01
1.661786079406738281e+01
1.661786079406738281e+01
1.661786079406738281e+01
1.661786079406738281e+01
1.661786079406738281e+01
1.661786079406738281e+01
1.661786079406738281e+01
1.661786079406738281e+01
1.661786079406738281e+01
1.661786079406738281e+01
1.661786079406738281e+01
1.661786079406738281e+01
1.661785888671875000e+01
1.661785888671875000e+01
1.661785697937011719e+01
1.661785697937011719e+01
1.661785697937011719e+01
1.661785697937011719e+01
1.661785697937011719e+01
1.661785888671875000e+01
1.661785697937011719e+01
1.661785697937011719e+01
1.661785697937011719e+01
1.661785697937011719e+01
1.661785697937011719e+01
1.661785697937011719e+01
1.661785888671875000e+01
1.661785697937011719e+01
1.661785697937011719e+01
1.661785697937011719e+01
1.661785888671875000e+01
1.661785697937011719e+01
1.661786079406738281e+01
1.661786079406738281e+01
1.661785697937011719e+01
1.661786079406738281e+01
1.661786079406738281e+01
1.661785697937011719e+01
1.661786079406738281e+01
1.661786079406738281e+01
1.661786079406738281e+01
1.661786079406738281e+01
1.661785888671875000e+01
1.661785697937011719e+01
1.661785697937011719e+01
1.661785888671875000e+01
1.661785888671875000e+01
1.661785697937011719e+01
1.661785697937011719e+01
1.661785697937011719e+01
1.661785697937011719e+01
1.661785697937011719e+01
1.661785697937011719e+01
1.661785697937011719e+01
1.661785888671875000e+01
1.661785697937011719e+01
1.661785697937011719e+01
1.661785697937011719e+01
1.661785888671875000e+01
1.661785697937011719e+01
1.661786079406738281e+01
1.661786079406738281e+01
1.661785888671875000e+01
1.661785888671875000e+01
1.661785697937011719e+01
1.661785888671875000e+01
1.661785888671875000e+01
1.661785888671875000e+01
1.661785697937011719e+01
1.661786079406738281e+01
1.661785697937011719e+01
1.661785697937011719e+01
1.661785697937011719e+01
1.661785697937011719e+01
1.661785697937011719e+01
1.661785697937011719e+01
1.661785697937011719e+01
1.661785697937011719e+01
1.661785697937011719e+01
1.661785697937011719e+01
1.661785697937011719e+01
1.661785697937011719e+01
1.661785697937011719e+01
1.661785697937011719e+01
1.661785697937011719e+01
1.661785697937011719e+01
1.661785697937011719e+01
1.661785697937011719e+01
1.661785697937011719e+01
1.661785697937011719e+01
1.661785697937011719e+01
1.661785697937011719e+01
1.661785697937011719e+01
1.661785697937011719e+01
1.661785697937011719e+01
1.661785697937011719e+01
1.661785697937011719e+01
1.661785697937011719e+01
1.661785697937011719e+01
1.661785697937011719e+01
1.661785697937011719e+01
1.661785697937011719e+01
1.661785697937011719e+01
1.661785697937011719e+01
1.661785697937011719e+01
1.661785697937011719e+01
1.661785697937011719e+01
1.661785697937011719e+01
1.661785697937011719e+01
1.661785697937011719e+01
1.661785697937011719e+01
1.661785697937011719e+01
1.661785697937011719e+01
1.661785697937011719e+01
1.661785697937011719e+01
1.661785697937011719e+01
1.661785697937011719e+01
1.661785697937011719e+01
1.661785697937011719e+01
1.661785697937011719e+01
1.661785697937011719e+01
1.661785697937011719e+01
1.661785697937011719e+01
1.661785697937011719e+01
1.661785697937011719e+01
1.661785697937011719e+01
1.661785697937011719e+01
1.661785697937011719e+01
1.661785697937011719e+01
1.661785697937011719e+01
1.661785697937011719e+01
1.661785697937011719e+01
1.661785697937011719e+01
1.661785697937011719e+01
1.661785697937011719e+01
1.661785697937011719e+01
1.661785697937011719e+01
1.661785697937011719e+01
1.661785697937011719e+01
1.661785697937011719e+01
1.661785697937011719e+01
1.661785507202148438e+01
1.661785507202148438e+01
1.661785697937011719e+01
1.661785316467285156e+01
1.661785507202148438e+01
1.661785316467285156e+01
1.661785316467285156e+01
1.661785507202148438e+01
1.661785316467285156e+01
1.661785697937011719e+01
1.661785507202148438e+01
1.661785507202148438e+01
1.661785507202148438e+01
1.661785697937011719e+01
1.661785507202148438e+01
1.661785507202148438e+01
1.661785507202148438e+01
1.661785697937011719e+01
1.661785697937011719e+01
1.661785697937011719e+01
1.661785697937011719e+01
1.661785697937011719e+01
1.661785697937011719e+01
1.661785697937011719e+01
1.661785697937011719e+01
1.661785697937011719e+01
1.661785697937011719e+01
1.661785697937011719e+01
1.661785697937011719e+01
1.661785697937011719e+01
1.661785697937011719e+01
1.661785697937011719e+01
1.661785507202148438e+01
1.661785507202148438e+01
1.661785507202148438e+01
1.661785507202148438e+01
1.661785507202148438e+01
1.661785316467285156e+01
1.661785507202148438e+01
1.661785316467285156e+01
1.661785316467285156e+01
1.661785316467285156e+01
1.661785507202148438e+01
1.661785316467285156e+01
1.661785507202148438e+01
1.661785507202148438e+01
1.661785507202148438e+01
1.661785507202148438e+01
1.661785507202148438e+01
1.661785697937011719e+01
1.661785697937011719e+01
1.661785697937011719e+01
1.661785697937011719e+01
1.661785697937011719e+01
1.661785697937011719e+01
1.661785697937011719e+01
1.661785507202148438e+01
1.661785507202148438e+01
1.661785507202148438e+01
1.661785507202148438e+01
