2.400795936584472656e+00
2.312743425369262695e+00
2.227456331253051758e+00
2.167161941528320312e+00
2.109537839889526367e+00
2.062535762786865234e+00
2.021110534667968750e+00
1.988209247589111328e+00
1.962190270423889160e+00
1.943338751792907715e+00
1.931973814964294434e+00
1.922918200492858887e+00
1.916892647743225098e+00
1.913506746292114258e+00
1.912226915359497070e+00
1.912275195121765137e+00
1.913074851036071777e+00
1.914043188095092773e+00
1.915121316909790039e+00
1.916184186935424805e+00
1.917027950286865234e+00
1.917334675788879395e+00
1.917034745216369629e+00
1.915953993797302246e+00
1.911871671676635742e+00
1.910372018814086914e+00
1.908342719078063965e+00
1.905821084976196289e+00
1.902909517288208008e+00
1.899834513664245605e+00
1.896615028381347656e+00
1.893149971961975098e+00
1.889498949050903320e+00
1.885753393173217773e+00
1.882084727287292480e+00
1.879719257354736328e+00
1.875286221504211426e+00
1.872031331062316895e+00
1.869053363800048828e+00
1.866719841957092285e+00
1.862392902374267578e+00
1.858817696571350098e+00
1.866835474967956543e+00
1.853467822074890137e+00
1.850582242012023926e+00
1.850642681121826172e+00
1.845147013664245605e+00
1.842710494995117188e+00
1.840571284294128418e+00
1.838904142379760742e+00
1.837472677230834961e+00
1.830307483673095703e+00
1.816453695297241211e+00
1.800801753997802734e+00
1.786887526512145996e+00
1.769960403442382812e+00
1.750283598899841309e+00
1.733708739280700684e+00
1.719172716140747070e+00
1.714088082313537598e+00
1.708981394767761230e+00
1.703478217124938965e+00
1.700923681259155273e+00
1.700045228004455566e+00
1.699067711830139160e+00
1.699447154998779297e+00
1.700095295906066895e+00
1.700281023979187012e+00
1.699414849281311035e+00
1.697878479957580566e+00
1.695913791656494141e+00
1.693412065505981445e+00
1.690445065498352051e+00
1.687656283378601074e+00
1.685115933418273926e+00
1.684491753578186035e+00
1.681103467941284180e+00
1.680057525634765625e+00
1.678577423095703125e+00
1.687374830245971680e+00
1.676496505737304688e+00
1.675859689712524414e+00
1.677289128303527832e+00
1.675776958465576172e+00
1.674958229064941406e+00
1.674348950386047363e+00
1.680336356163024902e+00
1.672057032585144043e+00
1.668725848197937012e+00
1.665438532829284668e+00
1.662333488464355469e+00
1.660107493400573730e+00
1.658457994461059570e+00
1.655565381050109863e+00
1.654071569442749023e+00
1.653490781784057617e+00
1.651018857955932617e+00
1.649145603179931641e+00
1.648238420486450195e+00
1.646446466445922852e+00
1.644868135452270508e+00
1.644211411476135254e+00
1.643137335777282715e+00
1.641373395919799805e+00
1.640362024307250977e+00
1.639122962951660156e+00
1.637557625770568848e+00
1.636836171150207520e+00
1.635582804679870605e+00
1.634282469749450684e+00
1.633404850959777832e+00
1.632061839103698730e+00
1.631189465522766113e+00
1.630039453506469727e+00
1.629014015197753906e+00
1.628318905830383301e+00
1.627066254615783691e+00
1.627657532691955566e+00
1.624433159828186035e+00
1.627145648002624512e+00
1.622855424880981445e+00
1.623998641967773438e+00
1.624729752540588379e+00
1.621441721916198730e+00
1.621459007263183594e+00
1.620097398757934570e+00
1.617627024650573730e+00
1.625268816947937012e+00
1.616961121559143066e+00
1.617222666740417480e+00
1.626083970069885254e+00
1.614687085151672363e+00
1.609951019287109375e+00
1.622445583343505859e+00
1.621813535690307617e+00
1.609647750854492188e+00
1.605488300323486328e+00
1.612679243087768555e+00
1.617445349693298340e+00
1.612902283668518066e+00
1.605432510375976562e+00
1.605017423629760742e+00
1.610121726989746094e+00
1.611130237579345703e+00
1.607268691062927246e+00
1.604518175125122070e+00
1.606936335563659668e+00
1.608692049980163574e+00
1.606806278228759766e+00
1.603398919105529785e+00
1.602276086807250977e+00
1.603820919990539551e+00
1.605116128921508789e+00
1.604441046714782715e+00
1.602761268615722656e+00
1.601565599441528320e+00
1.601600527763366699e+00
1.601835250854492188e+00
1.601423978805541992e+00
1.600643634796142578e+00
1.600226402282714844e+00
1.600070357322692871e+00
1.599499821662902832e+00
1.598451852798461914e+00
1.597730278968811035e+00
1.597702980041503906e+00
1.597704648971557617e+00
1.597146034240722656e+00
1.596116542816162109e+00
1.594775915145874023e+00
1.594134211540222168e+00
1.594313621520996094e+00
1.594446778297424316e+00
1.593959569931030273e+00
1.593262672424316406e+00
1.592606663703918457e+00
1.592082619667053223e+00
1.591553330421447754e+00
1.591259598731994629e+00
1.591253876686096191e+00
1.591167688369750977e+00
1.590741872787475586e+00
1.589956521987915039e+00
1.589240074157714844e+00
1.588882327079772949e+00
1.588892817497253418e+00
1.588838338851928711e+00
1.588302016258239746e+00
1.587539792060852051e+00
1.587177038192749023e+00
1.587126970291137695e+00
1.586854934692382812e+00
1.586274623870849609e+00
1.585822820663452148e+00
1.585772633552551270e+00
1.585803151130676270e+00
1.585551857948303223e+00
1.585165023803710938e+00
1.584926843643188477e+00
1.584831118583679199e+00
1.584629535675048828e+00
1.584283351898193359e+00
1.584022641181945801e+00
1.583904266357421875e+00
1.583759546279907227e+00
1.583501815795898438e+00
1.583224415779113770e+00
1.583039283752441406e+00
1.582864761352539062e+00
1.582638263702392578e+00
1.582415938377380371e+00
1.582245469093322754e+00
1.582110524177551270e+00
1.581958055496215820e+00
1.581756711006164551e+00
1.581575989723205566e+00
1.581445574760437012e+00
1.581319451332092285e+00
1.581134557723999023e+00
1.580949902534484863e+00
1.580815672874450684e+00
1.580654978752136230e+00
1.580378055572509766e+00
1.580151438713073730e+00
1.580141901969909668e+00
1.580205440521240234e+00
1.580126047134399414e+00
1.579912543296813965e+00
1.579721808433532715e+00
1.579573154449462891e+00
1.579346895217895508e+00
1.579139471054077148e+00
1.579135179519653320e+00
1.579226970672607422e+00
1.579154253005981445e+00
1.578908562660217285e+00
1.578684806823730469e+00
1.578583359718322754e+00
1.578520536422729492e+00
1.578463792800903320e+00
1.578269243240356445e+00
1.578042268753051758e+00
1.577865242958068848e+00
1.577843904495239258e+00
1.577830314636230469e+00
1.577689528465270996e+00
1.577505350112915039e+00
1.577423810958862305e+00
1.577398180961608887e+00
1.577332258224487305e+00
1.577063202857971191e+00
1.576752781867980957e+00
1.576602458953857422e+00
1.576645374298095703e+00
1.576642990112304688e+00
1.576458454132080078e+00
1.576253294944763184e+00
1.576170921325683594e+00
1.576155900955200195e+00
1.576120972633361816e+00
1.575947761535644531e+00
1.575636744499206543e+00
1.575416207313537598e+00
1.575417160987854004e+00
1.575384616851806641e+00
1.575185418128967285e+00
1.574984788894653320e+00
1.574882745742797852e+00
1.574793934822082520e+00
1.574719309806823730e+00
1.574621915817260742e+00
1.574447274208068848e+00
1.574173688888549805e+00
1.573909044265747070e+00
1.573911666870117188e+00
1.573823571205139160e+00
1.573469042778015137e+00
1.573347449302673340e+00
1.573293805122375488e+00
1.573153734207153320e+00
1.573113918304443359e+00
1.572943329811096191e+00
1.572711348533630371e+00
1.572613477706909180e+00
1.572408676147460938e+00
1.572198987007141113e+00
1.572040557861328125e+00
1.571843624114990234e+00
1.571514248847961426e+00
1.571757316589355469e+00
1.570989608764648438e+00
1.570915818214416504e+00
1.570849537849426270e+00
1.570697784423828125e+00
1.570844888687133789e+00
1.570289373397827148e+00
1.570184469223022461e+00
1.570054769515991211e+00
1.569761753082275391e+00
1.569704651832580566e+00
1.569021821022033691e+00
1.569236636161804199e+00
1.568773627281188965e+00
1.568524241447448730e+00
1.568523883819580078e+00
1.567872047424316406e+00
1.568514466285705566e+00
1.567912578582763672e+00
1.567027688026428223e+00
1.567406535148620605e+00
1.570341110229492188e+00
1.569038033485412598e+00
1.566181182861328125e+00
1.566094160079956055e+00
1.567160844802856445e+00
1.566200017929077148e+00
1.564625859260559082e+00
1.564918637275695801e+00
1.565974950790405273e+00
1.565248727798461914e+00
1.563960552215576172e+00
1.563457012176513672e+00
1.564197897911071777e+00
1.564123868942260742e+00
1.562786936759948730e+00
1.562319993972778320e+00
1.562918424606323242e+00
1.562236785888671875e+00
1.561225533485412598e+00
1.560891866683959961e+00
1.561687111854553223e+00
1.561416149139404297e+00
1.560320734977722168e+00
1.559756159782409668e+00
1.560015797615051270e+00
1.558833599090576172e+00
1.512586474418640137e+00
1.436143994331359863e+00
1.365986466407775879e+00
1.320417404174804688e+00
1.298058986663818359e+00
1.291189789772033691e+00
1.290563344955444336e+00
1.290519475936889648e+00
1.293503880500793457e+00
1.298982620239257812e+00
1.303352594375610352e+00
1.304439663887023926e+00
1.306502103805541992e+00
1.306126475334167480e+00
1.302426576614379883e+00
1.300467133522033691e+00
1.298959016799926758e+00
1.296001553535461426e+00
1.294655561447143555e+00
1.292654037475585938e+00
1.267593741416931152e+00
1.235483288764953613e+00
1.224684715270996094e+00
1.215256690979003906e+00
1.208416581153869629e+00
1.205759048461914062e+00
1.202725529670715332e+00
1.198806762695312500e+00
1.198588371276855469e+00
1.198167443275451660e+00
1.196430683135986328e+00
1.196273326873779297e+00
1.196577906608581543e+00
1.197427868843078613e+00
1.195290446281433105e+00
1.198904275894165039e+00
1.196038007736206055e+00
1.196929812431335449e+00
1.196676373481750488e+00
1.193791508674621582e+00
1.196888804435729980e+00
1.192240357398986816e+00
1.190495610237121582e+00
1.193386554718017578e+00
1.189232110977172852e+00
1.189657807350158691e+00
1.187407732009887695e+00
1.186887025833129883e+00
1.185264229774475098e+00
1.184936404228210449e+00
1.184870839118957520e+00
1.182460427284240723e+00
1.185245752334594727e+00
1.183112382888793945e+00
1.187291979789733887e+00
1.183029174804687500e+00
1.187443852424621582e+00
1.179197907447814941e+00
1.180582165718078613e+00
1.183066964149475098e+00
1.178048133850097656e+00
1.181464076042175293e+00
1.179484844207763672e+00
1.177002549171447754e+00
1.180495619773864746e+00
1.177591562271118164e+00
1.176998734474182129e+00
1.178324580192565918e+00
1.176061868667602539e+00
1.176974773406982422e+00
1.176347851753234863e+00
1.175099849700927734e+00
1.176021099090576172e+00
1.174967169761657715e+00
1.174831509590148926e+00
1.174710154533386230e+00
1.173961400985717773e+00
1.174406766891479492e+00
1.173701763153076172e+00
1.173431515693664551e+00
1.173449993133544922e+00
1.172899961471557617e+00
1.173005342483520508e+00
1.172497868537902832e+00
1.172242403030395508e+00
1.172230243682861328e+00
1.171787500381469727e+00
1.171698212623596191e+00
1.171383380889892578e+00
1.171165108680725098e+00
1.171047925949096680e+00
1.170739889144897461e+00
1.170580387115478516e+00
1.170399308204650879e+00
1.170196413993835449e+00
1.170035123825073242e+00
1.169811487197875977e+00
1.169617533683776855e+00
1.169479012489318848e+00
1.169244170188903809e+00
1.169187903404235840e+00
1.169157505035400391e+00
1.169631004333496094e+00
1.171141386032104492e+00
1.173354029655456543e+00
1.176446557044982910e+00
1.169776558876037598e+00
1.168555378913879395e+00
1.169974684715270996e+00
1.170411348342895508e+00
1.170523762702941895e+00
1.165261745452880859e+00
1.170321941375732422e+00
1.168240666389465332e+00
1.165909171104431152e+00
1.171041250228881836e+00
1.164810419082641602e+00
1.168556809425354004e+00
1.166594028472900391e+00
1.165285944938659668e+00
1.166209459304809570e+00
1.165243148803710938e+00
1.165349721908569336e+00
1.165866255760192871e+00
1.164777994155883789e+00
1.164047718048095703e+00
1.167084217071533203e+00
1.164858460426330566e+00
1.172874808311462402e+00
1.165554046630859375e+00
1.170205831527709961e+00
1.166137695312500000e+00
1.163750052452087402e+00
1.163361310958862305e+00
1.163323998451232910e+00
1.164284467697143555e+00
1.163407325744628906e+00
1.168291687965393066e+00
1.161935687065124512e+00
1.165371537208557129e+00
1.161204934120178223e+00
1.161977767944335938e+00
1.160653114318847656e+00
1.159961938858032227e+00
1.161477923393249512e+00
1.157692551612854004e+00
1.160612106323242188e+00
1.157706618309020996e+00
1.161709666252136230e+00
1.164945602416992188e+00
1.189506173133850098e+00
1.186762809753417969e+00
1.269243478775024414e+00
1.323978662490844727e+00
1.261345505714416504e+00
1.322899103164672852e+00
1.340634942054748535e+00
1.333664417266845703e+00
1.334741950035095215e+00
1.353483080863952637e+00
1.355846643447875977e+00
1.352662086486816406e+00
1.346993327140808105e+00
1.333891630172729492e+00
1.298192143440246582e+00
1.269377112388610840e+00
1.227999567985534668e+00
1.220934748649597168e+00
1.266914486885070801e+00
1.259434700012207031e+00
1.220055580139160156e+00
1.229258179664611816e+00
1.236707687377929688e+00
1.200843334197998047e+00
1.197158336639404297e+00
1.215569496154785156e+00
1.189884424209594727e+00
1.187594175338745117e+00
1.197256445884704590e+00
1.178516864776611328e+00
1.183572769165039062e+00
1.189121842384338379e+00
1.177513837814331055e+00
1.176391720771789551e+00
1.175237655639648438e+00
1.174286961555480957e+00
1.168107271194458008e+00
1.168486833572387695e+00
1.172535896301269531e+00
1.166661858558654785e+00
1.165284633636474609e+00
1.167827606201171875e+00
1.166358113288879395e+00
1.164558768272399902e+00
1.164491415023803711e+00
1.165562868118286133e+00
1.164057612419128418e+00
1.163264274597167969e+00
1.164323806762695312e+00
1.164023518562316895e+00
1.163052797317504883e+00
1.163474321365356445e+00
1.163425207138061523e+00
1.163286328315734863e+00
1.162738323211669922e+00
1.162600040435791016e+00
1.162699937820434570e+00
1.162383556365966797e+00
1.162098765373229980e+00
1.162004590034484863e+00
1.162028551101684570e+00
1.161652207374572754e+00
1.161440014839172363e+00
1.161561131477355957e+00
1.161236047744750977e+00
1.160970211029052734e+00
1.161012649536132812e+00
1.160768866539001465e+00
1.160518646240234375e+00
1.160413622856140137e+00
1.160278797149658203e+00
1.160092115402221680e+00
1.159888148307800293e+00
1.159831643104553223e+00
1.159632086753845215e+00
1.159460544586181641e+00
1.159581303596496582e+00
1.169750452041625977e+00
1.168423175811767578e+00
1.168296575546264648e+00
1.163144230842590332e+00
1.165818691253662109e+00
1.217201828956604004e+00
1.159382343292236328e+00
1.162745952606201172e+00
1.160753607749938965e+00
1.163797616958618164e+00
1.163077354431152344e+00
1.161631822586059570e+00
1.157621622085571289e+00
1.157303690910339355e+00
1.158895015716552734e+00
1.157407164573669434e+00
1.158534169197082520e+00
1.159471750259399414e+00
1.160381078720092773e+00
1.159602880477905273e+00
1.161227464675903320e+00
1.161888837814331055e+00
1.160716295242309570e+00
1.158841729164123535e+00
1.158766031265258789e+00
1.157655596733093262e+00
1.156902074813842773e+00
1.156296372413635254e+00
1.156544804573059082e+00
1.156033396720886230e+00
1.155903816223144531e+00
1.156085848808288574e+00
1.156008601188659668e+00
1.155822396278381348e+00
1.155824184417724609e+00
1.156067013740539551e+00
1.155929207801818848e+00
1.156738042831420898e+00
1.158248901367187500e+00
1.163202643394470215e+00
1.172717332839965820e+00
1.173007130622863770e+00
1.171140670776367188e+00
1.157814264297485352e+00
1.156132340431213379e+00
1.160994529724121094e+00
1.160318255424499512e+00
1.156809210777282715e+00
1.154918313026428223e+00
1.156118512153625488e+00
1.157200694084167480e+00
1.156492233276367188e+00
1.154850959777832031e+00
1.154713511466979980e+00
1.155234336853027344e+00
1.155247092247009277e+00
1.155638456344604492e+00
1.155075073242187500e+00
1.154890656471252441e+00
1.154269337654113770e+00
1.154223918914794922e+00
1.154105186462402344e+00
1.154014945030212402e+00
1.154067516326904297e+00
1.154080271720886230e+00
1.154257297515869141e+00
1.154286146163940430e+00
1.154896259307861328e+00
1.155532598495483398e+00
1.157495498657226562e+00
1.160646677017211914e+00
1.162924766540527344e+00
1.166052579879760742e+00
1.160955429077148438e+00
1.157346367835998535e+00
1.154492974281311035e+00
1.153866887092590332e+00
1.154680252075195312e+00
1.156260728836059570e+00
1.156903147697448730e+00
1.155816793441772461e+00
1.154428839683532715e+00
1.153874754905700684e+00
1.153477668762207031e+00
1.153352260589599609e+00
1.153486013412475586e+00
1.153570771217346191e+00
1.153983950614929199e+00
1.154225349426269531e+00
1.155177116394042969e+00
1.156286478042602539e+00
1.156890869140625000e+00
1.157829165458679199e+00
1.157253503799438477e+00
1.157059311866760254e+00
1.155533432960510254e+00
1.154477715492248535e+00
1.153565049171447754e+00
1.152917027473449707e+00
1.152721047401428223e+00
1.152730107307434082e+00
1.152716517448425293e+00
1.152783155441284180e+00
1.152924299240112305e+00
1.153531432151794434e+00
1.154455661773681641e+00
1.155778408050537109e+00
1.158319234848022461e+00
1.159715294837951660e+00
1.162686228752136230e+00
1.158054113388061523e+00
1.155625581741333008e+00
1.153091311454772949e+00
1.152128100395202637e+00
1.152223706245422363e+00
1.153057098388671875e+00
1.153869748115539551e+00
1.153938055038452148e+00
1.153809189796447754e+00
1.153298258781433105e+00
1.152755022048950195e+00
1.152258276939392090e+00
1.151921629905700684e+00
1.151829123497009277e+00
1.151720404624938965e+00
1.151706814765930176e+00
1.151690363883972168e+00
1.151946306228637695e+00
1.152511715888977051e+00
1.153832793235778809e+00
1.157074689865112305e+00
1.159923553466796875e+00
1.166365027427673340e+00
1.158914804458618164e+00
1.155846595764160156e+00
1.152212142944335938e+00
1.151249408721923828e+00
1.151777148246765137e+00
1.152875661849975586e+00
1.153818011283874512e+00
1.153068423271179199e+00
1.152908325195312500e+00
1.152061581611633301e+00
1.151476383209228516e+00
1.151408672332763672e+00
1.152166008949279785e+00
1.152793765068054199e+00
1.153472900390625000e+00
1.154168963432312012e+00
1.155656456947326660e+00
1.159484267234802246e+00
1.161400675773620605e+00
1.165398597717285156e+00
1.156958699226379395e+00
1.152975201606750488e+00
1.152802944183349609e+00
1.154959440231323242e+00
1.156238198280334473e+00
1.153817892074584961e+00
1.152318120002746582e+00
1.152482151985168457e+00
1.153083205223083496e+00
1.153490662574768066e+00
1.153249740600585938e+00
1.152875661849975586e+00
1.152266860008239746e+00
1.152163743972778320e+00
1.152400612831115723e+00
1.152813673019409180e+00
1.152903079986572266e+00
1.153989434242248535e+00
1.155016064643859863e+00
1.158181905746459961e+00
1.162973165512084961e+00
1.163314104080200195e+00
1.160943508148193359e+00
1.154055237770080566e+00
1.158501863479614258e+00
1.161607623100280762e+00
1.153648734092712402e+00
1.159830451011657715e+00
1.161980628967285156e+00
1.153117418289184570e+00
1.164828419685363770e+00
1.164371252059936523e+00
1.153646349906921387e+00
1.166393280029296875e+00
1.162747979164123535e+00
1.153089404106140137e+00
1.161548018455505371e+00
1.153984427452087402e+00
1.155293107032775879e+00
1.155046820640563965e+00
1.151349663734436035e+00
1.153298616409301758e+00
1.152147293090820312e+00
1.151757955551147461e+00
1.151450753211975098e+00
1.150719046592712402e+00
1.151948213577270508e+00
1.151603817939758301e+00
1.151321649551391602e+00
1.151404619216918945e+00
1.150829315185546875e+00
1.150427460670471191e+00
1.150356292724609375e+00
1.150790572166442871e+00
1.150144815444946289e+00
1.150152921676635742e+00
1.150601625442504883e+00
1.150295019149780273e+00
1.150184988975524902e+00
1.151200532913208008e+00
1.153731822967529297e+00
1.162691116333007812e+00
1.155619025230407715e+00
1.157383918762207031e+00
1.151186227798461914e+00
1.153875827789306641e+00
1.208733201026916504e+00
1.209555268287658691e+00
1.206959843635559082e+00
1.206615567207336426e+00
1.205176115036010742e+00
1.204141736030578613e+00
1.203432083129882812e+00
1.202648997306823730e+00
1.202854752540588379e+00
1.201808214187622070e+00
1.201536893844604492e+00
1.201384067535400391e+00
1.201174616813659668e+00
1.200790047645568848e+00
1.200436472892761230e+00
1.200075864791870117e+00
1.199835777282714844e+00
1.199608564376831055e+00
1.199484944343566895e+00
1.199364423751831055e+00
1.199416160583496094e+00
1.199427723884582520e+00
1.199423313140869141e+00
1.199486017227172852e+00
1.199514865875244141e+00
1.199484825134277344e+00
1.199477553367614746e+00
1.199438095092773438e+00
1.199379324913024902e+00
1.199340462684631348e+00
1.199278831481933594e+00
1.199257254600524902e+00
1.199252843856811523e+00
1.199227690696716309e+00
1.199243783950805664e+00
1.199251651763916016e+00
1.199242472648620605e+00
1.199245095252990723e+00
1.199226975440979004e+00
1.199213385581970215e+00
1.199195265769958496e+00
1.199170708656311035e+00
1.199162840843200684e+00
1.199142932891845703e+00
1.199128866195678711e+00
1.199118375778198242e+00
1.199102401733398438e+00
1.199090242385864258e+00
1.199068069458007812e+00
1.199050188064575195e+00
1.199027299880981445e+00
1.199000239372253418e+00
1.198976278305053711e+00
1.198948860168457031e+00
1.198925614356994629e+00
1.198899269104003906e+00
1.198877215385437012e+00
1.198854446411132812e+00
1.198830962181091309e+00
1.198808312416076660e+00
1.198783993721008301e+00
1.198761224746704102e+00
1.198735594749450684e+00
1.198712825775146484e+00
1.198688387870788574e+00
1.198666214942932129e+00
1.198642969131469727e+00
1.198621749877929688e+00
1.198600053787231445e+00
1.198579311370849609e+00
1.198558330535888672e+00
1.198538422584533691e+00
1.198517918586730957e+00
1.198498010635375977e+00
1.198478102684020996e+00
1.198458909988403320e+00
1.198439359664916992e+00
1.198420763015747070e+00
1.198402047157287598e+00
1.198384404182434082e+00
1.198366165161132812e+00
1.198349475860595703e+00
1.198331475257873535e+00
1.198316097259521484e+00
1.198297858238220215e+00
1.198284387588500977e+00
1.198264956474304199e+00
1.198254704475402832e+00
1.198232769966125488e+00
1.198229193687438965e+00
1.198202371597290039e+00
1.198216438293457031e+00
1.198184251785278320e+00
1.198253393173217773e+00
1.198246836662292480e+00
1.198534250259399414e+00
1.198696970939636230e+00
1.199170708656311035e+00
1.199276566505432129e+00
1.199877381324768066e+00
1.200144290924072266e+00
1.200931310653686523e+00
1.200624823570251465e+00
1.200941801071166992e+00
1.199966192245483398e+00
1.199556708335876465e+00
1.198709249496459961e+00
1.198439836502075195e+00
1.198245763778686523e+00
1.198163390159606934e+00
1.198216438293457031e+00
1.198020577430725098e+00
1.197984218597412109e+00
1.198083400726318359e+00
1.197919011116027832e+00
1.197912096977233887e+00
1.198027849197387695e+00
1.197860717773437500e+00
1.197855234146118164e+00
1.197932720184326172e+00
1.197939157485961914e+00
1.198146820068359375e+00
1.197915077209472656e+00
1.197924971580505371e+00
1.197841644287109375e+00
1.197895526885986328e+00
1.197883367538452148e+00
1.198024868965148926e+00
1.198057651519775391e+00
1.198478937149047852e+00
1.198284149169921875e+00
1.198637485504150391e+00
1.198347568511962891e+00
1.198637723922729492e+00
1.198298215866088867e+00
1.198511123657226562e+00
1.198020815849304199e+00
1.198132395744323730e+00
1.197640061378479004e+00
1.197672724723815918e+00
1.197573542594909668e+00
1.197871685028076172e+00
1.198128342628479004e+00
1.198798775672912598e+00
1.198724508285522461e+00
1.199402451515197754e+00
1.199405193328857422e+00
1.199974894523620605e+00
1.198826074600219727e+00
1.198666691780090332e+00
1.197683334350585938e+00
1.197419166564941406e+00
1.197160959243774414e+00
1.197169542312622070e+00
1.197173595428466797e+00
1.197217345237731934e+00
1.197345256805419922e+00
1.197395086288452148e+00
1.197650194168090820e+00
1.197840809822082520e+00
1.198542833328247070e+00
1.199139118194580078e+00
1.200537681579589844e+00
1.199606657028198242e+00
1.199739694595336914e+00
1.197934865951538086e+00
1.197386980056762695e+00
1.196988344192504883e+00
1.196950078010559082e+00
1.196863055229187012e+00
1.196858286857604980e+00
1.196914792060852051e+00
1.196931362152099609e+00
1.197053074836730957e+00
1.197101473808288574e+00
1.197412252426147461e+00
1.197618842124938965e+00
1.198500871658325195e+00
1.199618458747863770e+00
1.201694607734680176e+00
1.199692130088806152e+00
1.199003100395202637e+00
1.197319865226745605e+00
1.196801662445068359e+00
1.196431875228881836e+00
1.196359753608703613e+00
1.196400046348571777e+00
1.196408629417419434e+00
1.196663737297058105e+00
1.196739435195922852e+00
1.197206497192382812e+00
1.197454690933227539e+00
1.198286652565002441e+00
1.198853969573974609e+00
1.199913978576660156e+00
1.197322964668273926e+00
1.196452856063842773e+00
1.195941090583801270e+00
1.195881962776184082e+00
1.196040749549865723e+00
1.196139216423034668e+00
1.196517229080200195e+00
1.196612238883972168e+00
1.197170257568359375e+00
1.197421550750732422e+00
1.198069691658020020e+00
1.198059201240539551e+00
1.198372602462768555e+00
1.197894334793090820e+00
1.197571396827697754e+00
1.196674704551696777e+00
1.196227550506591797e+00
1.195676207542419434e+00
1.195519328117370605e+00
1.195494174957275391e+00
1.195518970489501953e+00
1.195739865303039551e+00
1.195712924003601074e+00
