2.673034477233886719e+01
2.627410316467285156e+01
2.574302291870117188e+01
2.511644554138183594e+01
2.449498367309570312e+01
2.386096000671386719e+01
2.319875717163085938e+01
2.249670410156250000e+01
2.166815757751464844e+01
2.075625419616699219e+01
1.989178276062011719e+01
1.904278373718261719e+01
1.826367950439453125e+01
1.749305534362792969e+01
1.686121368408203125e+01
1.633437156677246094e+01
1.589512348175048828e+01
1.557245159149169922e+01
1.530347633361816406e+01
1.513459491729736328e+01
1.505608940124511719e+01
1.503194713592529297e+01
1.504764652252197266e+01
1.509150028228759766e+01
1.515741634368896484e+01
1.523968887329101562e+01
1.532943153381347656e+01
1.541646766662597656e+01
1.549170780181884766e+01
1.554923152923583984e+01
1.558668327331542969e+01
1.560077857971191406e+01
1.557919216156005859e+01
1.548452186584472656e+01
1.545598983764648438e+01
1.542450428009033203e+01
1.538751697540283203e+01
1.535325050354003906e+01
1.532457256317138672e+01
1.530298519134521484e+01
1.528641510009765625e+01
1.527132606506347656e+01
1.525755023956298828e+01
1.524549770355224609e+01
1.523511981964111328e+01
1.522657585144042969e+01
1.522489356994628906e+01
1.522858238220214844e+01
1.523561859130859375e+01
1.524250316619873047e+01
1.524673557281494141e+01
1.524916267395019531e+01
1.524080657958984375e+01
1.523497104644775391e+01
1.523902511596679688e+01
1.524577331542968750e+01
1.525233078002929688e+01
1.525513076782226562e+01
1.525303840637207031e+01
1.524780559539794922e+01
1.524096107482910156e+01
1.523444175720214844e+01
1.522995758056640625e+01
1.522798538208007812e+01
1.522784900665283203e+01
1.522825908660888672e+01
1.522792720794677734e+01
1.522649002075195312e+01
1.522424411773681641e+01
1.522182559967041016e+01
1.522021007537841797e+01
1.522028064727783203e+01
1.522155094146728516e+01
1.522272777557373047e+01
1.522314167022705078e+01
1.522271442413330078e+01
1.522160148620605469e+01
1.522005367279052734e+01
1.521835041046142578e+01
1.521671009063720703e+01
1.521520996093750000e+01
1.521377849578857422e+01
1.521227741241455078e+01
1.521060085296630859e+01
1.520875263214111328e+01
1.520683288574218750e+01
1.520499134063720703e+01
1.520334243774414062e+01
1.520191574096679688e+01
1.520064735412597656e+01
1.519941806793212891e+01
1.519810771942138672e+01
1.519662952423095703e+01
1.519495105743408203e+01
1.519308090209960938e+01
1.519105148315429688e+01
1.518889904022216797e+01
1.518665313720703125e+01
1.518420886993408203e+01
1.518164920806884766e+01
1.517916011810302734e+01
1.517676639556884766e+01
1.517448425292968750e+01
1.517233753204345703e+01
1.517027473449707031e+01
1.516814136505126953e+01
1.516577720642089844e+01
1.515280914306640625e+01
1.514494609832763672e+01
1.514297103881835938e+01
1.514498424530029297e+01
1.514964580535888672e+01
1.515361309051513672e+01
1.515659427642822266e+01
1.515873336791992188e+01
1.515703201293945312e+01
1.515528583526611328e+01
1.515305328369140625e+01
1.515050506591796875e+01
1.514785575866699219e+01
1.514530277252197266e+01
1.514299869537353516e+01
1.514104652404785156e+01
1.513949775695800781e+01
1.513831710815429688e+01
1.513740539550781250e+01
1.513663673400878906e+01
1.513590240478515625e+01
1.513511848449707031e+01
1.513423824310302734e+01
1.513324356079101562e+01
1.513213157653808594e+01
1.513091659545898438e+01
1.512962055206298828e+01
1.512827205657958984e+01
1.512690544128417969e+01
1.512554836273193359e+01
1.512423133850097656e+01
1.512297534942626953e+01
1.512178802490234375e+01
1.512067031860351562e+01
1.511961364746093750e+01
1.511859798431396484e+01
1.511760807037353516e+01
1.511662578582763672e+01
1.511563491821289062e+01
1.511462783813476562e+01
1.511360168457031250e+01
1.511255550384521484e+01
1.511148166656494141e+01
1.511039066314697266e+01
1.510928249359130859e+01
1.510816192626953125e+01
1.510703372955322266e+01
1.510590457916259766e+01
1.510477733612060547e+01
1.510365390777587891e+01
1.510253524780273438e+01
1.510142230987548828e+01
1.510030937194824219e+01
1.509919929504394531e+01
1.509808540344238281e+01
1.509697055816650391e+01
1.509584903717041016e+01
1.509472179412841797e+01
1.509358882904052734e+01
1.509245204925537109e+01
1.509130668640136719e+01
1.509015655517578125e+01
1.508900260925292969e+01
1.508784484863281250e+01
1.508667945861816406e+01
1.508551120758056641e+01
1.508433818817138672e+01
1.508316040039062500e+01
1.508197593688964844e+01
1.508078861236572266e+01
1.507959365844726562e+01
1.507839298248291016e+01
1.507718944549560547e+01
1.507597827911376953e+01
1.507476711273193359e+01
1.507355403900146484e+01
1.507234001159667969e+01
1.507112884521484375e+01
1.506992340087890625e+01
1.506872272491455078e+01
1.506752490997314453e+01
1.506632328033447266e+01
1.506509876251220703e+01
1.506383609771728516e+01
1.506252670288085938e+01
1.506117820739746094e+01
1.505982112884521484e+01
1.505850410461425781e+01
1.505726242065429688e+01
1.505612564086914062e+01
1.505510234832763672e+01
1.505418395996093750e+01
1.505335235595703125e+01
1.505258369445800781e+01
1.505184841156005859e+01
1.505112075805664062e+01
1.505037593841552734e+01
1.504959774017333984e+01
1.504877281188964844e+01
1.504789161682128906e+01
1.504695224761962891e+01
1.504595851898193359e+01
1.504491519927978516e+01
1.504383563995361328e+01
1.504273223876953125e+01
1.504161739349365234e+01
1.504050445556640625e+01
1.503940105438232422e+01
1.503831768035888672e+01
1.503725814819335938e+01
1.503622341156005859e+01
1.503520965576171875e+01
1.503421592712402344e+01
1.503323268890380859e+01
1.503225898742675781e+01
1.503128433227539062e+01
1.503030967712402344e+01
1.502932643890380859e+01
1.502833747863769531e+01
1.502733898162841797e+01
1.502632808685302734e+01
1.502531242370605469e+01
1.502429008483886719e+01
1.502326679229736328e+01
1.502224349975585938e+01
1.502122402191162109e+01
1.502020549774169922e+01
1.501919651031494141e+01
1.501819229125976562e+01
1.501719379425048828e+01
1.501620006561279297e+01
1.501521205902099609e+01
1.501422882080078125e+01
1.501324367523193359e+01
1.501226234436035156e+01
1.501128005981445312e+01
1.501029586791992188e+01
1.500930976867675781e+01
1.500832176208496094e+01
1.500733184814453125e+01
1.500634193420410156e+01
1.500534820556640625e+01
1.500435447692871094e+01
1.500335884094238281e+01
1.500236415863037109e+01
1.500136947631835938e+01
1.500037479400634766e+01
1.499938011169433594e+01
1.499838638305664062e+01
1.499738979339599609e+01
1.499639701843261719e+01
1.499540233612060547e+01
1.499440765380859375e+01
1.499341201782226562e+01
1.499241542816162109e+01
1.499141788482666016e+01
1.499042034149169922e+01
1.498942089080810547e+01
1.498841953277587891e+01
1.498742008209228516e+01
1.498641872406005859e+01
1.498541450500488281e+01
1.498440933227539062e+01
1.498340511322021484e+01
1.498239803314208984e+01
1.498139095306396484e+01
1.498038196563720703e+01
1.497937202453613281e+01
1.497836112976074219e+01
1.497735023498535156e+01
1.497633457183837891e+01
1.497531986236572266e+01
1.497430515289306641e+01
1.497328758239746094e+01
1.497226715087890625e+01
1.497124671936035156e+01
1.497022628784179688e+01
1.496920108795166016e+01
1.496817684173583984e+01
1.496714973449707031e+01
1.496611976623535156e+01
1.496509075164794922e+01
1.496405696868896484e+01
1.496302318572998047e+01
1.496198749542236328e+01
1.496094799041748047e+01
1.495990848541259766e+01
1.495886516571044922e+01
1.495782089233398438e+01
1.495677280426025391e+01
1.495572280883789062e+01
1.495466995239257812e+01
1.495361423492431641e+01
1.495255661010742188e+01
1.495149517059326172e+01
1.495043182373046875e+01
1.494936466217041016e+01
1.494829368591308594e+01
1.494722080230712891e+01
1.494614315032958984e+01
1.494506263732910156e+01
1.494397926330566406e+01
1.494289016723632812e+01
1.494179916381835938e+01
1.494070434570312500e+01
1.493960285186767578e+01
1.493849945068359375e+01
1.493739032745361328e+01
1.493628025054931641e+01
1.493516826629638672e+01
1.493405818939208984e+01
1.493294715881347656e+01
1.493183708190917969e+01
1.493072700500488281e+01
1.492960929870605469e+01
1.492848682403564453e+01
1.492735958099365234e+01
1.492622375488281250e+01
1.492508220672607422e+01
1.492393398284912109e+01
1.492277717590332031e+01
1.492160797119140625e+01
1.492042255401611328e+01
1.491922473907470703e+01
1.491801548004150391e+01
1.491679191589355469e+01
1.491555500030517578e+01
1.491429996490478516e+01
1.491302967071533203e+01
1.491174125671386719e+01
1.491044044494628906e+01
1.490912342071533203e+01
1.490779018402099609e+01
1.490643692016601562e+01
1.490507125854492188e+01
1.490368652343750000e+01
1.490228080749511719e+01
1.490085220336914062e+01
1.489939308166503906e+01
1.489789199829101562e+01
1.489632797241210938e+01
1.489465236663818359e+01
1.489279842376708984e+01
1.489080810546875000e+01
1.488913440704345703e+01
1.488799190521240234e+01
1.488680648803710938e+01
1.488524532318115234e+01
1.488358402252197266e+01
1.488210868835449219e+01
1.488070869445800781e+01
1.487909317016601562e+01
1.487721729278564453e+01
1.487528610229492188e+01
1.487348461151123047e+01
1.487176990509033203e+01
1.486999130249023438e+01
1.486809921264648438e+01
1.486619377136230469e+01
1.486437606811523438e+01
1.486260795593261719e+01
1.486078739166259766e+01
1.485889053344726562e+01
1.485698604583740234e+01
1.485511875152587891e+01
1.485324573516845703e+01
1.485129261016845703e+01
1.484926509857177734e+01
1.484721660614013672e+01
1.484515762329101562e+01
1.484304523468017578e+01
1.484085655212402344e+01
1.483860874176025391e+01
1.483633804321289062e+01
1.483403396606445312e+01
1.483166313171386719e+01
1.482922458648681641e+01
1.482674217224121094e+01
1.482421875000000000e+01
1.482164001464843750e+01
1.481899070739746094e+01
1.481627368927001953e+01
1.481349945068359375e+01
1.481065845489501953e+01
1.480773544311523438e+01
1.480472373962402344e+01
1.480162429809570312e+01
1.479843902587890625e+01
1.479515266418457031e+01
1.479176044464111328e+01
1.478825855255126953e+01
1.478464889526367188e+01
1.478092956542968750e+01
1.477708721160888672e+01
1.477309989929199219e+01
1.476893806457519531e+01
1.476457881927490234e+01
1.476003074645996094e+01
1.475532150268554688e+01
1.475047492980957031e+01
1.474548435211181641e+01
1.474033832550048828e+01
1.473501110076904297e+01
1.472948741912841797e+01
1.472374534606933594e+01
1.471777248382568359e+01
1.471155738830566406e+01
1.470510196685791016e+01
1.469841861724853516e+01
1.469152164459228516e+01
1.468442344665527344e+01
1.467714405059814453e+01
1.466969585418701172e+01
1.466208553314208984e+01
1.465431308746337891e+01
1.464636516571044922e+01
1.463822650909423828e+01
1.462987422943115234e+01
1.462129306793212891e+01
1.461253452301025391e+01
1.460379791259765625e+01
1.459477615356445312e+01
1.458556556701660156e+01
1.457614040374755859e+01
1.456668472290039062e+01
1.455693531036376953e+01
1.454705047607421875e+01
1.453671741485595703e+01
1.452592086791992188e+01
1.451464462280273438e+01
1.450266647338867188e+01
1.449019527435302734e+01
1.447705268859863281e+01
1.446326828002929688e+01
1.444889068603515625e+01
1.443369483947753906e+01
1.441757583618164062e+01
1.439967823028564453e+01
1.437323951721191406e+01
1.431575202941894531e+01
1.430128002166748047e+01
1.429512882232666016e+01
1.427022361755371094e+01
1.423071956634521484e+01
1.424295711517333984e+01
1.418525791168212891e+01
1.417288398742675781e+01
1.416120052337646484e+01
1.418429660797119141e+01
1.412598896026611328e+01
1.410767078399658203e+01
1.409588909149169922e+01
1.408309459686279297e+01
1.407354450225830078e+01
1.406752490997314453e+01
1.406482696533203125e+01
1.404392051696777344e+01
1.403379440307617188e+01
1.402519035339355469e+01
1.401739978790283203e+01
1.401061630249023438e+01
1.400446605682373047e+01
1.399901199340820312e+01
1.399454879760742188e+01
1.398631095886230469e+01
1.397945117950439453e+01
1.397375583648681641e+01
1.396904182434082031e+01
1.396509456634521484e+01
1.396181106567382812e+01
1.395652675628662109e+01
1.395166492462158203e+01
1.394703006744384766e+01
1.394270801544189453e+01
1.393828964233398438e+01
1.393280315399169922e+01
1.392705917358398438e+01
1.392273426055908203e+01
1.391917896270751953e+01
1.391504859924316406e+01
1.391137123107910156e+01
1.390858745574951172e+01
1.390567016601562500e+01
1.390285682678222656e+01
1.390068531036376953e+01
1.389848136901855469e+01
1.389600372314453125e+01
1.389375877380371094e+01
1.389151859283447266e+01
1.388899040222167969e+01
1.388657951354980469e+01
1.388432025909423828e+01
1.388192272186279297e+01
1.387957191467285156e+01
1.387741279602050781e+01
1.387524700164794922e+01
1.387313365936279297e+01
1.387123680114746094e+01
1.386944580078125000e+01
1.386770725250244141e+01
1.386612606048583984e+01
1.386463928222656250e+01
1.386316394805908203e+01
1.386177349090576172e+01
1.386046981811523438e+01
1.385916805267333984e+01
1.385789871215820312e+01
1.385667705535888672e+01
1.385544395446777344e+01
1.385421848297119141e+01
1.385303592681884766e+01
1.385186481475830078e+01
1.385070514678955078e+01
1.384958553314208984e+01
1.384848690032958984e+01
1.384740734100341797e+01
1.384636878967285156e+01
1.384536266326904297e+01
1.384438133239746094e+01
1.384343528747558594e+01
1.384252357482910156e+01
1.384163379669189453e+01
1.384077262878417969e+01
1.383994197845458984e+01
1.383912849426269531e+01
1.383833694458007812e+01
1.383757019042968750e+01
1.383682155609130859e+01
1.383608913421630859e+01
1.383537769317626953e+01
1.383468151092529297e+01
1.383400058746337891e+01
1.383333778381347656e+01
1.383269119262695312e+01
1.383206176757812500e+01
1.383144664764404297e+01
1.383084964752197266e+01
1.383026790618896484e+01
1.382970333099365234e+01
1.382915306091308594e+01
1.382862091064453125e+01
1.382810401916503906e+01
1.382760620117187500e+01
1.382711982727050781e+01
1.382665157318115234e+01
1.382619857788085938e+01
1.382576179504394531e+01
1.382534027099609375e+01
1.382493209838867188e+01
1.382453918457031250e+01
1.382416343688964844e+01
1.382380008697509766e+01
1.382345008850097656e+01
1.382311534881591797e+01
1.382279300689697266e+01
1.382248306274414062e+01
1.382218647003173828e+01
1.382190132141113281e+01
1.382162570953369141e+01
1.382135963439941406e+01
1.382109546661376953e+01
1.382083511352539062e+01
1.382057476043701172e+01
1.382031154632568359e+01
1.382003974914550781e+01
1.381976127624511719e+01
1.381947231292724609e+01
1.381917285919189453e+01
1.381886291503906250e+01
1.381854534149169922e+01
1.381822204589843750e+01
1.381789875030517578e+01
1.381757545471191406e+01
1.381725978851318359e+01
1.381694984436035156e+01
1.381665134429931641e+01
1.381637191772460938e+01
1.381609630584716797e+01
1.381582832336425781e+01
1.381558322906494141e+01
1.381534671783447266e+01
1.381510829925537109e+01
1.381488037109375000e+01
1.381465435028076172e+01
1.381442451477050781e+01
1.381419849395751953e+01
1.381397342681884766e+01
1.381374359130859375e+01
1.381351280212402344e+01
1.381328201293945312e+01
1.381304740905761719e+01
1.381281566619873047e+01
1.381258773803710938e+01
1.381235885620117188e+01
1.381213474273681641e+01
1.381191444396972656e+01
1.381169605255126953e+01
1.381148242950439453e+01
1.381127452850341797e+01
1.381106948852539062e+01
1.381086635589599609e+01
1.381066608428955078e+01
1.381047058105468750e+01
1.381027507781982422e+01
1.381008338928222656e+01
1.380989551544189453e+01
1.380970668792724609e+01
1.380951976776123047e+01
1.380933761596679688e+01
1.380915546417236328e+01
1.380897712707519531e+01
1.380879783630371094e+01
1.380862617492675781e+01
1.380845260620117188e+01
1.380828285217285156e+01
1.380811405181884766e+01
1.380795001983642578e+01
1.380778789520263672e+01
1.380762767791748047e+01
1.380747032165527344e+01
1.380731391906738281e+01
1.380715465545654297e+01
1.380700683593750000e+01
1.380686187744140625e+01
1.380670928955078125e+01
1.380656528472900391e+01
1.380642509460449219e+01
1.380627918243408203e+01
1.380614280700683594e+01
1.380600738525390625e+01
1.380587005615234375e+01
1.380573940277099609e+01
1.380560684204101562e+01
1.380547714233398438e+01
1.380535316467285156e+01
1.380522823333740234e+01
1.380510425567626953e+01
1.380498409271240234e+01
1.380486392974853516e+01
1.380474567413330078e+01
1.380462932586669922e+01
1.380451679229736328e+01
1.380440330505371094e+01
1.380429267883300781e+01
1.380418109893798828e+01
1.380407428741455078e+01
1.380396842956542969e+01
1.380386352539062500e+01
1.380375862121582031e+01
1.380365657806396484e+01
1.380355644226074219e+01
1.380345630645751953e+01
1.380335712432861328e+01
1.380326080322265625e+01
1.380316543579101562e+01
1.380307102203369141e+01
1.380297851562500000e+01
1.380288791656494141e+01
1.380279922485351562e+01
1.380271053314208984e+01
1.380262565612792969e+01
1.380253982543945312e+01
1.380245590209960938e+01
1.380237388610839844e+01
1.380229187011718750e+01
1.380220985412597656e+01
1.380213069915771484e+01
1.380204868316650391e+01
1.380196857452392578e+01
1.380188751220703125e+01
1.380180740356445312e+01
1.380172729492187500e+01
1.380164527893066406e+01
1.380156326293945312e+01
1.380148124694824219e+01
1.380139732360839844e+01
1.380131244659423828e+01
1.380122947692871094e+01
1.380114173889160156e+01
1.380105590820312500e+01
1.380096721649169922e+01
1.380087947845458984e+01
1.380078983306884766e+01
1.380069828033447266e+01
1.380060482025146484e+01
1.380051136016845703e+01
1.380041694641113281e+01
1.380031871795654297e+01
1.380022144317626953e+01
1.380012130737304688e+01
1.380002117156982422e+01
1.379991912841796875e+01
1.379981327056884766e+01
1.379970836639404297e+01
1.379960060119628906e+01
1.379949092864990234e+01
1.379938220977783203e+01
1.379926967620849609e+01
1.379915714263916016e+01
1.379904079437255859e+01
1.379892635345458984e+01
1.379881000518798828e+01
1.379869079589843750e+01
1.379857158660888672e+01
1.379845237731933594e+01
1.379833030700683594e+01
1.379820823669433594e+01
1.379808616638183594e+01
1.379796314239501953e+01
1.379784011840820312e+01
1.379771423339843750e+01
1.379759120941162109e+01
1.379746627807617188e+01
1.379733943939208984e+01
1.379721450805664062e+01
1.379708957672119141e+01
1.379696559906005859e+01
1.379684066772460938e+01
1.379671478271484375e+01
1.379658889770507812e+01
1.379646587371826172e+01
1.379634094238281250e+01
1.379621791839599609e+01
1.379609298706054688e+01
1.379597377777099609e+01
1.379584789276123047e+01
1.379573345184326172e+01
1.379560089111328125e+01
1.379549980163574219e+01
1.379534626007080078e+01
1.379529190063476562e+01
1.379506015777587891e+01
1.379517364501953125e+01
1.379472827911376953e+01
1.379505157470703125e+01
1.379453277587890625e+01
1.379536342620849609e+01
1.379498958587646484e+01
1.379370307922363281e+01
1.379465007781982422e+01
1.379394721984863281e+01
1.379463195800781250e+01
1.379519271850585938e+01
1.379333496093750000e+01
1.379436016082763672e+01
1.379456138610839844e+01
1.379326534271240234e+01
1.379404258728027344e+01
1.379378414154052734e+01
1.379300308227539062e+01
1.379327392578125000e+01
1.379264163970947266e+01
1.379260158538818359e+01
1.379241275787353516e+01
1.379193496704101562e+01
1.379206275939941406e+01
1.379169178009033203e+01
1.379170322418212891e+01
1.379154300689697266e+01
1.379138660430908203e+01
1.379144001007080078e+01
1.379131221771240234e+01
1.379142379760742188e+01
1.379131793975830078e+01
1.379137134552001953e+01
1.379126644134521484e+01
1.379125308990478516e+01
1.379119110107421875e+01
1.379114437103271484e+01
1.379107189178466797e+01
1.379099845886230469e+01
1.379089355468750000e+01
1.379082870483398438e+01
1.379069423675537109e+01
1.379065322875976562e+01
1.379048347473144531e+01
1.379048824310302734e+01
1.379028129577636719e+01
1.379036808013916016e+01
1.379010391235351562e+01
1.379030036926269531e+01
1.378997707366943359e+01
1.379005622863769531e+01
1.379006481170654297e+01
1.378987503051757812e+01
1.378995418548583984e+01
1.378971767425537109e+01
1.378983783721923828e+01
1.378960609436035156e+01
1.378965377807617188e+01
1.378939151763916016e+01
1.378937816619873047e+01
1.378919696807861328e+01
1.378919792175292969e+01
1.378905868530273438e+01
1.378904819488525391e+01
1.378891849517822266e+01
1.378892230987548828e+01
1.378882122039794922e+01
1.378883647918701172e+01
1.378873634338378906e+01
1.378874111175537109e+01
1.378864097595214844e+01
1.378865623474121094e+01
1.378856086730957031e+01
1.378857231140136719e+01
1.378846645355224609e+01
1.378846931457519531e+01
1.378836536407470703e+01
1.378836727142333984e+01
1.378826236724853516e+01
1.378825664520263672e+01
1.378814697265625000e+01
1.378813743591308594e+01
1.378803157806396484e+01
1.378802680969238281e+01
1.378791904449462891e+01
1.378791522979736328e+01
1.378780651092529297e+01
1.378781032562255859e+01
1.378770065307617188e+01
1.378771209716796875e+01
1.378759860992431641e+01
1.378761482238769531e+01
1.378749942779541016e+01
1.378751945495605469e+01
1.378740787506103516e+01
1.378741741180419922e+01
1.378731346130371094e+01
1.378730297088623047e+01
1.378720760345458984e+01
1.378717613220214844e+01
1.378708744049072266e+01
1.378703784942626953e+01
1.378694820404052734e+01
1.378689765930175781e+01
1.378679943084716797e+01
1.378676795959472656e+01
1.378665637969970703e+01
1.378666210174560547e+01
1.378652954101562500e+01
1.378659248352050781e+01
1.378642845153808594e+01
1.378656864166259766e+01
1.378637027740478516e+01
1.378642749786376953e+01
1.378642368316650391e+01
1.378629589080810547e+01
1.378624820709228516e+01
1.378612899780273438e+01
1.378610229492187500e+01
1.378597259521484375e+01
1.378587436676025391e+01
1.378571987152099609e+01
1.378563785552978516e+01
1.378554248809814453e+01
1.378550720214843750e+01
1.378543758392333984e+01
1.378540992736816406e+01
1.378538131713867188e+01
1.378539085388183594e+01
1.378539085388183594e+01
1.378539276123046875e+01
1.378536033630371094e+01
1.378534507751464844e+01
1.378528404235839844e+01
1.378526210784912109e+01
1.378514099121093750e+01
1.378514862060546875e+01
1.378492069244384766e+01
1.378516483306884766e+01
1.378464984893798828e+01
1.378568077087402344e+01
1.378814029693603516e+01
1.378647613525390625e+01
1.378703308105468750e+01
1.378983879089355469e+01
1.387039279937744141e+01
1.388452339172363281e+01
1.394791412353515625e+01
1.387328815460205078e+01
1.383555889129638672e+01
1.381489849090576172e+01
1.380075931549072266e+01
1.382465362548828125e+01
1.378508186340332031e+01
1.377426719665527344e+01
1.377008247375488281e+01
1.378078746795654297e+01
1.379690837860107422e+01
1.379566574096679688e+01
1.379311752319335938e+01
1.378329849243164062e+01
1.377561378479003906e+01
1.377491950988769531e+01
1.378083133697509766e+01
1.378432178497314453e+01
1.378163719177246094e+01
1.377399158477783203e+01
1.376662445068359375e+01
1.376126289367675781e+01
1.375727081298828125e+01
1.375403118133544922e+01
1.376342582702636719e+01
1.380094814300537109e+01
1.395735836029052734e+01
1.383292865753173828e+01
1.375418758392333984e+01
1.373474884033203125e+01
1.372843933105468750e+01
1.373152923583984375e+01
1.374291515350341797e+01
1.375493431091308594e+01
1.375948619842529297e+01
1.376010799407958984e+01
1.375920391082763672e+01
1.375710391998291016e+01
1.375709724426269531e+01
1.375899982452392578e+01
1.375934028625488281e+01
1.375707340240478516e+01
1.375649070739746094e+01
1.375951957702636719e+01
1.376096916198730469e+01
1.375879096984863281e+01
1.375753307342529297e+01
1.375766944885253906e+01
1.375673580169677734e+01
1.375624942779541016e+01
1.375707626342773438e+01
1.375714397430419922e+01
1.375566577911376953e+01
1.375429630279541016e+01
1.375387096405029297e+01
1.375308227539062500e+01
1.375206756591796875e+01
1.375199031829833984e+01
1.375272750854492188e+01
1.375279903411865234e+01
1.375336551666259766e+01
1.375431442260742188e+01
1.375329399108886719e+01
1.375360298156738281e+01
1.375302505493164062e+01
1.375322914123535156e+01
1.375400447845458984e+01
1.375347614288330078e+01
1.375223731994628906e+01
1.375185775756835938e+01
1.375159549713134766e+01
1.375023651123046875e+01
1.374886035919189453e+01
1.374831199645996094e+01
1.374777507781982422e+01
1.374728107452392578e+01
1.374748897552490234e+01
1.374837589263916016e+01
1.375244140625000000e+01
1.375093555450439453e+01
1.375235843658447266e+01
1.375407505035400391e+01
1.375450038909912109e+01
1.375353431701660156e+01
1.375224113464355469e+01
1.375097560882568359e+01
1.374989795684814453e+01
1.374896144866943359e+01
1.374763488769531250e+01
1.374633502960205078e+01
1.374572467803955078e+01
1.374570465087890625e+01
1.374567794799804688e+01
1.374587631225585938e+01
1.374663448333740234e+01
1.374753570556640625e+01
1.374804401397705078e+01
1.374853229522705078e+01
1.374919414520263672e+01
1.374972343444824219e+01
1.374971961975097656e+01
1.375004100799560547e+01
1.375074768066406250e+01
1.375106048583984375e+01
1.375159835815429688e+01
1.375175189971923828e+01
1.375051689147949219e+01
1.375166702270507812e+01
1.375132083892822266e+01
1.374807453155517578e+01
1.374808311462402344e+01
1.374774742126464844e+01
1.374618625640869141e+01
1.374477195739746094e+01
