1.674699401855468750e+01
1.640415573120117188e+01
1.602291297912597656e+01
1.558383369445800781e+01
1.516777324676513672e+01
1.468807888031005859e+01
1.418700885772705078e+01
1.368391990661621094e+01
1.319318103790283203e+01
1.268645477294921875e+01
1.216487121582031250e+01
1.165892410278320312e+01
1.118498420715332031e+01
1.075310039520263672e+01
1.036889553070068359e+01
1.001097869873046875e+01
9.668531417846679688e+00
9.365200042724609375e+00
9.106588363647460938e+00
8.893939018249511719e+00
8.725698471069335938e+00
8.598284721374511719e+00
8.506678581237792969e+00
8.445075035095214844e+00
8.407584190368652344e+00
8.388615608215332031e+00
8.383348464965820312e+00
8.387596130371093750e+00
8.398097038269042969e+00
8.412187576293945312e+00
8.426078796386718750e+00
8.439279556274414062e+00
8.449834823608398438e+00
8.458756446838378906e+00
8.463310241699218750e+00
8.467072486877441406e+00
8.471623420715332031e+00
8.463764190673828125e+00
8.462916374206542969e+00
8.446111679077148438e+00
8.425957679748535156e+00
8.406441688537597656e+00
8.387207984924316406e+00
8.365841865539550781e+00
8.341856956481933594e+00
8.364750862121582031e+00
8.288086891174316406e+00
8.260007858276367188e+00
8.234272003173828125e+00
8.210718154907226562e+00
8.189839363098144531e+00
8.170476913452148438e+00
8.149624824523925781e+00
8.127654075622558594e+00
8.113706588745117188e+00
8.103457450866699219e+00
8.096031188964843750e+00
8.090999603271484375e+00
8.086545944213867188e+00
8.083112716674804688e+00
8.083343505859375000e+00
8.083362579345703125e+00
8.080772399902343750e+00
8.078605651855468750e+00
8.078662872314453125e+00
8.081362724304199219e+00
8.079115867614746094e+00
8.072426795959472656e+00
8.067728042602539062e+00
8.064489364624023438e+00
8.061248779296875000e+00
8.058027267456054688e+00
8.104319572448730469e+00
8.050908088684082031e+00
8.047595977783203125e+00
8.045642852783203125e+00
8.045756340026855469e+00
8.048324584960937500e+00
8.053151130676269531e+00
8.057550430297851562e+00
8.061137199401855469e+00
8.064902305603027344e+00
8.068696022033691406e+00
8.071479797363281250e+00
8.073037147521972656e+00
8.073282241821289062e+00
8.072243690490722656e+00
8.070053100585937500e+00
8.066916465759277344e+00
8.063500404357910156e+00
8.059491157531738281e+00
8.055178642272949219e+00
8.050696372985839844e+00
8.046498298645019531e+00
8.042780876159667969e+00
8.039669990539550781e+00
8.037380218505859375e+00
8.035836219787597656e+00
8.034897804260253906e+00
8.034463882446289062e+00
8.034419059753417969e+00
8.034638404846191406e+00
8.035002708435058594e+00
8.035402297973632812e+00
8.035752296447753906e+00
8.035983085632324219e+00
8.036052703857421875e+00
8.035940170288085938e+00
8.035643577575683594e+00
8.035177230834960938e+00
8.034569740295410156e+00
8.033859252929687500e+00
8.033080101013183594e+00
8.032275199890136719e+00
8.031476974487304688e+00
8.030733108520507812e+00
8.030074119567871094e+00
8.029505729675292969e+00
8.029067039489746094e+00
8.028659820556640625e+00
8.028280258178710938e+00
8.027923583984375000e+00
8.027652740478515625e+00
8.027411460876464844e+00
8.027236938476562500e+00
8.027048110961914062e+00
8.026598930358886719e+00
8.025593757629394531e+00
8.024071693420410156e+00
8.022275924682617188e+00
8.020433425903320312e+00
8.018794059753417969e+00
8.017475128173828125e+00
8.016456604003906250e+00
8.015661239624023438e+00
8.014972686767578125e+00
8.014204978942871094e+00
8.013318061828613281e+00
8.012389183044433594e+00
8.011480331420898438e+00
8.010637283325195312e+00
8.009883880615234375e+00
8.009231567382812500e+00
8.008701324462890625e+00
8.008318901062011719e+00
8.007969856262207031e+00
8.007586479187011719e+00
8.007080078125000000e+00
8.006303787231445312e+00
8.004844665527343750e+00
8.002411842346191406e+00
8.082308769226074219e+00
7.999755382537841797e+00
7.979711532592773438e+00
7.962893486022949219e+00
7.949114799499511719e+00
7.938827037811279297e+00
7.930407524108886719e+00
7.915899753570556641e+00
7.901723384857177734e+00
7.888159275054931641e+00
7.877490520477294922e+00
7.869845390319824219e+00
7.863919258117675781e+00
7.858395099639892578e+00
7.848968029022216797e+00
7.841762542724609375e+00
7.833837509155273438e+00
7.823908805847167969e+00
7.816113471984863281e+00
7.808495044708251953e+00
7.801061153411865234e+00
7.793832302093505859e+00
7.786788940429687500e+00
7.780276298522949219e+00
7.774620532989501953e+00
7.776196956634521484e+00
7.759561061859130859e+00
7.750760078430175781e+00
7.742667675018310547e+00
7.735471248626708984e+00
7.729100704193115234e+00
7.723290443420410156e+00
7.717581272125244141e+00
7.711374282836914062e+00
7.704334259033203125e+00
7.696662425994873047e+00
7.688932418823242188e+00
7.681667804718017578e+00
7.675131797790527344e+00
7.669340133666992188e+00
7.664181232452392578e+00
7.659507751464843750e+00
7.655128479003906250e+00
7.650685310363769531e+00
7.645944595336914062e+00
7.640971183776855469e+00
7.635876178741455078e+00
7.630864143371582031e+00
7.625833511352539062e+00
7.619242191314697266e+00
7.614302158355712891e+00
7.613196849822998047e+00
7.610645294189453125e+00
7.602251052856445312e+00
7.591062068939208984e+00
7.579625606536865234e+00
7.571063995361328125e+00
7.565931797027587891e+00
7.561848163604736328e+00
7.557661533355712891e+00
7.553451061248779297e+00
7.548082351684570312e+00
7.540745258331298828e+00
7.532543659210205078e+00
7.523384094238281250e+00
7.514328956604003906e+00
7.506383895874023438e+00
7.499924659729003906e+00
7.494537353515625000e+00
7.489545345306396484e+00
7.484467029571533203e+00
7.479121208190917969e+00
7.473063945770263672e+00
7.466511726379394531e+00
7.459990978240966797e+00
7.453561782836914062e+00
7.447653770446777344e+00
7.442148208618164062e+00
7.436847686767578125e+00
7.431588172912597656e+00
7.425955295562744141e+00
7.419412136077880859e+00
7.411185264587402344e+00
7.403024673461914062e+00
7.395112514495849609e+00
7.386498451232910156e+00
7.377753257751464844e+00
7.370223522186279297e+00
7.362860202789306641e+00
7.355845928192138672e+00
7.350179195404052734e+00
7.343993663787841797e+00
7.338274955749511719e+00
7.331336498260498047e+00
7.323695182800292969e+00
7.316617488861083984e+00
7.304720878601074219e+00
7.283699512481689453e+00
7.272265434265136719e+00
7.263882160186767578e+00
7.254792690277099609e+00
7.245896339416503906e+00
7.241452693939208984e+00
7.235993385314941406e+00
7.223222732543945312e+00
7.211533546447753906e+00
7.204864501953125000e+00
7.201612949371337891e+00
7.198564529418945312e+00
7.193270683288574219e+00
7.187021255493164062e+00
7.182146549224853516e+00
7.177993297576904297e+00
7.173481941223144531e+00
7.168907165527343750e+00
7.165604591369628906e+00
7.162897109985351562e+00
7.159179687500000000e+00
7.155329227447509766e+00
7.152009487152099609e+00
7.148712158203125000e+00
7.145231723785400391e+00
7.142715930938720703e+00
7.140636444091796875e+00
7.137719154357910156e+00
7.134672641754150391e+00
7.132331371307373047e+00
7.130016803741455078e+00
7.126980304718017578e+00
7.124201297760009766e+00
7.121699333190917969e+00
7.119174957275390625e+00
7.116843223571777344e+00
7.114736080169677734e+00
7.112832069396972656e+00
7.110675811767578125e+00
7.108587741851806641e+00
7.106390476226806641e+00
7.103810310363769531e+00
7.101597785949707031e+00
7.099290370941162109e+00
7.096472263336181641e+00
7.094455718994140625e+00
7.093567371368408203e+00
7.092037200927734375e+00
7.088916301727294922e+00
7.086143016815185547e+00
7.084659099578857422e+00
7.083510875701904297e+00
7.081293106079101562e+00
7.078694343566894531e+00
7.077111244201660156e+00
7.076128959655761719e+00
7.074351787567138672e+00
7.072376251220703125e+00
7.070981025695800781e+00
7.069091320037841797e+00
7.066893577575683594e+00
7.065395832061767578e+00
7.064762592315673828e+00
7.064539432525634766e+00
7.063966274261474609e+00
7.062838077545166016e+00
7.061662673950195312e+00
7.060809135437011719e+00
7.060054779052734375e+00
7.059137344360351562e+00
7.058044910430908203e+00
7.056961536407470703e+00
7.055966854095458984e+00
7.054921150207519531e+00
7.053113937377929688e+00
7.051676273345947266e+00
7.051420688629150391e+00
7.050647258758544922e+00
7.049059391021728516e+00
7.048069000244140625e+00
7.047549724578857422e+00
7.046557903289794922e+00
7.045803546905517578e+00
7.045305252075195312e+00
7.044115543365478516e+00
7.043243408203125000e+00
7.042813777923583984e+00
7.041668891906738281e+00
7.040543556213378906e+00
7.039706707000732422e+00
7.038289070129394531e+00
7.037027835845947266e+00
7.036063671112060547e+00
7.034597396850585938e+00
7.032915592193603516e+00
7.031306743621826172e+00
7.030034542083740234e+00
7.028672218322753906e+00
7.027482509613037109e+00
7.026881694793701172e+00
7.025786876678466797e+00
7.024371147155761719e+00
7.023531913757324219e+00
7.022720813751220703e+00
7.021420955657958984e+00
7.020173549652099609e+00
7.019412517547607422e+00
7.018563747406005859e+00
7.017354488372802734e+00
7.016663551330566406e+00
7.016526222229003906e+00
7.015813827514648438e+00
7.014612197875976562e+00
7.013900279998779297e+00
7.013388156890869141e+00
7.012303829193115234e+00
7.011130332946777344e+00
7.010478973388671875e+00
7.009839534759521484e+00
7.008975028991699219e+00
7.008210182189941406e+00
7.007514953613281250e+00
7.006721973419189453e+00
7.005893707275390625e+00
7.005669116973876953e+00
7.010336399078369141e+00
7.003643989562988281e+00
7.003731727600097656e+00
7.004015445709228516e+00
7.002703666687011719e+00
7.001162528991699219e+00
7.000662326812744141e+00
7.001761436462402344e+00
6.999386787414550781e+00
6.998918533325195312e+00
6.998726367950439453e+00
6.997931003570556641e+00
6.996975898742675781e+00
6.996406078338623047e+00
6.996044635772705078e+00
6.995576381683349609e+00
6.994487762451171875e+00
6.994556427001953125e+00
6.994060039520263672e+00
6.992722511291503906e+00
6.991630554199218750e+00
6.991139888763427734e+00
6.991219043731689453e+00
6.989791393280029297e+00
6.988976001739501953e+00
6.988341808319091797e+00
6.987729549407958984e+00
6.987101554870605469e+00
6.986511707305908203e+00
6.985964775085449219e+00
6.985463142395019531e+00
6.985019207000732422e+00
6.984579563140869141e+00
6.984094142913818359e+00
6.983604431152343750e+00
6.983156681060791016e+00
6.982734680175781250e+00
6.982301235198974609e+00
6.981876373291015625e+00
6.981475830078125000e+00
6.981076240539550781e+00
6.980676174163818359e+00
6.980284690856933594e+00
6.979892730712890625e+00
6.979488849639892578e+00
6.979080200195312500e+00
6.978674888610839844e+00
6.978273868560791016e+00
6.977866172790527344e+00
6.977464675903320312e+00
6.977081775665283203e+00
6.976706504821777344e+00
6.976341724395751953e+00
6.975990772247314453e+00
6.975988388061523438e+00
6.976158142089843750e+00
6.975882530212402344e+00
6.975310802459716797e+00
6.974877357482910156e+00
6.975400924682617188e+00
6.975060939788818359e+00
6.973865032196044922e+00
6.973510742187500000e+00
6.973200321197509766e+00
6.972853660583496094e+00
6.972485542297363281e+00
6.972455978393554688e+00
6.972117424011230469e+00
6.972093582153320312e+00
6.971848964691162109e+00
6.971472263336181641e+00
6.971248626708984375e+00
6.971101760864257812e+00
6.971001148223876953e+00
6.970754146575927734e+00
6.970414638519287109e+00
6.970641613006591797e+00
6.969974040985107422e+00
6.969839572906494141e+00
6.969513893127441406e+00
6.969057559967041016e+00
6.969010829925537109e+00
6.968474864959716797e+00
6.968273639678955078e+00
6.967924594879150391e+00
6.967506408691406250e+00
6.967803001403808594e+00
6.967499732971191406e+00
6.966835021972656250e+00
6.966649532318115234e+00
6.966872692108154297e+00
6.966533660888671875e+00
6.965923309326171875e+00
6.966129302978515625e+00
6.965643405914306641e+00
6.965883731842041016e+00
6.966112136840820312e+00
6.965802192687988281e+00
6.965264320373535156e+00
6.965618610382080078e+00
6.965752601623535156e+00
6.965134143829345703e+00
6.964205741882324219e+00
6.964333057403564453e+00
6.964664936065673828e+00
6.964258193969726562e+00
6.963560104370117188e+00
6.963910102844238281e+00
6.964390754699707031e+00
6.963858127593994141e+00
6.963071823120117188e+00
6.963176250457763672e+00
6.963674068450927734e+00
6.963290214538574219e+00
6.962525367736816406e+00
6.962825298309326172e+00
6.963338375091552734e+00
6.962648391723632812e+00
6.961859226226806641e+00
6.961837768554687500e+00
6.962217807769775391e+00
6.961746692657470703e+00
6.960911273956298828e+00
6.961190700531005859e+00
6.961607933044433594e+00
6.960913181304931641e+00
6.960019111633300781e+00
6.959213256835937500e+00
6.958975315093994141e+00
6.958908557891845703e+00
6.958624362945556641e+00
6.958621025085449219e+00
6.958574295043945312e+00
6.958411693572998047e+00
6.958709716796875000e+00
6.958718299865722656e+00
6.958600997924804688e+00
6.958108425140380859e+00
6.957766056060791016e+00
6.957495212554931641e+00
6.957211971282958984e+00
6.957112789154052734e+00
6.957051277160644531e+00
6.957042694091796875e+00
6.957005023956298828e+00
6.956951141357421875e+00
6.957075595855712891e+00
6.957203388214111328e+00
6.957169532775878906e+00
6.957196235656738281e+00
6.956971645355224609e+00
6.957065582275390625e+00
6.956940650939941406e+00
6.956686019897460938e+00
6.955861568450927734e+00
6.955198764801025391e+00
6.954765796661376953e+00
6.954214096069335938e+00
6.953799724578857422e+00
6.953500747680664062e+00
6.953074455261230469e+00
6.952654838562011719e+00
6.952356338500976562e+00
6.952113151550292969e+00
6.951890468597412109e+00
6.951704502105712891e+00
6.951495170593261719e+00
6.951222896575927734e+00
6.950967311859130859e+00
6.950739860534667969e+00
6.950527667999267578e+00
6.950337409973144531e+00
6.950145721435546875e+00
6.949930667877197266e+00
6.949694156646728516e+00
6.949460506439208984e+00
6.949230670928955078e+00
6.949007034301757812e+00
6.948778629302978516e+00
6.948549270629882812e+00
6.948326587677001953e+00
6.948106288909912109e+00
6.947876930236816406e+00
6.947628974914550781e+00
6.947364330291748047e+00
6.947094440460205078e+00
6.946824073791503906e+00
6.946555614471435547e+00
6.946287631988525391e+00
6.946019172668457031e+00
6.945743560791015625e+00
6.945467472076416016e+00
6.945188522338867188e+00
6.944912910461425781e+00
6.944638729095458984e+00
6.944371223449707031e+00
6.944100379943847656e+00
6.943833351135253906e+00
6.943564891815185547e+00
6.943306446075439453e+00
6.943035125732421875e+00
6.942764282226562500e+00
6.942477226257324219e+00
6.942177295684814453e+00
6.941882610321044922e+00
6.941574096679687500e+00
6.941269874572753906e+00
6.940953731536865234e+00
6.940639495849609375e+00
6.940309524536132812e+00
6.939985752105712891e+00
6.939653396606445312e+00
6.939324378967285156e+00
6.938987731933593750e+00
6.938646793365478516e+00
6.938336372375488281e+00
6.938015460968017578e+00
6.937851905822753906e+00
6.937627792358398438e+00
6.937577247619628906e+00
6.937006473541259766e+00
6.936743736267089844e+00
6.935671806335449219e+00
6.935050010681152344e+00
6.934379100799560547e+00
6.933382511138916016e+00
6.933197975158691406e+00
6.932376861572265625e+00
6.932140350341796875e+00
6.931828022003173828e+00
6.931272029876708984e+00
6.931062698364257812e+00
6.930293560028076172e+00
6.929714679718017578e+00
6.928997993469238281e+00
6.928092956542968750e+00
6.927415847778320312e+00
6.926476001739501953e+00
6.925722122192382812e+00
6.924964427947998047e+00
6.924139022827148438e+00
6.923460006713867188e+00
6.922665119171142578e+00
6.921989917755126953e+00
6.921347141265869141e+00
6.920543193817138672e+00
6.919746398925781250e+00
6.918870925903320312e+00
6.918050765991210938e+00
6.917449474334716797e+00
6.916057586669921875e+00
6.915074825286865234e+00
6.914044857025146484e+00
6.913011550903320312e+00
6.912119388580322266e+00
6.927510738372802734e+00
6.907850742340087891e+00
6.906991481781005859e+00
6.906645774841308594e+00
6.907936096191406250e+00
6.909911632537841797e+00
6.913058757781982422e+00
6.916049480438232422e+00
6.917147636413574219e+00
6.916161060333251953e+00
6.910304546356201172e+00
6.904287815093994141e+00
6.901936054229736328e+00
6.899724483489990234e+00
6.897800922393798828e+00
6.896318435668945312e+00
6.895345211029052734e+00
6.894668102264404297e+00
6.894236087799072266e+00
6.894088745117187500e+00
6.893453121185302734e+00
6.901605606079101562e+00
6.899242877960205078e+00
6.896488666534423828e+00
6.891454696655273438e+00
6.887462139129638672e+00
6.885571002960205078e+00
6.884626388549804688e+00
6.883342742919921875e+00
6.883815765380859375e+00
6.884858131408691406e+00
6.885400772094726562e+00
6.886113643646240234e+00
6.886650562286376953e+00
6.886130809783935547e+00
6.885506629943847656e+00
6.884521007537841797e+00
6.882987976074218750e+00
6.881745815277099609e+00
6.880401611328125000e+00
6.879197597503662109e+00
6.878440856933593750e+00
6.877742290496826172e+00
6.877420425415039062e+00
6.877301216125488281e+00
6.877218723297119141e+00
6.878062248229980469e+00
6.877642154693603516e+00
6.877909660339355469e+00
6.878106594085693359e+00
6.878056526184082031e+00
6.877917289733886719e+00
6.877612590789794922e+00
6.877193927764892578e+00
6.876773834228515625e+00
6.876239776611328125e+00
6.875739097595214844e+00
6.875274181365966797e+00
6.874859809875488281e+00
6.874589443206787109e+00
6.874398708343505859e+00
6.874234199523925781e+00
6.874088764190673828e+00
6.873881816864013672e+00
6.873559951782226562e+00
6.873152732849121094e+00
6.872638225555419922e+00
6.872066020965576172e+00
6.871557712554931641e+00
6.871001243591308594e+00
6.870519638061523438e+00
6.870169639587402344e+00
6.869799137115478516e+00
6.869539260864257812e+00
6.869303703308105469e+00
6.869029998779296875e+00
6.868820667266845703e+00
6.868564605712890625e+00
6.868417739868164062e+00
6.868138790130615234e+00
6.867898464202880859e+00
6.867911815643310547e+00
6.868641376495361328e+00
6.869221210479736328e+00
6.869150638580322266e+00
6.870876789093017578e+00
6.875334262847900391e+00
6.882259845733642578e+00
6.884169578552246094e+00
6.882730960845947266e+00
6.880066871643066406e+00
6.878351688385009766e+00
6.877752304077148438e+00
6.876870155334472656e+00
6.875819206237792969e+00
6.875094413757324219e+00
6.874298095703125000e+00
6.873357772827148438e+00
6.872745037078857422e+00
6.872364044189453125e+00
6.871929645538330078e+00
6.871670246124267578e+00
6.871610164642333984e+00
6.871419429779052734e+00
6.871133804321289062e+00
6.870882511138916016e+00
6.870459556579589844e+00
6.869844913482666016e+00
6.869246482849121094e+00
6.868622303009033203e+00
6.867920398712158203e+00
6.867290973663330078e+00
6.866750717163085938e+00
6.866223812103271484e+00
6.865760326385498047e+00
6.865391731262207031e+00
6.865038871765136719e+00
6.864682674407958984e+00
6.864350318908691406e+00
6.864002227783203125e+00
6.863625526428222656e+00
6.863272190093994141e+00
6.862952709197998047e+00
6.862658023834228516e+00
6.862415790557861328e+00
6.862209796905517578e+00
6.861987590789794922e+00
6.861745834350585938e+00
6.861477375030517578e+00
6.861161708831787109e+00
6.860824108123779297e+00
6.860495567321777344e+00
6.860173225402832031e+00
6.859787940979003906e+00
6.858392715454101562e+00
6.884515285491943359e+00
6.958095550537109375e+00
6.955299377441406250e+00
6.913722991943359375e+00
6.889852046966552734e+00
6.900204181671142578e+00
6.939628124237060547e+00
6.970268726348876953e+00
6.969101428985595703e+00
6.960993289947509766e+00
6.954525470733642578e+00
6.951032638549804688e+00
6.949724197387695312e+00
6.947702884674072266e+00
6.946074485778808594e+00
6.946321487426757812e+00
6.947279930114746094e+00
6.947659969329833984e+00
6.948016166687011719e+00
6.949124336242675781e+00
6.950163364410400391e+00
6.950194835662841797e+00
6.949956417083740234e+00
6.949974536895751953e+00
6.949651718139648438e+00
6.948794841766357422e+00
6.948083877563476562e+00
6.947840213775634766e+00
6.947701454162597656e+00
6.947508811950683594e+00
6.947562694549560547e+00
6.947896003723144531e+00
6.948138713836669922e+00
6.948135375976562500e+00
6.948081016540527344e+00
6.948014736175537109e+00
6.947741508483886719e+00
6.947257041931152344e+00
6.946774005889892578e+00
6.946343421936035156e+00
6.945863723754882812e+00
6.945394039154052734e+00
6.945068836212158203e+00
6.944861412048339844e+00
6.944680213928222656e+00
6.944533824920654297e+00
6.944468021392822266e+00
6.944437026977539062e+00
6.944375991821289062e+00
6.944304466247558594e+00
6.944250106811523438e+00
6.944181919097900391e+00
6.944088459014892578e+00
6.944003582000732422e+00
6.943937778472900391e+00
6.943866729736328125e+00
6.943780422210693359e+00
6.943694591522216797e+00
6.943607807159423828e+00
6.943498134613037109e+00
6.943377494812011719e+00
6.943256855010986328e+00
6.943127155303955078e+00
6.942998409271240234e+00
6.942875385284423828e+00
6.942792415618896484e+00
6.942741870880126953e+00
6.942696571350097656e+00
6.942676067352294922e+00
6.942661285400390625e+00
6.942622184753417969e+00
6.942572593688964844e+00
6.942494392395019531e+00
6.942409038543701172e+00
6.942356586456298828e+00
6.942321300506591797e+00
6.942286014556884766e+00
6.942264556884765625e+00
6.942245483398437500e+00
6.942197322845458984e+00
6.942128181457519531e+00
6.942061424255371094e+00
6.941981792449951172e+00
6.941895961761474609e+00
6.941810131072998047e+00
6.941729545593261719e+00
6.941649913787841797e+00
6.941574096679687500e+00
6.941508769989013672e+00
6.941435813903808594e+00
6.941370964050292969e+00
6.941325187683105469e+00
6.941271305084228516e+00
6.941218376159667969e+00
6.941183090209960938e+00
6.941135883331298828e+00
6.941082954406738281e+00
6.941039562225341797e+00
6.940977096557617188e+00
6.940913200378417969e+00
6.940867900848388672e+00
6.940804004669189453e+00
6.940733909606933594e+00
6.940681457519531250e+00
6.940617561340332031e+00
6.940557479858398438e+00
6.940527439117431641e+00
6.940499305725097656e+00
6.940470695495605469e+00
6.940456867218017578e+00
6.940424919128417969e+00
6.940374374389648438e+00
6.940323352813720703e+00
6.940247058868408203e+00
6.940157890319824219e+00
6.940082073211669922e+00
6.939993858337402344e+00
6.939910411834716797e+00
6.939851760864257812e+00
6.939790248870849609e+00
6.939733028411865234e+00
6.939694404602050781e+00
6.939642906188964844e+00
6.939587116241455078e+00
6.939544677734375000e+00
6.939486503601074219e+00
6.939424991607666016e+00
6.939374923706054688e+00
6.939311981201171875e+00
6.939248561859130859e+00
6.939202308654785156e+00
6.939140796661376953e+00
6.939076900482177734e+00
6.939033985137939453e+00
6.938977241516113281e+00
6.938913345336914062e+00
6.938886165618896484e+00
6.938856601715087891e+00
6.938795566558837891e+00
6.938750267028808594e+00
6.938719272613525391e+00
6.938649654388427734e+00
6.938567161560058594e+00
6.938519954681396484e+00
6.938465595245361328e+00
6.938390731811523438e+00
6.938332557678222656e+00
6.938276290893554688e+00
6.938216209411621094e+00
6.938178539276123047e+00
6.938138008117675781e+00
6.938075542449951172e+00
6.938014507293701172e+00
6.937947750091552734e+00
6.937885761260986328e+00
6.937830924987792969e+00
6.937775135040283203e+00
6.937734127044677734e+00
6.937687397003173828e+00
6.937622070312500000e+00
6.937574386596679688e+00
6.937526226043701172e+00
6.937454700469970703e+00
6.937380313873291016e+00
6.937303543090820312e+00
6.937238216400146484e+00
6.937180995941162109e+00
6.937121868133544922e+00
6.937080860137939453e+00
6.937036991119384766e+00
6.936972141265869141e+00
6.936923027038574219e+00
6.936875820159912109e+00
6.936803817749023438e+00
6.936741828918457031e+00
6.936686515808105469e+00
6.936616897583007812e+00
6.936555385589599609e+00
6.936498165130615234e+00
6.936429977416992188e+00
6.936357498168945312e+00
6.936293601989746094e+00
6.936233520507812500e+00
6.936165809631347656e+00
6.936114788055419922e+00
6.936062335968017578e+00
6.935992717742919922e+00
6.935940265655517578e+00
6.935890197753906250e+00
6.935818672180175781e+00
6.935760021209716797e+00
6.935707092285156250e+00
6.935636520385742188e+00
6.935573577880859375e+00
6.935514926910400391e+00
6.935441970825195312e+00
6.935381412506103516e+00
6.935323238372802734e+00
6.935248851776123047e+00
6.935198307037353516e+00
6.935182571411132812e+00
6.935163497924804688e+00
6.935127735137939453e+00
6.935070991516113281e+00
6.935000896453857422e+00
6.934920787811279297e+00
6.934834957122802734e+00
6.934765815734863281e+00
6.934698104858398438e+00
6.934618473052978516e+00
6.934561252593994141e+00
6.934505462646484375e+00
6.934422016143798828e+00
6.934340476989746094e+00
6.934269428253173828e+00
6.934175968170166016e+00
6.934042453765869141e+00
6.933887004852294922e+00
6.933742523193359375e+00
6.933632850646972656e+00
6.933536052703857422e+00
6.933446884155273438e+00
6.933391094207763672e+00
6.933322429656982422e+00
6.933248996734619141e+00
6.933185577392578125e+00
6.933134555816650391e+00
6.933075428009033203e+00
6.932998657226562500e+00
6.932919979095458984e+00
6.932842731475830078e+00
6.932753562927246094e+00
6.932651042938232422e+00
6.932551383972167969e+00
6.932461738586425781e+00
6.932374477386474609e+00
6.932291030883789062e+00
