4.897727966308593750e+01
4.814478683471679688e+01
4.731179809570312500e+01
4.646141815185546875e+01
4.558114624023437500e+01
4.466093063354492188e+01
4.368203735351562500e+01
4.259418106079101562e+01
4.125735855102539062e+01
3.966998672485351562e+01
3.791869735717773438e+01
3.609570693969726562e+01
3.418823242187500000e+01
3.151234245300292969e+01
2.920834922790527344e+01
2.738533210754394531e+01
2.601435852050781250e+01
2.485580635070800781e+01
2.384839439392089844e+01
2.299101638793945312e+01
2.227665710449218750e+01
2.180092430114746094e+01
2.134100151062011719e+01
2.095800971984863281e+01
2.060775756835937500e+01
2.036404037475585938e+01
2.022962951660156250e+01
2.017057991027832031e+01
2.018521308898925781e+01
2.016526985168457031e+01
2.016205787658691406e+01
2.021522331237792969e+01
2.029925346374511719e+01
2.040732002258300781e+01
2.046939277648925781e+01
2.053392219543457031e+01
2.109392929077148438e+01
2.056240272521972656e+01
2.035136413574218750e+01
2.019229316711425781e+01
2.002646636962890625e+01
1.987290763854980469e+01
1.973503494262695312e+01
1.962062644958496094e+01
1.953287124633789062e+01
1.947873306274414062e+01
1.936161613464355469e+01
1.916279983520507812e+01
1.902597618103027344e+01
1.893413352966308594e+01
1.886523628234863281e+01
1.881554222106933594e+01
1.878065681457519531e+01
1.876022529602050781e+01
1.875411796569824219e+01
1.875490570068359375e+01
1.874890136718750000e+01
1.872615051269531250e+01
1.869379806518554688e+01
1.867914772033691406e+01
1.867995262145996094e+01
1.866736030578613281e+01
1.863950157165527344e+01
1.860739707946777344e+01
1.857939338684082031e+01
1.855763816833496094e+01
1.854103279113769531e+01
1.852856826782226562e+01
1.851977157592773438e+01
1.851347351074218750e+01
1.850738334655761719e+01
1.849818801879882812e+01
1.848426437377929688e+01
1.846691703796386719e+01
1.844860839843750000e+01
1.843162536621093750e+01
1.841729545593261719e+01
1.840589904785156250e+01
1.839651107788085938e+01
1.838689041137695312e+01
1.837445449829101562e+01
1.835855865478515625e+01
1.834129714965820312e+01
1.832560729980468750e+01
1.831296539306640625e+01
1.830223655700683594e+01
1.829027748107910156e+01
1.827519226074218750e+01
1.826053047180175781e+01
1.825063133239746094e+01
1.825005340576171875e+01
1.823940277099609375e+01
1.820568466186523438e+01
1.818096923828125000e+01
1.817580032348632812e+01
1.817386245727539062e+01
1.815369224548339844e+01
1.812810707092285156e+01
1.811598205566406250e+01
1.810218620300292969e+01
1.807808494567871094e+01
1.807484245300292969e+01
1.807614326477050781e+01
1.804657173156738281e+01
1.801952171325683594e+01
1.801165580749511719e+01
1.800801277160644531e+01
1.798488426208496094e+01
1.795318412780761719e+01
1.793298912048339844e+01
1.792292213439941406e+01
1.790785598754882812e+01
1.788360404968261719e+01
1.786171722412109375e+01
1.784862518310546875e+01
1.783977127075195312e+01
1.782912826538085938e+01
1.781983947753906250e+01
1.784216499328613281e+01
1.792047500610351562e+01
1.785748100280761719e+01
1.806583023071289062e+01
1.836416816711425781e+01
1.833047485351562500e+01
1.804718208312988281e+01
1.761355590820312500e+01
1.754939270019531250e+01
1.755096244812011719e+01
1.759569740295410156e+01
1.763705253601074219e+01
1.760286712646484375e+01
1.753613471984863281e+01
1.749205398559570312e+01
1.747139549255371094e+01
1.746630859375000000e+01
1.747301673889160156e+01
1.748827743530273438e+01
1.750573921203613281e+01
1.751226043701171875e+01
1.750032615661621094e+01
1.747877502441406250e+01
1.746026039123535156e+01
1.744984626770019531e+01
1.744732856750488281e+01
1.745086669921875000e+01
1.745402717590332031e+01
1.744999122619628906e+01
1.743894386291503906e+01
1.742520141601562500e+01
1.741334724426269531e+01
1.740590286254882812e+01
1.740311431884765625e+01
1.740327453613281250e+01
1.740328598022460938e+01
1.740027046203613281e+01
1.739345741271972656e+01
1.738444137573242188e+01
1.737567329406738281e+01
1.736890411376953125e+01
1.736447525024414062e+01
1.736137580871582031e+01
1.735791969299316406e+01
1.735286140441894531e+01
1.734625244140625000e+01
1.733907127380371094e+01
1.733242225646972656e+01
1.732691001892089844e+01
1.732239913940429688e+01
1.731809997558593750e+01
1.731311988830566406e+01
1.730749893188476562e+01
1.730179405212402344e+01
1.729636764526367188e+01
1.729140090942382812e+01
1.728680801391601562e+01
1.728226280212402344e+01
1.727713966369628906e+01
1.727167701721191406e+01
1.726660537719726562e+01
1.726196670532226562e+01
1.725755500793457031e+01
1.725311660766601562e+01
1.724814033508300781e+01
1.724284553527832031e+01
1.723795509338378906e+01
1.723346900939941406e+01
1.666250991821289062e+01
1.598427867889404297e+01
1.523773574829101562e+01
1.453570652008056641e+01
1.393643283843994141e+01
1.346511936187744141e+01
1.312399578094482422e+01
1.290102291107177734e+01
1.277463245391845703e+01
1.271821212768554688e+01
1.270670890808105469e+01
1.271779823303222656e+01
1.273641586303710938e+01
1.275386714935302734e+01
1.276694679260253906e+01
1.277574157714843750e+01
1.278082275390625000e+01
1.278310394287109375e+01
1.278327655792236328e+01
1.278102207183837891e+01
1.277740287780761719e+01
1.277346611022949219e+01
1.276931667327880859e+01
1.276470851898193359e+01
1.275846672058105469e+01
1.274875640869140625e+01
1.273735237121582031e+01
1.272730636596679688e+01
1.271867847442626953e+01
1.270933532714843750e+01
1.269999027252197266e+01
1.269244670867919922e+01
1.268587303161621094e+01
1.267971134185791016e+01
1.267454051971435547e+01
1.266959095001220703e+01
1.266572189331054688e+01
1.266393947601318359e+01
1.266047573089599609e+01
1.265527629852294922e+01
1.265091323852539062e+01
1.264733886718750000e+01
1.264412879943847656e+01
1.264076995849609375e+01
1.263667106628417969e+01
1.263185119628906250e+01
1.262733078002929688e+01
1.262380695343017578e+01
1.262112903594970703e+01
1.261878967285156250e+01
1.261624050140380859e+01
1.261319351196289062e+01
1.260971164703369141e+01
1.260607051849365234e+01
1.260253334045410156e+01
1.259918594360351562e+01
1.259590244293212891e+01
1.259214687347412109e+01
1.258781528472900391e+01
1.258383083343505859e+01
1.258069801330566406e+01
1.257809543609619141e+01
1.257555007934570312e+01
1.257273674011230469e+01
1.256961631774902344e+01
1.256638145446777344e+01
1.256327629089355469e+01
1.256042957305908203e+01
1.255779170989990234e+01
1.255518436431884766e+01
1.255241966247558594e+01
1.254912376403808594e+01
1.254565048217773438e+01
1.254263973236083984e+01
1.254009628295898438e+01
1.253778553009033203e+01
1.253543186187744141e+01
1.253287792205810547e+01
1.252988624572753906e+01
1.252689647674560547e+01
1.252452373504638672e+01
1.252270030975341797e+01
1.252108478546142578e+01
1.251930046081542969e+01
1.251713275909423828e+01
1.251461315155029297e+01
1.251169586181640625e+01
1.250889587402343750e+01
1.250677871704101562e+01
1.250516986846923828e+01
1.250364303588867188e+01
1.250048732757568359e+01
1.249690246582031250e+01
1.249506855010986328e+01
1.249430751800537109e+01
1.249376296997070312e+01
1.249158763885498047e+01
1.248850250244140625e+01
1.248658657073974609e+01
1.248570251464843750e+01
1.248385620117187500e+01
1.248146343231201172e+01
1.248017024993896484e+01
1.247817230224609375e+01
1.247438049316406250e+01
1.247206497192382812e+01
1.247279262542724609e+01
1.247335052490234375e+01
1.247127628326416016e+01
1.246872425079345703e+01
1.246744728088378906e+01
1.246702957153320312e+01
1.246540451049804688e+01
1.246166801452636719e+01
