1.387982249259948730e+00
1.282237172126770020e+00
1.185634255409240723e+00
1.102672934532165527e+00
1.031810402870178223e+00
9.745634198188781738e-01
9.292653203010559082e-01
8.925977945327758789e-01
8.627082109451293945e-01
8.393074274063110352e-01
8.227439522743225098e-01
8.126972317695617676e-01
8.080547451972961426e-01
8.044242858886718750e-01
8.023119568824768066e-01
8.001766800880432129e-01
7.980284094810485840e-01
7.961375117301940918e-01
7.947409749031066895e-01
7.933631539344787598e-01
7.940073013305664062e-01
7.944020032882690430e-01
7.947542667388916016e-01
7.944978475570678711e-01
7.953371405601501465e-01
7.946835756301879883e-01
7.949727773666381836e-01
7.944473624229431152e-01
7.938484549522399902e-01
7.929094433784484863e-01
7.917107343673706055e-01
7.901025414466857910e-01
7.882126569747924805e-01
7.862285375595092773e-01
7.840477228164672852e-01
7.820649743080139160e-01
7.798544168472290039e-01
7.779501080513000488e-01
7.761771082878112793e-01
7.744219899177551270e-01
7.728419899940490723e-01
7.719072103500366211e-01
7.717080116271972656e-01
7.708871364593505859e-01
7.698378562927246094e-01
7.687833309173583984e-01
7.677205801010131836e-01
7.666481137275695801e-01
7.655686140060424805e-01
7.644850015640258789e-01
7.634000182151794434e-01
7.623183727264404297e-01
7.612484097480773926e-01
7.601981163024902344e-01
7.591713070869445801e-01
7.581692337989807129e-01
7.573403716087341309e-01
7.562658786773681641e-01
7.553591728210449219e-01
7.590898871421813965e-01
7.535359859466552734e-01
7.526741623878479004e-01
7.521080374717712402e-01
7.581660747528076172e-01
7.579464316368103027e-01
7.575492262840270996e-01
7.566910386085510254e-01
7.548465132713317871e-01
7.461216449737548828e-01
7.462494969367980957e-01
7.447223663330078125e-01
7.416448593139648438e-01
7.406883239746093750e-01
7.402482032775878906e-01
7.352886795997619629e-01
7.322452068328857422e-01
7.356325387954711914e-01
7.371652126312255859e-01
7.366003990173339844e-01
7.362222075462341309e-01
7.365871071815490723e-01
7.374925613403320312e-01
7.382703423500061035e-01
7.388281822204589844e-01
7.369452714920043945e-01
7.391431927680969238e-01
7.408338189125061035e-01
7.412433624267578125e-01
7.414124011993408203e-01
7.413085699081420898e-01
7.409176230430603027e-01
7.402899265289306641e-01
7.395106554031372070e-01
7.386716604232788086e-01
7.378523349761962891e-01
7.371112108230590820e-01
7.364846467971801758e-01
7.359887957572937012e-01
7.356222867965698242e-01
7.353693842887878418e-01
7.351998090744018555e-01
7.350909709930419922e-01
7.348918914794921875e-01
7.341139316558837891e-01
7.263906598091125488e-01
7.333321571350097656e-01
7.324045896530151367e-01
7.330792546272277832e-01
7.327593564987182617e-01
7.326098680496215820e-01
7.329587340354919434e-01
7.336334586143493652e-01
7.342753410339355469e-01
7.347712516784667969e-01
7.352399230003356934e-01
7.357646226882934570e-01
7.362754940986633301e-01
7.366928458213806152e-01
7.369500398635864258e-01
7.370291948318481445e-01
7.368646860122680664e-01
7.364938855171203613e-01
7.359674572944641113e-01
7.354094982147216797e-01
7.349015474319458008e-01
7.344809770584106445e-01
7.341735363006591797e-01
7.339812517166137695e-01
7.338947653770446777e-01
7.339006662368774414e-01
7.339769005775451660e-01
7.340915799140930176e-01
7.342101931571960449e-01
7.343090772628784180e-01
7.343645095825195312e-01
7.343541979789733887e-01
7.342993021011352539e-01
7.342376112937927246e-01
7.341648340225219727e-01
7.340831756591796875e-01
7.339925765991210938e-01
7.339069843292236328e-01
7.337877154350280762e-01
7.336496114730834961e-01
7.335239052772521973e-01
7.334304451942443848e-01
7.333647012710571289e-01
7.333224415779113770e-01
7.333100438117980957e-01
7.332875132560729980e-01
7.332499623298645020e-01
7.332003712654113770e-01
7.331522703170776367e-01
7.331232428550720215e-01
7.331036925315856934e-01
7.331057190895080566e-01
7.330902814865112305e-01
7.330574989318847656e-01
7.330108880996704102e-01
7.329545021057128906e-01
7.328996658325195312e-01
7.328616380691528320e-01
7.328396439552307129e-01
7.328119874000549316e-01
7.327750921249389648e-01
7.327312231063842773e-01
7.326832413673400879e-01
7.326347231864929199e-01
7.326090931892395020e-01
7.325796484947204590e-01
7.325462698936462402e-01
7.325102686882019043e-01
7.324729561805725098e-01
7.324361801147460938e-01
7.324222326278686523e-01
7.324033975601196289e-01
7.323790788650512695e-01
7.323499917984008789e-01
7.323172688484191895e-01
7.322822213172912598e-01
7.322461605072021484e-01
7.322101593017578125e-01
7.321753501892089844e-01
7.321421504020690918e-01
7.321112155914306641e-01
7.320826649665832520e-01
7.320564389228820801e-01
7.320321798324584961e-01
7.320095896720886230e-01
7.319881319999694824e-01
7.319672703742980957e-01
7.319465279579162598e-01
7.319254279136657715e-01
7.319037914276123047e-01
7.318812608718872070e-01
7.318578958511352539e-01
7.318336963653564453e-01
7.318089008331298828e-01
7.317834496498107910e-01
7.317579984664916992e-01
7.317323684692382812e-01
7.317069768905639648e-01
7.316820025444030762e-01
7.316574454307556152e-01
7.316335439682006836e-01
7.316102981567382812e-01
7.315875887870788574e-01
7.315654158592224121e-01
7.315437197685241699e-01
7.315223813056945801e-01
7.315012812614440918e-01
7.314802408218383789e-01
7.314593791961669922e-01
7.314383983612060547e-01
7.314173579216003418e-01
7.313962578773498535e-01
7.313749790191650391e-01
7.313535213470458984e-01
7.313320040702819824e-01
7.313103079795837402e-01
7.312884926795959473e-01
7.312663197517395020e-01
7.312435507774353027e-01
7.312193512916564941e-01
7.311900854110717773e-01
7.311277985572814941e-01
7.309622168540954590e-01
7.311651110649108887e-01
7.312038540840148926e-01
7.311953306198120117e-01
7.311601042747497559e-01
7.311077713966369629e-01
7.310461997985839844e-01
7.309809923171997070e-01
7.309171557426452637e-01
7.308590412139892578e-01
7.308104634284973145e-01
7.307742238044738770e-01
7.307517528533935547e-01
7.307422757148742676e-01
7.307432889938354492e-01
7.307515144348144531e-01
7.307644486427307129e-01
7.307792901992797852e-01
7.307939529418945312e-01
7.308055758476257324e-01
7.308117151260375977e-01
7.308112978935241699e-01
7.308040261268615723e-01
7.307910323143005371e-01
7.307736277580261230e-01
7.307526469230651855e-01
7.307289242744445801e-01
7.307025790214538574e-01
7.306743264198303223e-01
7.306452393531799316e-01
7.306167483329772949e-01
7.305898070335388184e-01
7.305651903152465820e-01
7.305427789688110352e-01
7.305222749710083008e-01
7.305032610893249512e-01
7.304853796958923340e-01
7.304682731628417969e-01
7.304518818855285645e-01
7.304359078407287598e-01
7.304199934005737305e-01
7.304037213325500488e-01
7.303871512413024902e-01
7.303698062896728516e-01
7.303519248962402344e-01
7.303334474563598633e-01
7.303147315979003906e-01
7.302958369255065918e-01
7.302768826484680176e-01
7.302580475807189941e-01
7.302395105361938477e-01
7.302211523056030273e-01
7.302028536796569824e-01
7.301847934722900391e-01
7.301668524742126465e-01
7.301490306854248047e-01
7.301313281059265137e-01
7.301136851310729980e-01
7.300960421562194824e-01
7.300782799720764160e-01
7.300603985786437988e-01
7.300423383712768555e-01
7.300241589546203613e-01
7.300058007240295410e-01
7.299872040748596191e-01
7.299684882164001465e-01
7.299494147300720215e-01
7.299300432205200195e-01
7.299101948738098145e-01
7.298899292945861816e-01
7.298690080642700195e-01
7.298473715782165527e-01
7.298248410224914551e-01
7.298010587692260742e-01
