2.637297391891479492e+00
2.571996688842773438e+00
2.507498025894165039e+00
2.448088407516479492e+00
2.395032882690429688e+00
2.346341609954833984e+00
2.302516937255859375e+00
2.264616727828979492e+00
2.216739177703857422e+00
2.173546075820922852e+00
2.136653184890747070e+00
2.107605695724487305e+00
2.086943864822387695e+00
2.074117422103881836e+00
2.067831039428710938e+00
2.066580057144165039e+00
2.069221496582031250e+00
2.075519800186157227e+00
2.085191011428833008e+00
2.096755504608154297e+00
2.106936216354370117e+00
2.113991498947143555e+00
2.119051933288574219e+00
2.122567176818847656e+00
2.124699354171752930e+00
2.125624895095825195e+00
2.125495195388793945e+00
2.124358892440795898e+00
2.122365713119506836e+00
2.119819402694702148e+00
2.117043256759643555e+00
2.114244461059570312e+00
2.111553668975830078e+00
2.109070539474487305e+00
2.106865406036376953e+00
2.104978084564208984e+00
2.103421211242675781e+00
2.102186203002929688e+00
2.101247549057006836e+00
2.100569963455200195e+00
2.100111961364746094e+00
2.099830627441406250e+00
2.099682807922363281e+00
2.099628210067749023e+00
2.099629163742065430e+00
2.099652767181396484e+00
2.099670171737670898e+00
2.099658012390136719e+00
2.099597930908203125e+00
2.099476099014282227e+00
2.099284410476684570e+00
2.099018335342407227e+00
2.098678112030029297e+00
2.098266363143920898e+00
2.097788810729980469e+00
2.097252130508422852e+00
2.096663951873779297e+00
2.096031665802001953e+00
2.095361232757568359e+00
2.094656229019165039e+00
2.093916654586791992e+00
2.093135595321655273e+00
2.092299222946166992e+00
2.091388940811157227e+00
2.090418100357055664e+00
2.089501380920410156e+00
2.088828086853027344e+00
2.088455677032470703e+00
2.088219165802001953e+00
2.087908267974853516e+00
2.087414503097534180e+00
2.086727380752563477e+00
2.085907220840454102e+00
2.085088253021240234e+00
2.084406137466430664e+00
2.083871364593505859e+00
2.083371877670288086e+00
2.082797765731811523e+00
2.082109451293945312e+00
2.081334829330444336e+00
2.080542325973510742e+00
2.079802751541137695e+00
2.079140186309814453e+00
2.078518867492675781e+00
2.077881097793579102e+00
2.077191352844238281e+00
2.076450824737548828e+00
2.075703382492065430e+00
2.074982643127441406e+00
2.074297904968261719e+00
2.073629140853881836e+00
2.072945594787597656e+00
2.072230577468872070e+00
2.071488618850708008e+00
2.070739030838012695e+00
2.070000886917114258e+00
2.069276094436645508e+00
2.068554162979125977e+00
2.067822694778442383e+00
2.067079544067382812e+00
2.066334009170532227e+00
2.065598249435424805e+00
2.064875841140747070e+00
2.064161300659179688e+00
2.063437461853027344e+00
2.062716484069824219e+00
2.061995744705200195e+00
2.061277151107788086e+00
2.060561656951904297e+00
2.059845209121704102e+00
2.059144496917724609e+00
2.058440923690795898e+00
2.057740688323974609e+00
2.057055234909057617e+00
2.056387186050415039e+00
2.055733203887939453e+00
2.055087327957153320e+00
2.054446458816528320e+00
2.053805351257324219e+00
2.053155660629272461e+00
2.052521944046020508e+00
2.051882743835449219e+00
2.051183938980102539e+00
2.050444841384887695e+00
2.049726486206054688e+00
2.049053192138671875e+00
2.048400640487670898e+00
2.047732830047607422e+00
2.047054052352905273e+00
2.046400547027587891e+00
2.045790195465087891e+00
2.045205116271972656e+00
2.044621229171752930e+00
2.044042348861694336e+00
2.043489933013916016e+00
2.042971372604370117e+00
2.042472362518310547e+00
2.041979551315307617e+00
2.041499614715576172e+00
2.041043758392333984e+00
2.040607213973999023e+00
2.040173292160034180e+00
2.039735317230224609e+00
2.039303779602050781e+00
2.038890600204467773e+00
2.038493156433105469e+00
2.038102865219116211e+00
2.037719964981079102e+00
2.037351131439208984e+00
2.036997079849243164e+00
2.036652326583862305e+00
2.036312818527221680e+00
2.035982370376586914e+00
2.035669088363647461e+00
2.035408735275268555e+00
2.035316944122314453e+00
2.034898996353149414e+00
2.034514188766479492e+00
2.034228801727294922e+00
2.033977508544921875e+00
2.033757209777832031e+00
2.033607482910156250e+00
2.033369779586791992e+00
2.032964468002319336e+00
2.032592058181762695e+00
2.032253742218017578e+00
2.031993150711059570e+00
2.031815052032470703e+00
2.031497955322265625e+00
2.031070709228515625e+00
2.030747652053833008e+00
2.030512571334838867e+00
2.030264854431152344e+00
2.029974937438964844e+00
2.029668331146240234e+00
2.029353380203247070e+00
2.029009819030761719e+00
2.028652667999267578e+00
2.028341770172119141e+00
2.028040170669555664e+00
2.027702331542968750e+00
2.027387857437133789e+00
2.027089834213256836e+00
2.026771068572998047e+00
2.026486158370971680e+00
2.026214361190795898e+00
2.025924921035766602e+00
2.025665044784545898e+00
2.025395870208740234e+00
2.025130987167358398e+00
2.024874687194824219e+00
2.024604797363281250e+00
2.024362802505493164e+00
2.024098157882690430e+00
2.023868799209594727e+00
2.023598194122314453e+00
2.023397207260131836e+00
2.023100852966308594e+00
2.022991657257080078e+00
2.022664070129394531e+00
2.023110389709472656e+00
2.024357080459594727e+00
2.028778553009033203e+00
2.030461072921752930e+00
2.022566556930541992e+00
2.041816473007202148e+00
2.036655426025390625e+00
2.028088569641113281e+00
2.024970531463623047e+00
2.029700040817260742e+00
2.026809215545654297e+00
2.028527498245239258e+00
2.028675317764282227e+00
2.028808355331420898e+00
2.025963306427001953e+00
2.024664402008056641e+00
2.025445699691772461e+00
2.023413658142089844e+00
2.022678852081298828e+00
2.022776842117309570e+00
2.021396636962890625e+00
2.020725488662719727e+00
2.020085096359252930e+00
2.019544601440429688e+00
2.019369125366210938e+00
2.018675804138183594e+00
2.018391847610473633e+00
2.017857313156127930e+00
2.017571449279785156e+00
2.017279386520385742e+00
2.016999006271362305e+00
2.016836404800415039e+00
2.016583442687988281e+00
2.016518831253051758e+00
2.016348123550415039e+00
2.014218330383300781e+00
2.014303207397460938e+00
2.015294075012207031e+00
2.015299558639526367e+00
2.015378475189208984e+00
2.014392852783203125e+00
2.013989925384521484e+00
2.013552665710449219e+00
2.013539075851440430e+00
2.013378620147705078e+00
2.013625621795654297e+00
2.013855218887329102e+00
2.015086412429809570e+00
2.016174554824829102e+00
2.015347003936767578e+00
2.013603210449218750e+00
2.012891054153442383e+00
2.011942625045776367e+00
2.011784791946411133e+00
2.011533737182617188e+00
2.012003183364868164e+00
2.012000799179077148e+00
2.012091159820556641e+00
2.011141061782836914e+00
2.010980367660522461e+00
2.009930610656738281e+00
2.009793281555175781e+00
2.008851051330566406e+00
2.008921623229980469e+00
2.008167743682861328e+00
2.008361101150512695e+00
2.007732152938842773e+00
2.007926464080810547e+00
2.007106781005859375e+00
2.007441759109497070e+00
2.006832599639892578e+00
2.007490396499633789e+00
2.006957769393920898e+00
2.007245540618896484e+00
2.006251096725463867e+00
2.006175279617309570e+00
2.005131721496582031e+00
2.005509853363037109e+00
2.004948616027832031e+00
2.005851745605468750e+00
2.005025148391723633e+00
2.005070209503173828e+00
2.003145694732666016e+00
2.002384662628173828e+00
2.001025199890136719e+00
2.000716447830200195e+00
2.000903129577636719e+00
2.000465393066406250e+00
2.000918388366699219e+00
1.999932765960693359e+00
1.999864697456359863e+00
1.998806476593017578e+00
1.998581409454345703e+00
1.998013615608215332e+00
1.997657179832458496e+00
1.997480034828186035e+00
1.996958136558532715e+00
1.997194528579711914e+00
1.996676683425903320e+00
1.997135639190673828e+00
