4.541144180297851562e+01
4.479426193237304688e+01
4.410126113891601562e+01
4.330532073974609375e+01
4.250051116943359375e+01
4.161449813842773438e+01
4.042238235473632812e+01
3.927548217773437500e+01
3.788901138305664062e+01
3.605487060546875000e+01
3.417850875854492188e+01
3.227873611450195312e+01
3.000449371337890625e+01
2.713537025451660156e+01
2.427214431762695312e+01
2.159955406188964844e+01
1.904129791259765625e+01
1.673698997497558594e+01
1.463273048400878906e+01
1.247237396240234375e+01
1.088131427764892578e+01
9.584972381591796875e+00
8.506668090820312500e+00
7.566492080688476562e+00
6.871713638305664062e+00
6.397189617156982422e+00
6.040380001068115234e+00
5.829650402069091797e+00
5.771309852600097656e+00
5.754567146301269531e+00
5.794760704040527344e+00
5.879925727844238281e+00
5.996879100799560547e+00
6.133646488189697266e+00
6.279809474945068359e+00
6.426624774932861328e+00
6.567084312438964844e+00
6.695892810821533203e+00
6.809388637542724609e+00
6.905387401580810547e+00
6.982986927032470703e+00
7.042335510253906250e+00
7.084407329559326172e+00
7.110770225524902344e+00
7.123380661010742188e+00
7.124410629272460938e+00
7.116089344024658203e+00
7.100594997406005859e+00
7.079960823059082031e+00
7.056018829345703125e+00
7.030356407165527344e+00
7.004304885864257812e+00
6.978930950164794922e+00
6.955055236816406250e+00
6.933258533477783203e+00
6.913917541503906250e+00
6.897224426269531250e+00
6.883221626281738281e+00
6.871829986572265625e+00
6.862874984741210938e+00
6.856117248535156250e+00
6.851273059844970703e+00
6.848038673400878906e+00
6.846101760864257812e+00
6.845162391662597656e+00
6.844940185546875000e+00
6.845182895660400391e+00
6.845672607421875000e+00
6.846221923828125000e+00
6.846687316894531250e+00
6.846954345703125000e+00
6.846943855285644531e+00
6.846604824066162109e+00
6.845912456512451172e+00
6.844862937927246094e+00
6.843470096588134766e+00
6.841758728027343750e+00
6.839764595031738281e+00
6.837528705596923828e+00
6.835093021392822266e+00
6.832502841949462891e+00
6.829799175262451172e+00
6.827020168304443359e+00
6.824199676513671875e+00
6.821369171142578125e+00
6.818552017211914062e+00
6.815767765045166016e+00
6.813030242919921875e+00
6.810348510742187500e+00
6.807729244232177734e+00
6.805174827575683594e+00
6.802683830261230469e+00
6.800253868103027344e+00
6.797881126403808594e+00
6.795558452606201172e+00
6.793281555175781250e+00
6.791040897369384766e+00
6.788834095001220703e+00
6.786651611328125000e+00
6.784491062164306641e+00
6.782344818115234375e+00
6.780210494995117188e+00
6.778084754943847656e+00
6.775963783264160156e+00
6.773847579956054688e+00
6.771732807159423828e+00
6.769619941711425781e+00
6.767508983612060547e+00
6.765399932861328125e+00
6.763293266296386719e+00
6.761190414428710938e+00
6.759088993072509766e+00
6.756993770599365234e+00
6.754903793334960938e+00
6.752818584442138672e+00
6.750741481781005859e+00
6.748671531677246094e+00
6.746609687805175781e+00
6.744556903839111328e+00
6.742511749267578125e+00
6.740478515625000000e+00
6.738478660583496094e+00
6.736458301544189453e+00
6.734435558319091797e+00
6.732426166534423828e+00
6.730430603027343750e+00
6.728448867797851562e+00
6.726541519165039062e+00
6.724456310272216797e+00
6.722449779510498047e+00
6.720465183258056641e+00
6.718495845794677734e+00
6.716538906097412109e+00
6.714595317840576172e+00
6.712666034698486328e+00
6.710756778717041016e+00
6.708870410919189453e+00
6.706978797912597656e+00
6.705122470855712891e+00
6.718359947204589844e+00
6.700117111206054688e+00
6.696410655975341797e+00
6.692028522491455078e+00
6.686414718627929688e+00
6.678037643432617188e+00
6.663862705230712891e+00
6.640882968902587891e+00
6.607315063476562500e+00
7.014041423797607422e+00
1.064189815521240234e+01
1.300570678710937500e+01
6.915485382080078125e+00
5.630385398864746094e+00
5.391698360443115234e+00
5.220536231994628906e+00
5.115307331085205078e+00
5.066768169403076172e+00
5.065440177917480469e+00
5.102582454681396484e+00
5.169946193695068359e+00
5.259663105010986328e+00
5.364252090454101562e+00
5.476666927337646484e+00
5.590499401092529297e+00
5.700187683105468750e+00
5.801181793212890625e+00
5.890045166015625000e+00
5.964480400085449219e+00
6.023269653320312500e+00
6.066160678863525391e+00
6.093689918518066406e+00
6.106997489929199219e+00
6.107692241668701172e+00
6.097712993621826172e+00
6.079156398773193359e+00
6.054140090942382812e+00
6.024687767028808594e+00
5.992654800415039062e+00
5.959661960601806641e+00
5.927060604095458984e+00
5.895882129669189453e+00
5.866853713989257812e+00
5.840455532073974609e+00
5.816954612731933594e+00
5.796440601348876953e+00
5.778839111328125000e+00
5.763974189758300781e+00
5.751632213592529297e+00
5.741576671600341797e+00
5.733556747436523438e+00
5.727313518524169922e+00
5.722549915313720703e+00
5.718940258026123047e+00
5.716155529022216797e+00
5.713897705078125000e+00
5.711942672729492188e+00
5.710123538970947266e+00
5.708317279815673828e+00
5.706416606903076172e+00
5.704322814941406250e+00
5.701938152313232422e+00
5.699198722839355469e+00
5.696105480194091797e+00
5.692706584930419922e+00
5.689081192016601562e+00
5.685307025909423828e+00
5.681436538696289062e+00
5.677495479583740234e+00
5.673481464385986328e+00
5.669390201568603516e+00
5.665253162384033203e+00
5.661125183105468750e+00
5.657074928283691406e+00
5.653169155120849609e+00
5.649451732635498047e+00
5.645925998687744141e+00
5.642568111419677734e+00
5.639337539672851562e+00
5.636205673217773438e+00
5.633163928985595703e+00
5.630215644836425781e+00
5.627373218536376953e+00
5.624645709991455078e+00
5.622015476226806641e+00
5.619443893432617188e+00
5.616914749145507812e+00
5.614417552947998047e+00
5.611958980560302734e+00
5.609546661376953125e+00
5.607192516326904297e+00
5.604906558990478516e+00
5.602693557739257812e+00
5.600557327270507812e+00
5.598496437072753906e+00
5.596510410308837891e+00
5.594598293304443359e+00
5.592758655548095703e+00
5.590996265411376953e+00
5.589317321777343750e+00
5.587730884552001953e+00
5.586250782012939453e+00
5.584892272949218750e+00
5.583614349365234375e+00
5.582332611083984375e+00
5.580987930297851562e+00
5.579586029052734375e+00
5.578231334686279297e+00
5.577006340026855469e+00
5.576432704925537109e+00
5.576434135437011719e+00
5.576804637908935547e+00
5.577422618865966797e+00
5.577670574188232422e+00
5.577469825744628906e+00
5.576335906982421875e+00
5.574129104614257812e+00
5.571273326873779297e+00
5.567320346832275391e+00
5.562476158142089844e+00
5.557050704956054688e+00
5.551034927368164062e+00
5.544635772705078125e+00
5.537906169891357422e+00
5.531014442443847656e+00
5.523979663848876953e+00
5.517048835754394531e+00
5.510047912597656250e+00
5.503268718719482422e+00
5.496714115142822266e+00
5.490359306335449219e+00
5.484673976898193359e+00
5.479291439056396484e+00
5.474459171295166016e+00
5.470053195953369141e+00
5.465936660766601562e+00
5.462463855743408203e+00
5.459193706512451172e+00
5.456215381622314453e+00
5.453548908233642578e+00
5.450999259948730469e+00
5.448695182800292969e+00
5.446411609649658203e+00
5.444214820861816406e+00
5.442018032073974609e+00
5.439781665802001953e+00
5.437561511993408203e+00
5.435253620147705078e+00
5.432931423187255859e+00
5.430509567260742188e+00
5.428040504455566406e+00
5.425490379333496094e+00
5.422879219055175781e+00
5.420224666595458984e+00
5.417520523071289062e+00
5.414806842803955078e+00
5.412069320678710938e+00
5.409346103668212891e+00
5.406622886657714844e+00
5.403929233551025391e+00
5.401255130767822266e+00
