3.221194076538085938e+01
3.172471046447753906e+01
3.123334884643554688e+01
3.073087120056152344e+01
3.021329498291015625e+01
2.967728424072265625e+01
2.908355903625488281e+01
2.850028800964355469e+01
2.790279006958007812e+01
2.729142379760742188e+01
2.666551399230957031e+01
2.603081512451171875e+01
2.539074134826660156e+01
2.474682426452636719e+01
2.410046577453613281e+01
2.345564270019531250e+01
2.279081344604492188e+01
2.224273109436035156e+01
2.178319931030273438e+01
2.144232749938964844e+01
2.113675498962402344e+01
2.086035156250000000e+01
2.069006347656250000e+01
2.056543540954589844e+01
2.047349929809570312e+01
2.041378784179687500e+01
2.039608192443847656e+01
2.040338516235351562e+01
2.040432167053222656e+01
2.039875984191894531e+01
2.039023017883300781e+01
2.037997245788574219e+01
2.036882781982421875e+01
2.035436439514160156e+01
2.033377456665039062e+01
2.030602264404296875e+01
2.027328491210937500e+01
2.024220848083496094e+01
2.021459007263183594e+01
2.018485641479492188e+01
2.015954971313476562e+01
1.995680618286132812e+01
1.958634567260742188e+01
1.913180923461914062e+01
1.864866828918457031e+01
1.815987968444824219e+01
1.767420768737792969e+01
1.719207954406738281e+01
1.672457122802734375e+01
1.625717353820800781e+01
1.579106235504150391e+01
1.553558349609375000e+01
1.512148380279541016e+01
1.485777473449707031e+01
1.463722133636474609e+01
1.444771671295166016e+01
1.430733680725097656e+01
1.419955921173095703e+01
1.407107067108154297e+01
1.398797893524169922e+01
1.393399906158447266e+01
1.388874149322509766e+01
1.384697532653808594e+01
1.381326103210449219e+01
1.379958057403564453e+01
1.377769374847412109e+01
1.376797866821289062e+01
1.375567913055419922e+01
1.375098800659179688e+01
1.374412059783935547e+01
1.373927974700927734e+01
1.373464012145996094e+01
1.372860050201416016e+01
1.372375583648681641e+01
1.371663951873779297e+01
1.370996856689453125e+01
1.370139503479003906e+01
1.369882202148437500e+01
1.369721031188964844e+01
1.369553089141845703e+01
1.369484329223632812e+01
1.369472217559814453e+01
1.369447994232177734e+01
1.366912555694580078e+01
1.369349288940429688e+01
1.368516159057617188e+01
1.367101669311523438e+01
1.367686462402343750e+01
1.366695404052734375e+01
1.367219161987304688e+01
1.366650867462158203e+01
1.366122913360595703e+01
1.366519641876220703e+01
1.360266304016113281e+01
1.359750843048095703e+01
1.361365699768066406e+01
1.361379718780517578e+01
1.362110042572021484e+01
1.360697650909423828e+01
1.360337734222412109e+01
1.362418079376220703e+01
1.360685634613037109e+01
1.359610366821289062e+01
1.359524059295654297e+01
1.359004402160644531e+01
1.358623504638671875e+01
1.358633136749267578e+01
1.358545207977294922e+01
1.358148288726806641e+01
1.357585906982421875e+01
1.357479953765869141e+01
1.357664966583251953e+01
1.358147525787353516e+01
1.357555389404296875e+01
1.356929492950439453e+01
1.355774021148681641e+01
1.353221607208251953e+01
1.356336879730224609e+01
1.353258228302001953e+01
1.349158096313476562e+01
1.350745487213134766e+01
1.347756099700927734e+01
1.347673034667968750e+01
1.347581005096435547e+01
1.346764278411865234e+01
1.347576236724853516e+01
1.346622085571289062e+01
1.350380802154541016e+01
1.347781467437744141e+01
1.347711277008056641e+01
1.348005199432373047e+01
1.349616622924804688e+01
1.346414279937744141e+01
1.348515701293945312e+01
1.343611717224121094e+01
1.348666667938232422e+01
1.344127655029296875e+01
1.345297908782958984e+01
1.342684745788574219e+01
1.343124866485595703e+01
1.341854000091552734e+01
1.341943264007568359e+01
1.341575908660888672e+01
1.341648769378662109e+01
1.340900039672851562e+01
1.341639423370361328e+01
1.341117382049560547e+01
1.339089584350585938e+01
1.340190982818603516e+01
1.338688659667968750e+01
1.339089679718017578e+01
1.337953758239746094e+01
1.337258434295654297e+01
1.337614059448242188e+01
1.336911964416503906e+01
1.337291622161865234e+01
1.336051368713378906e+01
1.335582351684570312e+01
1.335786342620849609e+01
1.335206127166748047e+01
1.335768413543701172e+01
1.334337329864501953e+01
1.333959007263183594e+01
1.334740924835205078e+01
1.333379936218261719e+01
1.334457015991210938e+01
1.333404827117919922e+01
1.332217884063720703e+01
1.332855510711669922e+01
1.332123947143554688e+01
1.332539463043212891e+01
1.331792640686035156e+01
1.331068801879882812e+01
1.330907344818115234e+01
1.330780792236328125e+01
1.330246067047119141e+01
1.330292987823486328e+01
1.330107402801513672e+01
1.329438877105712891e+01
1.329440975189208984e+01
1.328962326049804688e+01
1.328706550598144531e+01
1.328637313842773438e+01
1.328116798400878906e+01
1.328020286560058594e+01
1.327753353118896484e+01
1.327506732940673828e+01
1.327289295196533203e+01
1.326968383789062500e+01
1.326764965057373047e+01
1.326582908630371094e+01
1.326310634613037109e+01
1.326056861877441406e+01
1.325812530517578125e+01
1.325636291503906250e+01
1.325407218933105469e+01
1.325152778625488281e+01
1.324913501739501953e+01
1.324707412719726562e+01
1.324497699737548828e+01
1.324327659606933594e+01
1.324089145660400391e+01
1.323859405517578125e+01
1.323655986785888672e+01
1.323446464538574219e+01
1.323230361938476562e+01
1.323041725158691406e+01
1.322880363464355469e+01
1.322684097290039062e+01
1.322446250915527344e+01
1.322299289703369141e+01
1.322119140625000000e+01
1.321950626373291016e+01
1.321730136871337891e+01
1.321561717987060547e+01
1.321472835540771484e+01
1.321265697479248047e+01
1.321361064910888672e+01
1.321359157562255859e+01
1.322064590454101562e+01
1.323012828826904297e+01
1.320983982086181641e+01
1.326450729370117188e+01
1.322204208374023438e+01
1.323768234252929688e+01
1.319929313659667969e+01
1.325921630859375000e+01
1.320655918121337891e+01
1.320596408843994141e+01
1.319963264465332031e+01
1.319351768493652344e+01
1.318562221527099609e+01
1.318115139007568359e+01
1.317631912231445312e+01
1.317446899414062500e+01
1.316970920562744141e+01
1.316700935363769531e+01
1.316396522521972656e+01
1.316390228271484375e+01
1.316578578948974609e+01
1.315567302703857422e+01
1.315125179290771484e+01
1.314653015136718750e+01
1.315379619598388672e+01
1.315406036376953125e+01
1.313807201385498047e+01
1.313541698455810547e+01
1.312978935241699219e+01
1.312219238281250000e+01
1.320874214172363281e+01
1.312014579772949219e+01
1.309692287445068359e+01
1.319309425354003906e+01
1.314492988586425781e+01
1.315652179718017578e+01
1.316202640533447266e+01
1.312541007995605469e+01
1.312152957916259766e+01
1.320033931732177734e+01
1.309200382232666016e+01
1.309799957275390625e+01
1.311002922058105469e+01
1.309770870208740234e+01
1.314671421051025391e+01
1.309390163421630859e+01
1.309309482574462891e+01
1.310242652893066406e+01
1.308580875396728516e+01
1.310745048522949219e+01
1.309941291809082031e+01
1.309860897064208984e+01
1.310629653930664062e+01
1.307787799835205078e+01
1.316959285736083984e+01
1.310480308532714844e+01
1.310068607330322266e+01
1.308714771270751953e+01
1.310270118713378906e+01
1.312002658843994141e+01
1.311067485809326172e+01
1.310431289672851562e+01
1.316357517242431641e+01
1.319689178466796875e+01
1.317816066741943359e+01
1.309906959533691406e+01
1.322374820709228516e+01
1.308976459503173828e+01
1.318879604339599609e+01
1.315771389007568359e+01
1.310227680206298828e+01
1.313304233551025391e+01
1.307537269592285156e+01
1.312159347534179688e+01
1.306121540069580078e+01
1.315564155578613281e+01
1.306343936920166016e+01
1.307597541809082031e+01
1.306751728057861328e+01
1.305917549133300781e+01
1.304581069946289062e+01
