3.262094116210937500e+01
3.191628456115722656e+01
3.118983650207519531e+01
3.043917846679687500e+01
2.965947532653808594e+01
2.884680938720703125e+01
2.799998092651367188e+01
2.712025833129882812e+01
2.621077728271484375e+01
2.527602386474609375e+01
2.432159042358398438e+01
2.335411643981933594e+01
2.238131523132324219e+01
2.141192054748535156e+01
2.045557975769042969e+01
1.952265739440917969e+01
1.862396240234375000e+01
1.771081924438476562e+01
1.675106048583984375e+01
1.581413936614990234e+01
1.492451000213623047e+01
1.409879207611083984e+01
1.334853458404541016e+01
1.268084049224853516e+01
1.209857273101806641e+01
1.160058593750000000e+01
1.118218421936035156e+01
1.083590412139892578e+01
1.055254459381103516e+01
1.032230567932128906e+01
1.013585472106933594e+01
9.985097885131835938e+00
9.863576889038085938e+00
9.766479492187500000e+00
9.690348625183105469e+00
9.632644653320312500e+00
9.591290473937988281e+00
9.564319610595703125e+00
9.549657821655273438e+00
9.545058250427246094e+00
9.548152923583984375e+00
9.556564331054687500e+00
9.568046569824218750e+00
9.580623626708984375e+00
9.592673301696777344e+00
9.602988243103027344e+00
9.610774040222167969e+00
9.615626335144042969e+00
9.617476463317871094e+00
9.616511344909667969e+00
9.613111495971679688e+00
9.607765197753906250e+00
9.601016044616699219e+00
9.593404769897460938e+00
9.585433006286621094e+00
9.577537536621093750e+00
9.570074081420898438e+00
9.563316345214843750e+00
9.557453155517578125e+00
9.552600860595703125e+00
9.548804283142089844e+00
9.546055793762207031e+00
9.544299125671386719e+00
9.543446540832519531e+00
9.543379783630371094e+00
9.543970108032226562e+00
9.545077323913574219e+00
9.546561241149902344e+00
9.548289299011230469e+00
9.550136566162109375e+00
9.551996231079101562e+00
9.553779602050781250e+00
9.555413246154785156e+00
9.556849479675292969e+00
9.558055877685546875e+00
9.559016227722167969e+00
9.559733390808105469e+00
9.560222625732421875e+00
9.560503959655761719e+00
9.560606002807617188e+00
9.560565948486328125e+00
9.560413360595703125e+00
9.560185432434082031e+00
9.559909820556640625e+00
9.559617042541503906e+00
9.559326171875000000e+00
9.559057235717773438e+00
9.558821678161621094e+00
9.558626174926757812e+00
9.558478355407714844e+00
9.558372497558593750e+00
9.558312416076660156e+00
9.558287620544433594e+00
9.558295249938964844e+00
9.558325767517089844e+00
9.558374404907226562e+00
9.558433532714843750e+00
9.558495521545410156e+00
9.558556556701660156e+00
9.558610916137695312e+00
9.558658599853515625e+00
9.558695793151855469e+00
9.558720588684082031e+00
9.558735847473144531e+00
9.558740615844726562e+00
9.558736801147460938e+00
9.558725357055664062e+00
9.558710098266601562e+00
9.558691978454589844e+00
9.558672904968261719e+00
9.558653831481933594e+00
9.558637619018554688e+00
9.558624267578125000e+00
9.558614730834960938e+00
9.558609008789062500e+00
9.558607101440429688e+00
9.558609962463378906e+00
9.558616638183593750e+00
9.558625221252441406e+00
9.558636665344238281e+00
9.558650970458984375e+00
9.558664321899414062e+00
9.558679580688476562e+00
9.558694839477539062e+00
9.558709144592285156e+00
9.558720588684082031e+00
9.558732986450195312e+00
9.558742523193359375e+00
9.558751106262207031e+00
9.558758735656738281e+00
9.558765411376953125e+00
9.558771133422851562e+00
9.558774948120117188e+00
9.558778762817382812e+00
9.558782577514648438e+00
9.558784484863281250e+00
9.558787345886230469e+00
9.558790206909179688e+00
9.558793067932128906e+00
9.558795928955078125e+00
9.558799743652343750e+00
9.558802604675292969e+00
9.558806419372558594e+00
9.558810234069824219e+00
9.558815956115722656e+00
9.558819770812988281e+00
9.558825492858886719e+00
9.558830261230468750e+00
9.558834075927734375e+00
9.558838844299316406e+00
9.558843612670898438e+00
9.558847427368164062e+00
9.558852195739746094e+00
9.558856010437011719e+00
9.558860778808593750e+00
9.558865547180175781e+00
9.558870315551757812e+00
9.558874130249023438e+00
9.558877944946289062e+00
9.558880805969238281e+00
9.558885574340820312e+00
9.558889389038085938e+00
9.558893203735351562e+00
9.558897018432617188e+00
9.558900833129882812e+00
9.558904647827148438e+00
9.558908462524414062e+00
9.558912277221679688e+00
9.558916091918945312e+00
9.558919906616210938e+00
9.558923721313476562e+00
9.558927536010742188e+00
9.558931350708007812e+00
9.558934211730957031e+00
9.558938026428222656e+00
9.558940887451171875e+00
9.558944702148437500e+00
9.558948516845703125e+00
9.558951377868652344e+00
9.558955192565917969e+00
9.558959007263183594e+00
9.558961868286132812e+00
9.558964729309082031e+00
9.558968544006347656e+00
9.558971405029296875e+00
9.558975219726562500e+00
9.558978080749511719e+00
9.558981895446777344e+00
9.558985710144042969e+00
9.558988571166992188e+00
9.558991432189941406e+00
9.558995246887207031e+00
9.558998107910156250e+00
9.559000968933105469e+00
9.559004783630371094e+00
9.559006690979003906e+00
9.559010505676269531e+00
9.559013366699218750e+00
9.559017181396484375e+00
9.559020042419433594e+00
9.559022903442382812e+00
9.559025764465332031e+00
9.559028625488281250e+00
9.559031486511230469e+00
9.559035301208496094e+00
9.559037208557128906e+00
9.559040069580078125e+00
9.559042930603027344e+00
9.559046745300292969e+00
9.559048652648925781e+00
9.559051513671875000e+00
9.559054374694824219e+00
9.559057235717773438e+00
9.559060096740722656e+00
9.559062957763671875e+00
9.559065818786621094e+00
9.559067726135253906e+00
9.559070587158203125e+00
9.559073448181152344e+00
9.559076309204101562e+00
9.559079170227050781e+00
9.559082031250000000e+00
9.559083938598632812e+00
9.559086799621582031e+00
9.559088706970214844e+00
9.559091567993164062e+00
9.559094429016113281e+00
9.559097290039062500e+00
9.559099197387695312e+00
9.559102058410644531e+00
9.559104919433593750e+00
9.559106826782226562e+00
9.559109687805175781e+00
9.559112548828125000e+00
9.559114456176757812e+00
9.559116363525390625e+00
9.559119224548339844e+00
9.559121131896972656e+00
9.559123992919921875e+00
9.559125900268554688e+00
9.559128761291503906e+00
9.559131622314453125e+00
9.559133529663085938e+00
9.559135437011718750e+00
9.559139251708984375e+00
9.559140205383300781e+00
9.559143066406250000e+00
9.559144973754882812e+00
9.559147834777832031e+00
9.559148788452148438e+00
9.559151649475097656e+00
9.559154510498046875e+00
9.559156417846679688e+00
9.559158325195312500e+00
9.559160232543945312e+00
9.559163093566894531e+00
9.559165954589843750e+00
9.559166908264160156e+00
9.559169769287109375e+00
9.559171676635742188e+00
9.559173583984375000e+00
9.559175491333007812e+00
9.559177398681640625e+00
9.559179306030273438e+00
9.559182167053222656e+00
9.559185028076171875e+00
9.559185981750488281e+00
9.559188842773437500e+00
9.559189796447753906e+00
9.559192657470703125e+00
9.559194564819335938e+00
9.559195518493652344e+00
9.559198379516601562e+00
9.559200286865234375e+00
9.559202194213867188e+00
9.559203147888183594e+00
9.559206008911132812e+00
9.559207916259765625e+00
9.559209823608398438e+00
9.559212684631347656e+00
9.559213638305664062e+00
9.559216499328613281e+00
9.559217453002929688e+00
9.559218406677246094e+00
9.559221267700195312e+00
9.559224128723144531e+00
9.559225082397460938e+00
9.559227943420410156e+00
9.559229850769042969e+00
9.559230804443359375e+00
9.559232711791992188e+00
9.559233665466308594e+00
9.559236526489257812e+00
9.559237480163574219e+00
9.559239387512207031e+00
9.559241294860839844e+00
9.559243202209472656e+00
9.559245109558105469e+00
9.559247016906738281e+00
9.559248924255371094e+00
