3.389784574508666992e+00
3.371421575546264648e+00
3.353840589523315430e+00
3.339490413665771484e+00
3.328491687774658203e+00
3.320421457290649414e+00
3.314749240875244141e+00
3.310981988906860352e+00
3.308708667755126953e+00
3.307572603225708008e+00
3.307298183441162109e+00
3.307602167129516602e+00
3.308241605758666992e+00
3.308948993682861328e+00
3.309474468231201172e+00
3.309692859649658203e+00
3.309560537338256836e+00
3.308902740478515625e+00
3.307686805725097656e+00
3.305971145629882812e+00
3.303803682327270508e+00
3.301287889480590820e+00
3.298508405685424805e+00
3.295418262481689453e+00
3.292854070663452148e+00
3.290502548217773438e+00
3.288371801376342773e+00
3.286534547805786133e+00
3.285088539123535156e+00
3.283903121948242188e+00
3.283058166503906250e+00
3.282496929168701172e+00
3.282114505767822266e+00
3.281969070434570312e+00
3.281831741333007812e+00
3.281723737716674805e+00
3.281600236892700195e+00
3.281460285186767578e+00
3.281343221664428711e+00
3.281217575073242188e+00
3.281108856201171875e+00
3.281061172485351562e+00
3.281026363372802734e+00
3.280983686447143555e+00
3.280945539474487305e+00
3.280911922454833984e+00
3.280885219573974609e+00
3.280862569808959961e+00
3.280840396881103516e+00
3.280817031860351562e+00
3.280789852142333984e+00
3.280758857727050781e+00
3.280726194381713867e+00
3.280693292617797852e+00
3.280668973922729492e+00
3.280649900436401367e+00
3.280646324157714844e+00
3.280641794204711914e+00
3.280634641647338867e+00
3.280622005462646484e+00
3.280604839324951172e+00
3.280590534210205078e+00
3.280571699142456055e+00
3.280560970306396484e+00
3.280550718307495117e+00
3.280536413192749023e+00
3.280526161193847656e+00
3.280498027801513672e+00
3.280493259429931641e+00
3.280479907989501953e+00
3.280454397201538086e+00
3.280452489852905273e+00
3.280438661575317383e+00
3.280406475067138672e+00
3.280390262603759766e+00
3.280371189117431641e+00
3.280366897583007812e+00
3.280342340469360352e+00
3.280324220657348633e+00
3.280303001403808594e+00
3.280280828475952148e+00
3.280260324478149414e+00
3.280238866806030273e+00
3.280241012573242188e+00
3.280201196670532227e+00
3.280177831649780273e+00
3.280165195465087891e+00
3.280134439468383789e+00
3.280120372772216797e+00
3.280090570449829102e+00
3.280061721801757812e+00
3.280026435852050781e+00
3.280034542083740234e+00
3.279978752136230469e+00
3.279959440231323242e+00
3.279921054840087891e+00
3.279877662658691406e+00
3.279840946197509766e+00
3.279841899871826172e+00
3.279808521270751953e+00
3.279779434204101562e+00
3.279733419418334961e+00
3.279705762863159180e+00
3.279690742492675781e+00
3.279662370681762695e+00
3.279624938964843750e+00
3.279593944549560547e+00
3.279563903808593750e+00
3.279533386230468750e+00
3.279504060745239258e+00
3.279514312744140625e+00
3.279472112655639648e+00
3.279440402984619141e+00
3.279562711715698242e+00
3.279640197753906250e+00
3.279652357101440430e+00
3.279600858688354492e+00
3.279512166976928711e+00
3.279464721679687500e+00
3.279433250427246094e+00
3.279480457305908203e+00
3.279369115829467773e+00
3.279276371002197266e+00
3.279317617416381836e+00
3.279343843460083008e+00
3.279319763183593750e+00
3.279332876205444336e+00
3.279261589050292969e+00
3.279135942459106445e+00
3.279286623001098633e+00
3.279112339019775391e+00
3.279028415679931641e+00
3.279065847396850586e+00
3.278995037078857422e+00
3.278840065002441406e+00
3.278898239135742188e+00
3.279052734375000000e+00
3.278747320175170898e+00
3.278744935989379883e+00
3.278647661209106445e+00
3.278575897216796875e+00
3.278690814971923828e+00
3.278661489486694336e+00
3.278554201126098633e+00
3.278421163558959961e+00
3.278530359268188477e+00
3.278399705886840820e+00
3.278327226638793945e+00
3.278567314147949219e+00
3.278170824050903320e+00
3.278038024902343750e+00
3.277990102767944336e+00
3.278056859970092773e+00
3.278071641921997070e+00
3.277832031250000000e+00
3.277639150619506836e+00
3.277545928955078125e+00
3.277552604675292969e+00
3.277486085891723633e+00
3.277322292327880859e+00
3.277220010757446289e+00
3.277236461639404297e+00
3.277256250381469727e+00
3.277271032333374023e+00
3.277157783508300781e+00
3.277137756347656250e+00
3.277039289474487305e+00
3.276926040649414062e+00
3.276885032653808594e+00
3.276800155639648438e+00
3.276645660400390625e+00
3.276814460754394531e+00
3.276278972625732422e+00
3.276116609573364258e+00
3.276245355606079102e+00
3.275785684585571289e+00
3.276122331619262695e+00
3.275604486465454102e+00
3.275693416595458984e+00
3.274809598922729492e+00
3.276167392730712891e+00
3.275893211364746094e+00
3.274624586105346680e+00
3.274435758590698242e+00
3.275313854217529297e+00
3.274753332138061523e+00
3.271417856216430664e+00
3.235690593719482422e+00
3.199284315109252930e+00
3.178156137466430664e+00
3.173196792602539062e+00
3.174340963363647461e+00
3.175088644027709961e+00
3.171598196029663086e+00
3.164312362670898438e+00
3.147863864898681641e+00
3.010914087295532227e+00
2.850989580154418945e+00
2.696721553802490234e+00
2.565767765045166016e+00
2.466002702713012695e+00
2.401977777481079102e+00
2.363943338394165039e+00
2.341068267822265625e+00
2.324756860733032227e+00
2.315309047698974609e+00
2.312097787857055664e+00
2.312740325927734375e+00
2.315202474594116211e+00
2.317387819290161133e+00
2.316610097885131836e+00
2.312676429748535156e+00
2.308693170547485352e+00
2.307235956192016602e+00
2.307725906372070312e+00
2.308284521102905273e+00
2.308115005493164062e+00
2.307617187500000000e+00
2.307252168655395508e+00
2.307057142257690430e+00
2.306881427764892578e+00
2.306700468063354492e+00
2.306577205657958984e+00
2.306526184082031250e+00
2.306503772735595703e+00
2.306463718414306641e+00
2.306407451629638672e+00
2.306378364562988281e+00
2.306408166885375977e+00
2.306484699249267578e+00
2.306578397750854492e+00
2.306664466857910156e+00
2.306720733642578125e+00
2.306729078292846680e+00
2.306693315505981445e+00
2.306633234024047852e+00
2.306565284729003906e+00
2.306493759155273438e+00
2.306425094604492188e+00
2.306365966796875000e+00
2.306321144104003906e+00
2.306292772293090820e+00
2.306277990341186523e+00
2.306271076202392578e+00
2.306262731552124023e+00
2.306247234344482422e+00
2.306226491928100586e+00
2.306208372116088867e+00
2.306195974349975586e+00
2.306190013885498047e+00
2.306190490722656250e+00
2.306194543838500977e+00
2.306193590164184570e+00
2.306187152862548828e+00
2.306180000305175781e+00
2.306168794631958008e+00
2.306146621704101562e+00
2.306118488311767578e+00
2.306097984313964844e+00
2.306084156036376953e+00
2.306072950363159180e+00
2.306066989898681641e+00
2.306071758270263672e+00
2.306088924407958984e+00
2.306114196777343750e+00
2.306117296218872070e+00
2.306090593338012695e+00
2.306070804595947266e+00
2.306070089340209961e+00
2.306089162826538086e+00
2.306119441986083984e+00
2.306127309799194336e+00
2.306106567382812500e+00
2.306085586547851562e+00
2.306069850921630859e+00
2.306054830551147461e+00
2.306046485900878906e+00
2.306049585342407227e+00
2.306065320968627930e+00
2.306089401245117188e+00
2.306110143661499023e+00
2.306117773056030273e+00
2.306115627288818359e+00
2.306111097335815430e+00
2.306102514266967773e+00
2.306087970733642578e+00
2.306072950363159180e+00
2.306066274642944336e+00
2.306070327758789062e+00
2.306081295013427734e+00
2.306093454360961914e+00
2.306106090545654297e+00
2.306105136871337891e+00
2.306097984313964844e+00
2.306105852127075195e+00
2.306128263473510742e+00
2.306140422821044922e+00
2.306140184402465820e+00
2.306150197982788086e+00
2.306157827377319336e+00
