4.726948928833007812e+01
4.673214721679687500e+01
4.619085693359375000e+01
4.564111709594726562e+01
4.505859375000000000e+01
4.439293289184570312e+01
4.368297958374023438e+01
4.290316009521484375e+01
4.208869552612304688e+01
4.112282562255859375e+01
4.018774795532226562e+01
3.908086776733398438e+01
3.786924362182617188e+01
3.663373184204101562e+01
3.542777252197265625e+01
3.452983093261718750e+01
3.373758316040039062e+01
3.305472183227539062e+01
3.245994949340820312e+01
3.190308952331542969e+01
3.142696380615234375e+01
3.105622863769531250e+01
3.076046943664550781e+01
3.051856040954589844e+01
3.026842117309570312e+01
3.008558082580566406e+01
2.996874618530273438e+01
2.989479637145996094e+01
2.984866333007812500e+01
2.980037879943847656e+01
2.976296806335449219e+01
2.974418830871582031e+01
2.974091148376464844e+01
2.974844932556152344e+01
2.976229286193847656e+01
2.979075050354003906e+01
2.979723739624023438e+01
2.980697631835937500e+01
2.979804420471191406e+01
2.980621528625488281e+01
2.983277320861816406e+01
2.990469932556152344e+01
2.985628318786621094e+01
2.982971382141113281e+01
2.980208778381347656e+01
2.976078796386718750e+01
2.973896980285644531e+01
3.008181953430175781e+01
3.016532897949218750e+01
3.021006393432617188e+01
3.015919303894042969e+01
3.001354026794433594e+01
2.994202804565429688e+01
2.988046646118164062e+01
2.982541275024414062e+01
2.977197837829589844e+01
2.952520370483398438e+01
2.938389015197753906e+01
2.938754463195800781e+01
2.943715286254882812e+01
2.955366897583007812e+01
2.962532997131347656e+01
2.963502311706542969e+01
2.958812332153320312e+01
2.950011253356933594e+01
2.948343849182128906e+01
2.949142837524414062e+01
2.952460479736328125e+01
2.956151008605957031e+01
2.960292053222656250e+01
2.960164642333984375e+01
2.958270263671875000e+01
2.957271957397460938e+01
2.956907272338867188e+01
2.957558059692382812e+01
2.959163856506347656e+01
2.961681365966796875e+01
2.965333175659179688e+01
2.968050956726074219e+01
2.968596458435058594e+01
2.967760086059570312e+01
2.966264915466308594e+01
2.964642333984375000e+01
2.963393402099609375e+01
2.962969970703125000e+01
2.971074676513671875e+01
3.000399017333984375e+01
3.001564216613769531e+01
2.996322441101074219e+01
2.983197784423828125e+01
2.949829673767089844e+01
2.942021942138671875e+01
2.940369796752929688e+01
2.955955314636230469e+01
2.949326324462890625e+01
2.933540916442871094e+01
2.931681251525878906e+01
2.939241600036621094e+01
2.938994598388671875e+01
2.928184509277343750e+01
2.927996063232421875e+01
2.935666656494140625e+01
2.927718925476074219e+01
2.925711631774902344e+01
2.928814506530761719e+01
2.928408622741699219e+01
2.924614715576171875e+01
2.924838066101074219e+01
2.927530479431152344e+01
2.924690818786621094e+01
2.923872375488281250e+01
2.925179481506347656e+01
2.925129699707031250e+01
2.923279953002929688e+01
2.923250770568847656e+01
2.924225044250488281e+01
2.923392677307128906e+01
2.922633743286132812e+01
2.922616958618164062e+01
2.922414398193359375e+01
2.921922492980957031e+01
2.921664619445800781e+01
2.921540451049804688e+01
2.921499061584472656e+01
2.920996856689453125e+01
2.920488739013671875e+01
2.920568466186523438e+01
2.920523643493652344e+01
2.920198249816894531e+01
2.919707870483398438e+01
2.919298362731933594e+01
2.919288444519042969e+01
2.919196701049804688e+01
2.918804168701171875e+01
2.918819236755371094e+01
2.918516540527343750e+01
2.917769813537597656e+01
2.917732238769531250e+01
2.917937469482421875e+01
2.917453765869140625e+01
2.917281723022460938e+01
2.917148971557617188e+01
2.916505432128906250e+01
2.916344833374023438e+01
2.916473960876464844e+01
2.916086959838867188e+01
2.915613174438476562e+01
2.915800476074218750e+01
2.915463447570800781e+01
2.914615249633789062e+01
2.914565849304199219e+01
2.914717292785644531e+01
2.913946914672851562e+01
2.913383674621582031e+01
2.913394546508789062e+01
2.913402557373046875e+01
2.912354850769042969e+01
2.911421585083007812e+01
2.911416816711425781e+01
2.913283538818359375e+01
2.911999702453613281e+01
2.912366104125976562e+01
2.910910415649414062e+01
2.910022926330566406e+01
2.919590377807617188e+01
2.890433120727539062e+01
2.837467193603515625e+01
2.773548126220703125e+01
2.713245582580566406e+01
2.665324401855468750e+01
2.625822639465332031e+01
2.598635101318359375e+01
2.581362915039062500e+01
2.569444465637207031e+01
2.561368560791015625e+01
2.556798744201660156e+01
2.555075263977050781e+01
2.553930473327636719e+01
2.552505874633789062e+01
2.552273368835449219e+01
2.552923202514648438e+01
2.552557182312011719e+01
2.554119300842285156e+01
2.555773162841796875e+01
2.557452392578125000e+01
2.558958625793457031e+01
2.561732482910156250e+01
2.562310600280761719e+01
2.563544082641601562e+01
2.564112854003906250e+01
2.564525794982910156e+01
2.563897705078125000e+01
2.563497924804687500e+01
2.562497520446777344e+01
2.561287307739257812e+01
2.559898757934570312e+01
2.558756637573242188e+01
2.557405662536621094e+01
2.556020355224609375e+01
2.554991340637207031e+01
2.554011154174804688e+01
2.552998924255371094e+01
2.552286148071289062e+01
2.551770591735839844e+01
2.551093864440917969e+01
2.550703620910644531e+01
2.550338745117187500e+01
2.549680328369140625e+01
2.550029563903808594e+01
2.549844741821289062e+01
2.549556350708007812e+01
2.549497413635253906e+01
2.549793624877929688e+01
2.549781417846679688e+01
2.549570083618164062e+01
2.549886894226074219e+01
2.549972915649414062e+01
2.549902725219726562e+01
2.550143623352050781e+01
2.550021553039550781e+01
2.549966621398925781e+01
2.549872779846191406e+01
2.549482154846191406e+01
2.549160957336425781e+01
2.548415946960449219e+01
2.548565673828125000e+01
2.548074340820312500e+01
2.547498321533203125e+01
2.546861648559570312e+01
2.546851158142089844e+01
2.546642684936523438e+01
2.546669197082519531e+01
2.546706008911132812e+01
2.546317863464355469e+01
2.546320343017578125e+01
2.546194076538085938e+01
2.546569061279296875e+01
2.546171188354492188e+01
2.546496009826660156e+01
2.545983505249023438e+01
2.546140098571777344e+01
2.545816421508789062e+01
2.545758247375488281e+01
2.545217895507812500e+01
2.545104980468750000e+01
2.544732093811035156e+01
2.544709587097167969e+01
2.543984794616699219e+01
2.543920898437500000e+01
2.542704010009765625e+01
2.544717216491699219e+01
2.543915748596191406e+01
2.544366836547851562e+01
2.543908882141113281e+01
2.543732070922851562e+01
2.549205398559570312e+01
2.559677696228027344e+01
2.567797088623046875e+01
2.563203620910644531e+01
2.556167602539062500e+01
2.549195671081542969e+01
2.552995681762695312e+01
2.555504989624023438e+01
2.553271293640136719e+01
2.550862503051757812e+01
2.549106979370117188e+01
2.551227378845214844e+01
2.549932479858398438e+01
2.542425155639648438e+01
2.540463447570800781e+01
2.536858749389648438e+01
2.536752891540527344e+01
2.542114639282226562e+01
2.537269020080566406e+01
2.537615585327148438e+01
2.538737487792968750e+01
2.539614295959472656e+01
2.540811920166015625e+01
2.540127372741699219e+01
2.539815711975097656e+01
2.539392662048339844e+01
2.539617729187011719e+01
2.540229415893554688e+01
2.539505767822265625e+01
2.539065170288085938e+01
2.539342308044433594e+01
2.539519691467285156e+01
2.538359832763671875e+01
2.538138008117675781e+01
2.538023376464843750e+01
2.538657760620117188e+01
2.537854003906250000e+01
2.538325119018554688e+01
2.538390731811523438e+01
2.538600349426269531e+01
2.538327217102050781e+01
2.538699340820312500e+01
2.539269447326660156e+01
2.538728332519531250e+01
2.538986968994140625e+01
