3.917580413818359375e+01
3.825188064575195312e+01
3.730225753784179688e+01
3.631507110595703125e+01
3.526907348632812500e+01
3.416717529296875000e+01
3.300223922729492188e+01
3.176251411437988281e+01
3.042776870727539062e+01
2.901138305664062500e+01
2.749525451660156250e+01
2.584372138977050781e+01
2.423866653442382812e+01
2.273377609252929688e+01
2.140537261962890625e+01
2.016917610168457031e+01
1.912817955017089844e+01
1.824855422973632812e+01
1.740767288208007812e+01
1.681605911254882812e+01
1.634794044494628906e+01
1.602573585510253906e+01
1.579588890075683594e+01
1.564254951477050781e+01
1.555272388458251953e+01
1.551581859588623047e+01
1.552223968505859375e+01
1.556240081787109375e+01
1.562642002105712891e+01
1.570442676544189453e+01
1.578719997406005859e+01
1.586683940887451172e+01
1.593733882904052734e+01
1.599622535705566406e+01
1.604337882995605469e+01
1.607733345031738281e+01
1.609723281860351562e+01
1.610470581054687500e+01
1.610385704040527344e+01
1.609359550476074219e+01
1.608040237426757812e+01
1.606591606140136719e+01
1.605138969421386719e+01
1.603784179687500000e+01
1.602590560913085938e+01
1.601592063903808594e+01
1.600800323486328125e+01
1.600209045410156250e+01
1.599798965454101562e+01
1.599543285369873047e+01
1.599411010742187500e+01
1.599369621276855469e+01
1.599389934539794922e+01
1.599444580078125000e+01
1.599512195587158203e+01
1.599576663970947266e+01
1.599627113342285156e+01
1.599658584594726562e+01
1.599669837951660156e+01
1.599663352966308594e+01
1.599644374847412109e+01
1.599619007110595703e+01
1.599593353271484375e+01
1.599573326110839844e+01
1.599563407897949219e+01
1.599565696716308594e+01
1.599579429626464844e+01
1.599601745605468750e+01
1.599628162384033203e+01
1.599653434753417969e+01
1.599673557281494141e+01
1.599684715270996094e+01
1.599685955047607422e+01
1.599676609039306641e+01
1.599658012390136719e+01
1.599632072448730469e+01
1.599600696563720703e+01
1.599566650390625000e+01
1.599531459808349609e+01
1.599496746063232422e+01
1.599462127685546875e+01
1.599427223205566406e+01
1.599392127990722656e+01
1.599269199371337891e+01
1.599345588684082031e+01
1.599162673950195312e+01
1.599030399322509766e+01
1.598959255218505859e+01
1.598907852172851562e+01
1.598890590667724609e+01
1.601163291931152344e+01
1.600991821289062500e+01
1.600006866455078125e+01
1.607310104370117188e+01
1.624522781372070312e+01
1.608542442321777344e+01
1.594319248199462891e+01
1.588279819488525391e+01
1.585461616516113281e+01
1.585189533233642578e+01
1.587045669555664062e+01
1.597664070129394531e+01
1.605049514770507812e+01
1.592150402069091797e+01
1.578031158447265625e+01
1.571714401245117188e+01
1.569210052490234375e+01
1.570863819122314453e+01
1.577214622497558594e+01
1.585938262939453125e+01
1.582238674163818359e+01
1.576497268676757812e+01
1.570003604888916016e+01
1.566605091094970703e+01
1.563677215576171875e+01
1.561423873901367188e+01
1.559967041015625000e+01
1.559259605407714844e+01
1.559224319458007812e+01
1.559784603118896484e+01
1.560802555084228516e+01
1.562132453918457031e+01
1.563550090789794922e+01
1.564575862884521484e+01
1.565197563171386719e+01
1.566627311706542969e+01
1.567357826232910156e+01
1.565920734405517578e+01
1.565538215637207031e+01
1.562917709350585938e+01
1.555115604400634766e+01
1.549599838256835938e+01
1.545510673522949219e+01
1.539782333374023438e+01
1.534548473358154297e+01
1.531796360015869141e+01
1.531101799011230469e+01
1.529981613159179688e+01
1.527119827270507812e+01
1.523704433441162109e+01
1.524307632446289062e+01
1.518836688995361328e+01
1.518064880371093750e+01
1.516162586212158203e+01
1.513846969604492188e+01
1.511884117126464844e+01
1.510704898834228516e+01
1.509488582611083984e+01
1.508025264739990234e+01
1.506743240356445312e+01
1.505277824401855469e+01
1.503563022613525391e+01
1.501936817169189453e+01
1.499485969543457031e+01
1.498225879669189453e+01
1.497494029998779297e+01
1.496049594879150391e+01
1.495245933532714844e+01
1.494380378723144531e+01
1.493872451782226562e+01
1.493981838226318359e+01
1.494246864318847656e+01
1.493664455413818359e+01
1.492747497558593750e+01
1.492714786529541016e+01
1.492820072174072266e+01
1.493367576599121094e+01
1.494476222991943359e+01
1.492409896850585938e+01
1.490180873870849609e+01
1.490200614929199219e+01
1.486487388610839844e+01
1.484296607971191406e+01
1.485295200347900391e+01
1.481198501586914062e+01
1.480942821502685547e+01
1.483215522766113281e+01
1.477439594268798828e+01
1.476354217529296875e+01
1.479072380065917969e+01
1.480406093597412109e+01
1.477270507812500000e+01
1.475342369079589844e+01
1.476279640197753906e+01
1.476773357391357422e+01
1.475454139709472656e+01
1.474926567077636719e+01
1.475443458557128906e+01
1.474880027770996094e+01
1.474031639099121094e+01
1.474533271789550781e+01
1.473841953277587891e+01
1.473849678039550781e+01
1.474115467071533203e+01
1.473008823394775391e+01
1.473355960845947266e+01
1.473969173431396484e+01
1.472708511352539062e+01
1.472851657867431641e+01
1.473662185668945312e+01
1.472824764251708984e+01
1.471428680419921875e+01
1.474145698547363281e+01
1.474074172973632812e+01
1.481181335449218750e+01
1.481042766571044922e+01
1.468245315551757812e+01
1.467673873901367188e+01
1.471955490112304688e+01
1.479155063629150391e+01
1.479231739044189453e+01
1.477220535278320312e+01
1.471148014068603516e+01
1.468764686584472656e+01
1.469860363006591797e+01
1.474160099029541016e+01
1.473486423492431641e+01
1.480895709991455078e+01
1.480894947052001953e+01
1.466799163818359375e+01
1.465774154663085938e+01
1.470265960693359375e+01
1.481900978088378906e+01
1.472959041595458984e+01
1.466425991058349609e+01
1.466318702697753906e+01
1.469727039337158203e+01
1.475471973419189453e+01
1.472532939910888672e+01
1.468583869934082031e+01
1.468774032592773438e+01
1.472652816772460938e+01
1.474314689636230469e+01
1.471658325195312500e+01
1.471323490142822266e+01
1.473802852630615234e+01
1.474465942382812500e+01
1.472102832794189453e+01
1.471232128143310547e+01
1.472336578369140625e+01
1.472570228576660156e+01
1.471389579772949219e+01
1.472382068634033203e+01
1.470057010650634766e+01
1.468822288513183594e+01
1.469945430755615234e+01
1.470333766937255859e+01
1.470261192321777344e+01
1.471178722381591797e+01
1.469271087646484375e+01
1.468863391876220703e+01
1.469597721099853516e+01
1.468680000305175781e+01
1.469080448150634766e+01
1.468431091308593750e+01
1.468560028076171875e+01
1.469725608825683594e+01
1.468098926544189453e+01
1.468227195739746094e+01
1.468359184265136719e+01
1.467476654052734375e+01
1.468170928955078125e+01
1.468272113800048828e+01
1.467867279052734375e+01
1.469172954559326172e+01
1.467514896392822266e+01
1.467411994934082031e+01
1.467944335937500000e+01
1.467131900787353516e+01
1.468024253845214844e+01
1.467692756652832031e+01
1.467129898071289062e+01
1.468389797210693359e+01
1.467188835144042969e+01
1.467428207397460938e+01
1.467853069305419922e+01
1.466938972473144531e+01
1.467567348480224609e+01
1.467366313934326172e+01
1.466877269744873047e+01
1.467340946197509766e+01
1.467050266265869141e+01
1.467455291748046875e+01
1.467361640930175781e+01
1.466783809661865234e+01
1.467109966278076172e+01
1.466878032684326172e+01
1.467194747924804688e+01
1.467090034484863281e+01
1.466641998291015625e+01
1.466916847229003906e+01
1.466772747039794922e+01
1.467031097412109375e+01
1.466624641418457031e+01
1.466865062713623047e+01
1.466234207153320312e+01
1.466028308868408203e+01
1.465686607360839844e+01
1.465794658660888672e+01
1.466200733184814453e+01
