4.057341384887695312e+01
4.021015930175781250e+01
3.983777999877929688e+01
3.945199966430664062e+01
3.903847122192382812e+01
3.852863311767578125e+01
3.802941894531250000e+01
3.745547485351562500e+01
3.673782348632812500e+01
3.596702957153320312e+01
3.529643249511718750e+01
3.475846099853515625e+01
3.425453567504882812e+01
3.377291488647460938e+01
3.331607055664062500e+01
3.288761138916015625e+01
3.249041748046875000e+01
3.212641143798828125e+01
3.179656791687011719e+01
3.150081062316894531e+01
3.123747444152832031e+01
3.100385665893554688e+01
3.079696464538574219e+01
3.061754417419433594e+01
3.047624778747558594e+01
3.040317726135253906e+01
3.033566093444824219e+01
3.014232063293457031e+01
2.991917419433593750e+01
2.974912452697753906e+01
2.962215995788574219e+01
2.952398681640625000e+01
2.944949150085449219e+01
2.939592170715332031e+01
2.936155128479003906e+01
2.934450531005859375e+01
2.933757781982421875e+01
2.932153320312500000e+01
2.929211235046386719e+01
2.925060272216796875e+01
2.920642089843750000e+01
2.916600608825683594e+01
2.912912368774414062e+01
2.909745979309082031e+01
2.906853866577148438e+01
2.904293632507324219e+01
2.902102470397949219e+01
2.900202560424804688e+01
2.898742294311523438e+01
2.897725105285644531e+01
2.898052978515625000e+01
2.899959373474121094e+01
2.897632980346679688e+01
2.892683410644531250e+01
2.888959884643554688e+01
2.886631393432617188e+01
2.885656738281250000e+01
2.884790992736816406e+01
2.881970214843750000e+01
2.878787231445312500e+01
2.876609230041503906e+01
2.876023864746093750e+01
2.876479911804199219e+01
2.875242614746093750e+01
2.872537231445312500e+01
2.870486831665039062e+01
2.869482421875000000e+01
2.869160079956054688e+01
2.868269348144531250e+01
2.866026496887207031e+01
2.863974380493164062e+01
2.862709808349609375e+01
2.862087059020996094e+01
2.861360740661621094e+01
2.859860801696777344e+01
2.858199310302734375e+01
2.856926727294921875e+01
2.856210327148437500e+01
2.855736923217773438e+01
2.854939460754394531e+01
2.853791809082031250e+01
2.852498054504394531e+01
2.851490783691406250e+01
2.850958824157714844e+01
2.850084686279296875e+01
2.849104499816894531e+01
2.848178100585937500e+01
2.847280693054199219e+01
2.846452522277832031e+01
2.845678710937500000e+01
2.844930839538574219e+01
2.844144058227539062e+01
2.843356323242187500e+01
2.842851448059082031e+01
2.843285751342773438e+01
2.843416023254394531e+01
2.841044235229492188e+01
2.839034080505371094e+01
2.837912940979003906e+01
2.837819099426269531e+01
2.838215255737304688e+01
2.836752128601074219e+01
2.834971809387207031e+01
2.833745956420898438e+01
2.833097839355468750e+01
2.832631492614746094e+01
2.831737327575683594e+01
2.830562591552734375e+01
2.829477882385253906e+01
2.828637313842773438e+01
2.827976417541503906e+01
2.827459716796875000e+01
2.827074241638183594e+01
2.826584243774414062e+01
2.825527191162109375e+01
2.824049568176269531e+01
2.822717857360839844e+01
2.821699714660644531e+01
2.820932388305664062e+01
2.820303153991699219e+01
2.819616317749023438e+01
2.818789482116699219e+01
2.817902565002441406e+01
2.817011451721191406e+01
2.816116714477539062e+01
2.815164566040039062e+01
2.813579559326171875e+01
2.817756843566894531e+01
2.817748832702636719e+01
2.818893051147460938e+01
2.818875122070312500e+01
2.818801689147949219e+01
2.819124603271484375e+01
2.818173027038574219e+01
2.816982841491699219e+01
2.816348266601562500e+01
2.815595626831054688e+01
2.814487075805664062e+01
2.813168144226074219e+01
2.813365745544433594e+01
2.811294555664062500e+01
2.811237144470214844e+01
2.809778976440429688e+01
2.809639739990234375e+01
2.809222030639648438e+01
2.808436203002929688e+01
2.807491111755371094e+01
2.807712364196777344e+01
2.807426452636718750e+01
2.807272911071777344e+01
2.807029914855957031e+01
2.806920051574707031e+01
2.806512069702148438e+01
2.806237602233886719e+01
2.806151390075683594e+01
2.806195640563964844e+01
2.805840682983398438e+01
2.805533981323242188e+01
2.805405235290527344e+01
2.805396080017089844e+01
2.805384826660156250e+01
2.807636451721191406e+01
2.806064987182617188e+01
2.810010337829589844e+01
2.808201789855957031e+01
2.809086036682128906e+01
2.807436180114746094e+01
2.810737609863281250e+01
2.806467819213867188e+01
2.808943367004394531e+01
2.808505630493164062e+01
2.809740829467773438e+01
2.809273338317871094e+01
2.809542465209960938e+01
2.809506607055664062e+01
2.809135055541992188e+01
2.808940315246582031e+01
2.808373641967773438e+01
2.808358001708984375e+01
2.808361816406250000e+01
2.808511352539062500e+01
2.808538818359375000e+01
2.808189582824707031e+01
2.807949638366699219e+01
2.807874107360839844e+01
2.807899093627929688e+01
2.807763290405273438e+01
2.807347679138183594e+01
2.807827568054199219e+01
2.807560729980468750e+01
2.810010337829589844e+01
2.809650230407714844e+01
2.812006187438964844e+01
2.811165046691894531e+01
2.809966278076171875e+01
2.807783508300781250e+01
2.807003593444824219e+01
2.807368087768554688e+01
2.807075691223144531e+01
2.807061386108398438e+01
2.807585334777832031e+01
2.807730484008789062e+01
2.808176040649414062e+01
2.806738281250000000e+01
2.807125663757324219e+01
2.806715583801269531e+01
2.806525611877441406e+01
2.806620407104492188e+01
2.806817626953125000e+01
2.806559181213378906e+01
2.806369972229003906e+01
2.806808280944824219e+01
2.806174087524414062e+01
2.807089805603027344e+01
2.806447982788085938e+01
2.807516098022460938e+01
2.806407928466796875e+01
2.807413673400878906e+01
2.806160163879394531e+01
2.806772994995117188e+01
2.805660247802734375e+01
2.806336593627929688e+01
2.805510520935058594e+01
2.806194877624511719e+01
2.805731773376464844e+01
2.806371116638183594e+01
2.805631065368652344e+01
2.806432723999023438e+01
2.805836105346679688e+01
2.805706405639648438e+01
2.805554199218750000e+01
2.805227279663085938e+01
2.805322265625000000e+01
2.805348396301269531e+01
2.805566024780273438e+01
2.805277442932128906e+01
2.805768966674804688e+01
2.805009460449218750e+01
2.804999351501464844e+01
2.805022239685058594e+01
2.804872894287109375e+01
2.805014419555664062e+01
2.805407524108886719e+01
2.805183601379394531e+01
2.804766845703125000e+01
2.804974937438964844e+01
2.805208015441894531e+01
2.805352401733398438e+01
2.806007003784179688e+01
2.805505943298339844e+01
2.805387878417968750e+01
2.805020713806152344e+01
2.805067634582519531e+01
2.804792976379394531e+01
2.804958343505859375e+01
2.804504203796386719e+01
2.804840660095214844e+01
2.805097579956054688e+01
2.805302429199218750e+01
2.805145835876464844e+01
2.804783248901367188e+01
2.804470443725585938e+01
2.804309082031250000e+01
2.804197883605957031e+01
2.804227638244628906e+01
2.804128074645996094e+01
2.803979110717773438e+01
2.803999519348144531e+01
2.803706550598144531e+01
2.804190444946289062e+01
2.806110191345214844e+01
2.805872726440429688e+01
2.804988288879394531e+01
2.806408309936523438e+01
2.808518028259277344e+01
2.808526611328125000e+01
2.807663917541503906e+01
2.769486999511718750e+01
2.716642379760742188e+01
2.655709075927734375e+01
2.598484230041503906e+01
2.551509284973144531e+01
2.517535400390625000e+01
2.495819473266601562e+01
2.485048484802246094e+01
2.482300376892089844e+01
2.483685874938964844e+01
2.486657142639160156e+01
2.489172744750976562e+01
2.489515686035156250e+01
2.488666152954101562e+01
2.486851692199707031e+01
2.484238624572753906e+01
2.481566429138183594e+01
2.479440879821777344e+01
2.477938270568847656e+01
2.477190971374511719e+01
2.476990890502929688e+01
2.477026939392089844e+01
2.477015876770019531e+01
