4.248662567138671875e+01
4.199425125122070312e+01
4.150564956665039062e+01
4.102274322509765625e+01
4.054604339599609375e+01
4.007549667358398438e+01
3.961075210571289062e+01
3.915113067626953125e+01
3.869572830200195312e+01
3.824357223510742188e+01
3.779381179809570312e+01
3.734591293334960938e+01
3.689984893798828125e+01
3.645612716674804688e+01
3.601581192016601562e+01
3.558043289184570312e+01
3.515188598632812500e+01
3.473229598999023438e+01
3.432394027709960938e+01
3.392910766601562500e+01
3.355000686645507812e+01
3.318869018554687500e+01
3.284696578979492188e+01
3.252634429931640625e+01
3.222797393798828125e+01
3.195261764526367188e+01
3.170064353942871094e+01
3.147202682495117188e+01
3.126637840270996094e+01
3.108298301696777344e+01
3.092085647583007812e+01
3.077881050109863281e+01
3.065550041198730469e+01
3.054949569702148438e+01
3.045932197570800781e+01
3.038351058959960938e+01
3.032061195373535156e+01
3.026923942565917969e+01
3.022805976867675781e+01
3.019581985473632812e+01
3.017134284973144531e+01
3.015353584289550781e+01
3.014138221740722656e+01
3.013394927978515625e+01
3.013039398193359375e+01
3.012994575500488281e+01
3.013192939758300781e+01
3.013573455810546875e+01
3.014084434509277344e+01
3.014681053161621094e+01
3.015325546264648438e+01
3.015987586975097656e+01
3.016642189025878906e+01
3.017270660400390625e+01
3.017858314514160156e+01
3.018396377563476562e+01
3.018877601623535156e+01
3.019300270080566406e+01
3.019662475585937500e+01
3.019966697692871094e+01
3.020215606689453125e+01
3.020413208007812500e+01
3.020564079284667969e+01
3.020673942565917969e+01
3.020747947692871094e+01
3.020791435241699219e+01
3.020809745788574219e+01
3.020807456970214844e+01
3.020789146423339844e+01
3.020759201049804688e+01
3.020720672607421875e+01
3.020676612854003906e+01
3.020630073547363281e+01
3.020582771301269531e+01
3.020536804199218750e+01
3.020492935180664062e+01
3.020452499389648438e+01
3.020416069030761719e+01
3.020384407043457031e+01
3.020357131958007812e+01
3.020334243774414062e+01
3.020315933227539062e+01
3.020302009582519531e+01
3.020291328430175781e+01
3.020284843444824219e+01
3.020280838012695312e+01
3.020279502868652344e+01
3.020280456542968750e+01
3.020282745361328125e+01
3.020286369323730469e+01
3.020291137695312500e+01
3.020296478271484375e+01
3.020302009582519531e+01
3.020307922363281250e+01
3.020313262939453125e+01
3.020318603515625000e+01
3.020323753356933594e+01
3.020328140258789062e+01
3.020332336425781250e+01
3.020335578918457031e+01
3.020338249206542969e+01
3.020340728759765625e+01
3.020342445373535156e+01
3.020343780517578125e+01
3.020344543457031250e+01
3.020344924926757812e+01
3.020345115661621094e+01
3.020344543457031250e+01
3.020344161987304688e+01
3.020343589782714844e+01
3.020343017578125000e+01
3.020341873168945312e+01
3.020341110229492188e+01
3.020339965820312500e+01
3.020339012145996094e+01
3.020337867736816406e+01
3.020337104797363281e+01
3.020336151123046875e+01
3.020335388183593750e+01
3.020334625244140625e+01
3.020334053039550781e+01
3.020333480834960938e+01
3.020332908630371094e+01
3.020332336425781250e+01
3.020332336425781250e+01
3.020331954956054688e+01
3.020331954956054688e+01
3.020331954956054688e+01
3.020331573486328125e+01
3.020331573486328125e+01
3.020331573486328125e+01
3.020331573486328125e+01
3.020331573486328125e+01
3.020331573486328125e+01
3.020331573486328125e+01
3.020331764221191406e+01
3.020331764221191406e+01
3.020331954956054688e+01
3.020331954956054688e+01
3.020331954956054688e+01
3.020331954956054688e+01
3.020331954956054688e+01
3.020331954956054688e+01
3.020331954956054688e+01
3.020331954956054688e+01
3.020331954956054688e+01
3.020331954956054688e+01
3.020331954956054688e+01
3.020331954956054688e+01
3.020331954956054688e+01
3.020331764221191406e+01
3.020331954956054688e+01
3.020331573486328125e+01
3.020331573486328125e+01
3.020331573486328125e+01
3.020331382751464844e+01
3.020331192016601562e+01
3.020331192016601562e+01
3.020331192016601562e+01
3.020331192016601562e+01
3.020331192016601562e+01
3.020331192016601562e+01
3.020331192016601562e+01
3.020330810546875000e+01
3.020330619812011719e+01
3.020330619812011719e+01
3.020330619812011719e+01
3.020330619812011719e+01
3.020330619812011719e+01
3.020330619812011719e+01
3.020330619812011719e+01
3.020330619812011719e+01
3.020330619812011719e+01
3.020330238342285156e+01
3.020330429077148438e+01
3.020330238342285156e+01
3.020330238342285156e+01
3.020330238342285156e+01
3.020330238342285156e+01
3.020330238342285156e+01
3.020330238342285156e+01
3.020330047607421875e+01
3.020330047607421875e+01
3.020330047607421875e+01
3.020330047607421875e+01
3.020330047607421875e+01
3.020330047607421875e+01
3.020329856872558594e+01
3.020329856872558594e+01
3.020329856872558594e+01
3.020329856872558594e+01
3.020329856872558594e+01
3.020329856872558594e+01
3.020329856872558594e+01
3.020329856872558594e+01
3.020329666137695312e+01
3.020329666137695312e+01
3.020329666137695312e+01
3.020329475402832031e+01
3.020329475402832031e+01
3.020329475402832031e+01
3.020329475402832031e+01
3.020329475402832031e+01
3.020329475402832031e+01
3.020329475402832031e+01
3.020329475402832031e+01
3.020329475402832031e+01
3.020329475402832031e+01
3.020329475402832031e+01
3.020329475402832031e+01
3.020329284667968750e+01
3.020329284667968750e+01
3.020328903198242188e+01
3.020328903198242188e+01
3.020329284667968750e+01
3.020328903198242188e+01
3.020328903198242188e+01
3.020328903198242188e+01
3.020328903198242188e+01
3.020328903198242188e+01
3.020328903198242188e+01
3.020328903198242188e+01
3.020328903198242188e+01
3.020328903198242188e+01
3.020328903198242188e+01
3.020328903198242188e+01
3.020328903198242188e+01
3.020328903198242188e+01
3.020328903198242188e+01
3.020328712463378906e+01
3.020328903198242188e+01
3.020328712463378906e+01
3.020328521728515625e+01
3.020328521728515625e+01
3.020328521728515625e+01
3.020328521728515625e+01
3.020328521728515625e+01
3.020328521728515625e+01
3.020328521728515625e+01
3.020328521728515625e+01
3.020328521728515625e+01
3.020328521728515625e+01
3.020328521728515625e+01
3.020328521728515625e+01
3.020328521728515625e+01
3.020328521728515625e+01
3.020328521728515625e+01
3.020328521728515625e+01
3.020328521728515625e+01
3.020328521728515625e+01
3.020328521728515625e+01
3.020328521728515625e+01
3.020328521728515625e+01
3.020328521728515625e+01
3.020328521728515625e+01
3.020328521728515625e+01
3.020328330993652344e+01
3.020328330993652344e+01
3.020328330993652344e+01
3.020328330993652344e+01
3.020328330993652344e+01
3.020328330993652344e+01
3.020328330993652344e+01
3.020328140258789062e+01
3.020328140258789062e+01
3.020328140258789062e+01
3.020328140258789062e+01
3.020328140258789062e+01
3.020328140258789062e+01
3.020328140258789062e+01
3.020328140258789062e+01
3.020328140258789062e+01
3.020328140258789062e+01
3.020328140258789062e+01
3.020328140258789062e+01
3.020328140258789062e+01
3.020328140258789062e+01
3.020328140258789062e+01
3.020328140258789062e+01
3.020328140258789062e+01
3.020327949523925781e+01
3.020328140258789062e+01
3.020328140258789062e+01
3.020327949523925781e+01
3.020327949523925781e+01
3.020327949523925781e+01
3.020327949523925781e+01
3.020327949523925781e+01
3.020327949523925781e+01
3.020327949523925781e+01
3.020327949523925781e+01
3.020327949523925781e+01
3.020327949523925781e+01
3.020327949523925781e+01
3.020327949523925781e+01
3.020327949523925781e+01
3.020327949523925781e+01
3.020327949523925781e+01
3.020327949523925781e+01
3.020327949523925781e+01
