3.475358963012695312e+01
3.425967025756835938e+01
3.374729537963867188e+01
3.317685699462890625e+01
3.263417434692382812e+01
3.204420471191406250e+01
3.141001892089843750e+01
3.055344963073730469e+01
2.959173774719238281e+01
2.865763473510742188e+01
2.775063705444335938e+01
2.684161949157714844e+01
2.584932518005371094e+01
2.479126930236816406e+01
2.381793212890625000e+01
2.287609100341796875e+01
2.207258033752441406e+01
2.135171508789062500e+01
2.071949386596679688e+01
2.017744445800781250e+01
1.972215080261230469e+01
1.934908485412597656e+01
1.905131912231445312e+01
1.882038116455078125e+01
1.864700698852539062e+01
1.852234458923339844e+01
1.843882942199707031e+01
1.838979530334472656e+01
1.836891746520996094e+01
1.837056922912597656e+01
1.838922691345214844e+01
1.842059135437011719e+01
1.846145439147949219e+01
1.850247955322265625e+01
1.853404045104980469e+01
1.856087875366210938e+01
1.858983993530273438e+01
1.861881256103515625e+01
1.864854621887207031e+01
1.868962097167968750e+01
1.868971061706542969e+01
1.865571212768554688e+01
1.862927055358886719e+01
1.860526275634765625e+01
1.858203506469726562e+01
1.856061172485351562e+01
1.854177665710449219e+01
1.852558517456054688e+01
1.851137924194335938e+01
1.849805068969726562e+01
1.847976493835449219e+01
1.843903541564941406e+01
1.841937065124511719e+01
1.841036987304687500e+01
1.840044593811035156e+01
1.838380622863769531e+01
1.836246871948242188e+01
1.834090423583984375e+01
1.832140731811523438e+01
1.830421829223632812e+01
1.828919792175292969e+01
1.827632713317871094e+01
1.826534843444824219e+01
1.825589942932128906e+01
1.824762153625488281e+01
1.824016380310058594e+01
1.823320960998535156e+01
1.822649574279785156e+01
1.821983337402343750e+01
1.821308898925781250e+01
1.820619964599609375e+01
1.819917488098144531e+01
1.819208526611328125e+01
1.818501663208007812e+01
1.817801094055175781e+01
1.817104339599609375e+01
1.816406250000000000e+01
1.815703582763671875e+01
1.814997673034667969e+01
1.814291954040527344e+01
1.813590240478515625e+01
1.812892723083496094e+01
1.812195396423339844e+01
1.811489677429199219e+01
1.810762596130371094e+01
1.809994125366210938e+01
1.809138870239257812e+01
1.808076477050781250e+01
1.806789779663085938e+01
1.805288505554199219e+01
1.803987312316894531e+01
1.807523345947265625e+01
1.803054809570312500e+01
1.793287467956542969e+01
1.788952445983886719e+01
1.786332321166992188e+01
1.784455108642578125e+01
1.783136940002441406e+01
1.782319831848144531e+01
1.781503868103027344e+01
1.780021095275878906e+01
1.778260040283203125e+01
1.776720046997070312e+01
1.775440216064453125e+01
1.774472427368164062e+01
1.773965835571289062e+01
1.773837661743164062e+01
1.773394393920898438e+01
1.773102760314941406e+01
1.772801399230957031e+01
1.772228813171386719e+01
1.771284484863281250e+01
1.769946098327636719e+01
1.768363952636718750e+01
1.766758346557617188e+01
1.765281867980957031e+01
1.764024162292480469e+01
1.762975502014160156e+01
1.761944389343261719e+01
1.760777664184570312e+01
1.759553718566894531e+01
1.757813262939453125e+01
1.755915069580078125e+01
1.753892707824707031e+01
1.752247238159179688e+01
1.751091766357421875e+01
1.750823783874511719e+01
1.752947235107421875e+01
1.754084777832031250e+01
1.747872924804687500e+01
1.747176361083984375e+01
1.752493858337402344e+01
1.734925079345703125e+01
1.728086853027343750e+01
1.727317428588867188e+01
1.749185180664062500e+01
1.738665199279785156e+01
1.715257453918457031e+01
1.710266876220703125e+01
1.708584403991699219e+01
1.720127105712890625e+01
1.719273757934570312e+01
1.699081230163574219e+01
1.696427726745605469e+01
1.694841194152832031e+01
1.705378150939941406e+01
1.705744934082031250e+01
1.691731071472167969e+01
1.689486122131347656e+01
1.689320373535156250e+01
1.692527961730957031e+01
1.697438240051269531e+01
1.683763885498046875e+01
1.682066154479980469e+01
1.681462287902832031e+01
1.681307220458984375e+01
1.682072830200195312e+01
1.682817077636718750e+01
1.684416389465332031e+01
1.678894424438476562e+01
1.676669692993164062e+01
1.676135826110839844e+01
1.678416633605957031e+01
1.678379058837890625e+01
1.675952148437500000e+01
1.673210144042968750e+01
1.671417808532714844e+01
1.671953392028808594e+01
1.676156806945800781e+01
1.668636131286621094e+01
1.667306137084960938e+01
1.667259216308593750e+01
1.669406127929687500e+01
1.666880035400390625e+01
1.665502929687500000e+01
1.665357780456542969e+01
1.665272712707519531e+01
1.664382171630859375e+01
1.662872123718261719e+01
1.661419677734375000e+01
1.660344886779785156e+01
1.659526634216308594e+01
1.661499404907226562e+01
1.659371757507324219e+01
1.658208274841308594e+01
1.659540176391601562e+01
1.655308151245117188e+01
1.654365730285644531e+01
1.660229492187500000e+01
1.654088783264160156e+01
1.653778839111328125e+01
1.653713417053222656e+01
1.656596755981445312e+01
1.652485275268554688e+01
1.652334403991699219e+01
1.651114082336425781e+01
1.652450942993164062e+01
1.649504852294921875e+01
1.649578094482421875e+01
1.648113632202148438e+01
1.659134101867675781e+01
1.651273727416992188e+01
1.650075721740722656e+01
1.647192382812500000e+01
1.653600120544433594e+01
1.648102188110351562e+01
1.649842643737792969e+01
1.647380828857421875e+01
1.644461822509765625e+01
1.653111267089843750e+01
1.643723297119140625e+01
1.645303916931152344e+01
1.643680191040039062e+01
1.641460990905761719e+01
1.645598793029785156e+01
1.644706535339355469e+01
1.643818473815917969e+01
1.640893173217773438e+01
1.644847869873046875e+01
1.639469909667968750e+01
1.639248275756835938e+01
1.638561630249023438e+01
1.636944580078125000e+01
1.639463996887207031e+01
1.636093330383300781e+01
1.635996818542480469e+01
1.634677505493164062e+01
1.637999725341796875e+01
1.636404991149902344e+01
1.637967109680175781e+01
1.636099243164062500e+01
1.632235717773437500e+01
1.648974037170410156e+01
1.641819000244140625e+01
1.644265937805175781e+01
1.641140556335449219e+01
1.633793067932128906e+01
1.681935501098632812e+01
1.633403778076171875e+01
1.639577865600585938e+01
1.642726135253906250e+01
1.643926429748535156e+01
1.643665695190429688e+01
1.641321945190429688e+01
1.633775520324707031e+01
1.557140827178955078e+01
1.504857158660888672e+01
1.412671279907226562e+01
1.341379165649414062e+01
1.275675678253173828e+01
1.218027687072753906e+01
1.170581340789794922e+01
1.134600734710693359e+01
1.108133316040039062e+01
1.091857433319091797e+01
1.093437576293945312e+01
1.075433349609375000e+01
1.074175834655761719e+01
1.076899337768554688e+01
1.073824024200439453e+01
1.072888851165771484e+01
1.076716709136962891e+01
1.082363033294677734e+01
1.078349876403808594e+01
1.075068759918212891e+01
1.079707431793212891e+01
1.076068210601806641e+01
1.078395366668701172e+01
1.072026252746582031e+01
1.100741767883300781e+01
1.088942527770996094e+01
1.095114898681640625e+01
1.092612075805664062e+01
1.081123542785644531e+01
1.127007389068603516e+01
1.077392959594726562e+01
1.083359527587890625e+01
1.079462909698486328e+01
1.076294326782226562e+01
1.081244373321533203e+01
1.074130058288574219e+01
1.074485588073730469e+01
1.071432113647460938e+01
1.076943683624267578e+01
1.070750999450683594e+01
1.070061111450195312e+01
1.068809700012207031e+01
1.067404365539550781e+01
1.067021083831787109e+01
1.065052700042724609e+01
1.072896957397460938e+01
1.069926929473876953e+01
1.068635082244873047e+01
1.073184967041015625e+01
1.072588539123535156e+01
1.075997638702392578e+01
1.071985816955566406e+01
1.079251956939697266e+01
1.078589439392089844e+01
1.083220958709716797e+01
