4.115015411376953125e+01
4.069036102294921875e+01
4.022615432739257812e+01
3.975909805297851562e+01
3.928968048095703125e+01
3.881782913208007812e+01
3.834394836425781250e+01
3.786917877197265625e+01
3.739514923095703125e+01
3.692377471923828125e+01
3.645718383789062500e+01
3.599766540527343750e+01
3.554765319824218750e+01
3.510965728759765625e+01
3.468621444702148438e+01
3.427981948852539062e+01
3.389281082153320312e+01
3.352730941772460938e+01
3.318510055541992188e+01
3.286758422851562500e+01
3.257571411132812500e+01
3.230995941162109375e+01
3.207032394409179688e+01
3.185635566711425781e+01
3.166720962524414062e+01
3.150171661376953125e+01
3.135844993591308594e+01
3.123582267761230469e+01
3.113213348388671875e+01
3.104564666748046875e+01
3.097464179992675781e+01
3.091743469238281250e+01
3.087240409851074219e+01
3.083802413940429688e+01
3.081285858154296875e+01
3.079556083679199219e+01
3.078489875793457031e+01
3.077972984313964844e+01
3.077902030944824219e+01
3.078183937072753906e+01
3.078735351562500000e+01
3.079483413696289062e+01
3.080364227294921875e+01
3.081324577331542969e+01
3.082318496704101562e+01
3.083309555053710938e+01
3.084268760681152344e+01
3.085173416137695312e+01
3.086008071899414062e+01
3.086761665344238281e+01
3.087427902221679688e+01
3.088004493713378906e+01
3.088492393493652344e+01
3.088894653320312500e+01
3.089216041564941406e+01
3.089463806152343750e+01
3.089644241333007812e+01
3.089765739440917969e+01
3.089835929870605469e+01
3.089863014221191406e+01
3.089853477478027344e+01
3.089815521240234375e+01
3.089755249023437500e+01
3.089678192138671875e+01
3.089590072631835938e+01
3.089494895935058594e+01
3.089396858215332031e+01
3.089299201965332031e+01
3.089204025268554688e+01
3.089113616943359375e+01
3.089029693603515625e+01
3.088952636718750000e+01
3.088883972167968750e+01
3.088823509216308594e+01
3.088771438598632812e+01
3.088727378845214844e+01
3.088691329956054688e+01
3.088662528991699219e+01
3.088640213012695312e+01
3.088624382019042969e+01
3.088613700866699219e+01
3.088607597351074219e+01
3.088605690002441406e+01
3.088607215881347656e+01
3.088611221313476562e+01
3.088617134094238281e+01
3.088624763488769531e+01
3.088633346557617188e+01
3.088643074035644531e+01
3.088652801513671875e+01
3.088662528991699219e+01
3.088672065734863281e+01
3.088681221008300781e+01
3.088689994812011719e+01
3.088697814941406250e+01
3.088705062866210938e+01
3.088711547851562500e+01
3.088716888427734375e+01
3.088721847534179688e+01
3.088726234436035156e+01
3.088729476928710938e+01
3.088732337951660156e+01
3.088734245300292969e+01
3.088735961914062500e+01
3.088737106323242188e+01
3.088737869262695312e+01
3.088738250732421875e+01
3.088738250732421875e+01
3.088737869262695312e+01
3.088737487792968750e+01
3.088737106323242188e+01
3.088736343383789062e+01
3.088735580444335938e+01
3.088734626770019531e+01
3.088734245300292969e+01
3.088733291625976562e+01
3.088732719421386719e+01
3.088731956481933594e+01
3.088731193542480469e+01
3.088730621337890625e+01
3.088730049133300781e+01
3.088729476928710938e+01
3.088729095458984375e+01
3.088728713989257812e+01
3.088728523254394531e+01
3.088727951049804688e+01
3.088727951049804688e+01
3.088727569580078125e+01
3.088727569580078125e+01
3.088727378845214844e+01
3.088727378845214844e+01
3.088727378845214844e+01
3.088727378845214844e+01
3.088727378845214844e+01
3.088727378845214844e+01
3.088727378845214844e+01
3.088727378845214844e+01
3.088727378845214844e+01
3.088727569580078125e+01
3.088727569580078125e+01
3.088727569580078125e+01
3.088727569580078125e+01
3.088727569580078125e+01
3.088727760314941406e+01
3.088727760314941406e+01
3.088727760314941406e+01
3.088727760314941406e+01
3.088727760314941406e+01
3.088727760314941406e+01
3.088727760314941406e+01
3.088727760314941406e+01
3.088727760314941406e+01
3.088727760314941406e+01
3.088727760314941406e+01
3.088727760314941406e+01
3.088727569580078125e+01
3.088727760314941406e+01
3.088727760314941406e+01
3.088727760314941406e+01
3.088727760314941406e+01
3.088727569580078125e+01
3.088727760314941406e+01
3.088727378845214844e+01
3.088727569580078125e+01
3.088727378845214844e+01
3.088727378845214844e+01
3.088727378845214844e+01
3.088727378845214844e+01
3.088727378845214844e+01
3.088727378845214844e+01
3.088727378845214844e+01
3.088727569580078125e+01
3.088727378845214844e+01
3.088727378845214844e+01
3.088727378845214844e+01
3.088727378845214844e+01
3.088727378845214844e+01
3.088727378845214844e+01
3.088727378845214844e+01
3.088727378845214844e+01
3.088727378845214844e+01
3.088727378845214844e+01
3.088727378845214844e+01
3.088727378845214844e+01
3.088727378845214844e+01
3.088727378845214844e+01
3.088727378845214844e+01
3.088727378845214844e+01
3.088727378845214844e+01
3.088727378845214844e+01
3.088727378845214844e+01
3.088727378845214844e+01
3.088727378845214844e+01
3.088727378845214844e+01
3.088727378845214844e+01
3.088727378845214844e+01
3.088727378845214844e+01
3.088727378845214844e+01
3.088727378845214844e+01
3.088727378845214844e+01
3.088727378845214844e+01
3.088727378845214844e+01
3.088727378845214844e+01
3.088727378845214844e+01
3.088727378845214844e+01
3.088727378845214844e+01
3.088727378845214844e+01
3.088727378845214844e+01
3.088727378845214844e+01
3.088727378845214844e+01
3.088727378845214844e+01
3.088727378845214844e+01
3.088727378845214844e+01
3.088727378845214844e+01
3.088727378845214844e+01
3.088727378845214844e+01
3.088727378845214844e+01
3.088727378845214844e+01
3.088727378845214844e+01
3.088727378845214844e+01
3.088727378845214844e+01
3.088727378845214844e+01
3.088727378845214844e+01
3.088727378845214844e+01
3.088727378845214844e+01
3.088727378845214844e+01
3.088727378845214844e+01
3.088727378845214844e+01
3.088727378845214844e+01
3.088727378845214844e+01
3.088727378845214844e+01
3.088727188110351562e+01
3.088727188110351562e+01
3.088727188110351562e+01
3.088727188110351562e+01
3.088727188110351562e+01
3.088727378845214844e+01
3.088727378845214844e+01
3.088727378845214844e+01
3.088727378845214844e+01
3.088727378845214844e+01
3.088727378845214844e+01
3.088727378845214844e+01
3.088727378845214844e+01
3.088727378845214844e+01
3.088727378845214844e+01
3.088727378845214844e+01
3.088727378845214844e+01
3.088727378845214844e+01
3.088727378845214844e+01
3.088727378845214844e+01
3.088727378845214844e+01
3.088727378845214844e+01
3.088727378845214844e+01
3.088727378845214844e+01
3.088727378845214844e+01
3.088727378845214844e+01
3.088727378845214844e+01
3.088727378845214844e+01
3.088727378845214844e+01
3.088727378845214844e+01
3.088727378845214844e+01
3.088727188110351562e+01
3.088727378845214844e+01
3.088727378845214844e+01
3.088727378845214844e+01
3.088727188110351562e+01
3.088727188110351562e+01
3.088727188110351562e+01
3.088727188110351562e+01
3.088727188110351562e+01
3.088727188110351562e+01
3.088727188110351562e+01
3.088727188110351562e+01
3.088727188110351562e+01
3.088727188110351562e+01
3.088727188110351562e+01
3.088727188110351562e+01
3.088727188110351562e+01
3.088727188110351562e+01
3.088727188110351562e+01
3.088727188110351562e+01
3.088727188110351562e+01
3.088727188110351562e+01
3.088727188110351562e+01
3.088727188110351562e+01
3.088727188110351562e+01
3.088727188110351562e+01
3.088727188110351562e+01
3.088727188110351562e+01
3.088727188110351562e+01
3.088727188110351562e+01
3.088727188110351562e+01
3.088727188110351562e+01
3.088727188110351562e+01
3.088727188110351562e+01
3.088727188110351562e+01
3.088727188110351562e+01
3.088726997375488281e+01
3.088727188110351562e+01
