2.878343200683593750e+01
2.836205482482910156e+01
2.791691589355468750e+01
2.744982528686523438e+01
2.695753860473632812e+01
2.643859100341796875e+01
2.589191055297851562e+01
2.531712341308593750e+01
2.471426200866699219e+01
2.404971885681152344e+01
2.334743881225585938e+01
2.261639785766601562e+01
2.186409378051757812e+01
2.109797668457031250e+01
2.032582092285156250e+01
1.955576133728027344e+01
1.879620361328125000e+01
1.805561637878417969e+01
1.734220123291015625e+01
1.666354370117187500e+01
1.617776298522949219e+01
1.552544593811035156e+01
1.488586235046386719e+01
1.439473342895507812e+01
1.395935535430908203e+01
1.357655239105224609e+01
1.324269104003906250e+01
1.295482826232910156e+01
1.270946407318115234e+01
1.250264835357666016e+01
1.233029174804687500e+01
1.218833923339843750e+01
1.212558364868164062e+01
1.197995185852050781e+01
1.190688323974609375e+01
1.185072708129882812e+01
1.203244113922119141e+01
1.177565193176269531e+01
1.175197124481201172e+01
1.173757076263427734e+01
1.172936153411865234e+01
1.172171974182128906e+01
1.171204471588134766e+01
1.169934558868408203e+01
1.182249832153320312e+01
1.165560626983642578e+01
1.170593452453613281e+01
1.159877872467041016e+01
1.153923988342285156e+01
1.147466373443603516e+01
1.142121410369873047e+01
1.149959754943847656e+01
1.135492992401123047e+01
1.119227313995361328e+01
1.119457912445068359e+01
1.101055049896240234e+01
1.087765979766845703e+01
1.084666442871093750e+01
1.081130695343017578e+01
1.066097068786621094e+01
1.060115909576416016e+01
1.054755020141601562e+01
1.049785900115966797e+01
1.045196914672851562e+01
1.041105270385742188e+01
1.037227249145507812e+01
1.033385372161865234e+01
1.029873943328857422e+01
1.066807842254638672e+01
1.024248981475830078e+01
1.021616649627685547e+01
1.020021724700927734e+01
1.034673690795898438e+01
1.035782814025878906e+01
1.023569583892822266e+01
1.016088962554931641e+01
1.015461635589599609e+01
1.014910125732421875e+01
1.014457988739013672e+01
1.014762687683105469e+01
1.013476562500000000e+01
1.013073635101318359e+01
1.012717056274414062e+01
1.012407016754150391e+01
1.012135410308837891e+01
1.011892890930175781e+01
1.011675930023193359e+01
1.011486911773681641e+01
1.011322402954101562e+01
1.011174392700195312e+01
1.011041259765625000e+01
1.010922908782958984e+01
1.010818672180175781e+01
1.010728454589843750e+01
1.010652542114257812e+01
1.010590553283691406e+01
1.010551357269287109e+01
1.012326049804687500e+01
1.010381603240966797e+01
1.082094097137451172e+01
1.010272502899169922e+01
1.010229396820068359e+01
1.020195579528808594e+01
1.035748291015625000e+01
1.029801177978515625e+01
1.014077472686767578e+01
1.010073184967041016e+01
1.010016918182373047e+01
1.009968757629394531e+01
1.010007858276367188e+01
1.022857379913330078e+01
1.142761993408203125e+01
1.178849029541015625e+01
1.009984779357910156e+01
1.010120010375976562e+01
1.010464000701904297e+01
1.027888011932373047e+01
1.049442481994628906e+01
1.051704311370849609e+01
1.055058002471923828e+01
1.044881153106689453e+01
1.029110908508300781e+01
1.020318222045898438e+01
1.019571018218994141e+01
1.025421047210693359e+01
1.025374603271484375e+01
1.012523078918457031e+01
1.010905933380126953e+01
1.010870552062988281e+01
1.010981845855712891e+01
1.011143207550048828e+01
1.011211013793945312e+01
1.011139869689941406e+01
1.010943794250488281e+01
1.010682201385498047e+01
1.010427665710449219e+01
1.010229206085205078e+01
1.010096454620361328e+01
1.010017967224121094e+01
1.009977912902832031e+01
1.009959316253662109e+01
1.009945011138916016e+01
1.009921836853027344e+01
1.009885883331298828e+01
1.009841537475585938e+01
1.009797286987304688e+01
1.009760475158691406e+01
1.009733581542968750e+01
1.009715938568115234e+01
1.009706401824951172e+01
1.009703731536865234e+01
1.009707069396972656e+01
1.009715080261230469e+01
1.009726238250732422e+01
1.009739494323730469e+01
1.009755134582519531e+01
1.009772682189941406e+01
1.009791278839111328e+01
1.009809303283691406e+01
1.009825229644775391e+01
1.009838294982910156e+01
1.009848308563232422e+01
1.009855270385742188e+01
1.009859657287597656e+01
1.009862613677978516e+01
1.009864521026611328e+01
1.009866333007812500e+01
1.009868526458740234e+01
1.009871292114257812e+01
1.009874725341796875e+01
1.009879112243652344e+01
1.009883880615234375e+01
1.009889316558837891e+01
1.009895229339599609e+01
1.009901046752929688e+01
1.009906578063964844e+01
1.009911823272705078e+01
1.009916210174560547e+01
1.009919738769531250e+01
1.009922218322753906e+01
1.009923744201660156e+01
1.009924507141113281e+01
1.009924125671386719e+01
1.009923171997070312e+01
1.009921836853027344e+01
1.009919834136962891e+01
1.009917640686035156e+01
1.009915256500244141e+01
1.009912967681884766e+01
1.009910583496093750e+01
1.009908485412597656e+01
1.009906578063964844e+01
1.009904956817626953e+01
1.009903621673583984e+01
1.009902572631835938e+01
1.009901809692382812e+01
1.009901523590087891e+01
1.009901332855224609e+01
1.009901523590087891e+01
1.009902000427246094e+01
1.009902667999267578e+01
1.009903526306152344e+01
1.009904670715332031e+01
1.009906005859375000e+01
1.009907150268554688e+01
1.009908008575439453e+01
1.009907913208007812e+01
1.009908485412597656e+01
1.009910774230957031e+01
1.009911537170410156e+01
1.009911537170410156e+01
1.009909152984619141e+01
1.009910964965820312e+01
1.009931278228759766e+01
1.009956836700439453e+01
1.009963130950927734e+01
1.009952259063720703e+01
1.009932327270507812e+01
1.009906673431396484e+01
1.009888648986816406e+01
1.009886455535888672e+01
1.009915924072265625e+01
1.009969997406005859e+01
1.009987545013427734e+01
1.009932422637939453e+01
1.009848594665527344e+01
1.009779357910156250e+01
1.009734344482421875e+01
1.009707069396972656e+01
1.009690761566162109e+01
1.009681892395019531e+01
1.009682083129882812e+01
1.009696865081787109e+01
1.009724998474121094e+01
1.009757995605468750e+01
1.009789848327636719e+01
1.009821605682373047e+01
1.009857082366943359e+01
1.009894657135009766e+01
1.009930324554443359e+01
1.009959697723388672e+01
1.009981250762939453e+01
1.009994792938232422e+01
1.010002803802490234e+01
1.010020923614501953e+01
1.010058879852294922e+01
1.010082244873046875e+01
1.010054302215576172e+01
1.010005569458007812e+01
1.009968566894531250e+01
1.009939384460449219e+01
1.009905147552490234e+01
1.009878253936767578e+01
1.009837722778320312e+01
1.009898567199707031e+01
1.010012054443359375e+01
1.010151576995849609e+01
1.010171604156494141e+01
1.009877395629882812e+01
1.011963939666748047e+01
1.013323974609375000e+01
1.009661769866943359e+01
1.009605503082275391e+01
1.009523582458496094e+01
1.009478664398193359e+01
1.009494686126708984e+01
1.009548950195312500e+01
1.009597969055175781e+01
1.009625244140625000e+01
1.009647083282470703e+01
1.009685325622558594e+01
1.009742450714111328e+01
1.009806823730468750e+01
1.009868049621582031e+01
1.009919929504394531e+01
1.009958648681640625e+01
1.009980583190917969e+01
1.009984111785888672e+01
1.009970664978027344e+01
1.009944915771484375e+01
1.009914302825927734e+01
1.009885025024414062e+01
1.009860992431640625e+01
1.009842872619628906e+01
1.009830951690673828e+01
1.009824180603027344e+01
1.009822368621826172e+01
1.009825038909912109e+01
1.009831428527832031e+01
1.009841251373291016e+01
1.009853363037109375e+01
1.009867000579833984e+01
1.009880638122558594e+01
1.009892940521240234e+01
1.009897518157958984e+01
1.009898567199707031e+01
1.009903621673583984e+01
1.009913158416748047e+01
1.009926509857177734e+01
1.009940814971923828e+01
