3.009180545806884766e+00
2.959296226501464844e+00
2.903749465942382812e+00
2.843850851058959961e+00
2.776301383972167969e+00
2.715744256973266602e+00
2.664117574691772461e+00
2.618631601333618164e+00
2.579646587371826172e+00
2.547452449798583984e+00
2.521850585937500000e+00
2.502101898193359375e+00
2.486992597579956055e+00
2.475030183792114258e+00
2.463699102401733398e+00
2.454394102096557617e+00
2.446198940277099609e+00
2.438658475875854492e+00
2.431191682815551758e+00
2.423242092132568359e+00
2.416462421417236328e+00
2.408743143081665039e+00
2.405541896820068359e+00
2.402816772460937500e+00
2.396904230117797852e+00
2.393724918365478516e+00
2.381494998931884766e+00
2.371063709259033203e+00
2.366146326065063477e+00
2.362386465072631836e+00
2.359211444854736328e+00
2.356324911117553711e+00
2.353594779968261719e+00
2.350731134414672852e+00
2.348264932632446289e+00
2.346100568771362305e+00
2.345156192779541016e+00
2.344694614410400391e+00
2.344194173812866211e+00
2.343646049499511719e+00
2.343098163604736328e+00
2.342590332031250000e+00
2.342149496078491211e+00
2.341804742813110352e+00
2.341395854949951172e+00
2.341032981872558594e+00
2.340725183486938477e+00
2.340493440628051758e+00
2.340331077575683594e+00
2.340197563171386719e+00
2.340085268020629883e+00
2.339993953704833984e+00
2.339908123016357422e+00
2.339811325073242188e+00
2.339699506759643555e+00
2.339575052261352539e+00
2.339441299438476562e+00
2.339302539825439453e+00
2.339163541793823242e+00
2.339029550552368164e+00
2.338902711868286133e+00
2.338782787322998047e+00
2.338667154312133789e+00
2.338553190231323242e+00
2.338439941406250000e+00
2.338327169418334961e+00
2.338213682174682617e+00
2.338099956512451172e+00
2.337983608245849609e+00
2.337864637374877930e+00
2.337742090225219727e+00
2.337616205215454102e+00
2.337486982345581055e+00
2.337354421615600586e+00
2.337219238281250000e+00
2.337081670761108398e+00
2.336941719055175781e+00
2.336799621582031250e+00
2.336655139923095703e+00
2.336508512496948242e+00
2.336359500885009766e+00
2.336208343505859375e+00
2.336054563522338867e+00
2.335898637771606445e+00
2.335740327835083008e+00
2.335579872131347656e+00
2.335417747497558594e+00
2.335253953933715820e+00
2.335088014602661133e+00
2.334919929504394531e+00
2.334748744964599609e+00
2.334575176239013672e+00
2.334399700164794922e+00
2.334222555160522461e+00
2.334044456481933594e+00
2.333865880966186523e+00
2.333686828613281250e+00
2.333507537841796875e+00
2.333328723907470703e+00
2.333149909973144531e+00
2.333001375198364258e+00
2.332814693450927734e+00
2.332662105560302734e+00
2.332518577575683594e+00
2.332391500473022461e+00
2.332286834716796875e+00
2.332229852676391602e+00
2.332129716873168945e+00
2.331962108612060547e+00
2.331854820251464844e+00
2.331712245941162109e+00
2.331522464752197266e+00
2.331294059753417969e+00
2.331186294555664062e+00
2.331002950668334961e+00
2.330785751342773438e+00
2.330653667449951172e+00
2.330528259277343750e+00
2.330427169799804688e+00
2.330339908599853516e+00
2.330221652984619141e+00
2.330126762390136719e+00
2.330030679702758789e+00
2.329920530319213867e+00
2.329794645309448242e+00
2.329648256301879883e+00
2.329531431198120117e+00
2.329440355300903320e+00
2.329350948333740234e+00
2.329290390014648438e+00
2.329224586486816406e+00
2.329139471054077148e+00
2.329044342041015625e+00
2.328949213027954102e+00
2.328856706619262695e+00
2.328768253326416016e+00
2.328681707382202148e+00
2.328599452972412109e+00
2.328524827957153320e+00
2.328459978103637695e+00
2.328403234481811523e+00
2.328349828720092773e+00
2.328294038772583008e+00
2.328232049942016602e+00
2.328164577484130859e+00
2.328095674514770508e+00
2.328030586242675781e+00
2.327970981597900391e+00
2.327916860580444336e+00
2.327866077423095703e+00
2.327816486358642578e+00
2.327766656875610352e+00
2.327716827392578125e+00
2.327666997909545898e+00
2.327615022659301758e+00
2.327560663223266602e+00
2.327504158020019531e+00
2.327448606491088867e+00
2.327394485473632812e+00
2.327340126037597656e+00
2.327285528182983398e+00
2.327229976654052734e+00
2.327174186706542969e+00
2.327117681503295898e+00
2.327059268951416016e+00
2.326999425888061523e+00
2.326939105987548828e+00
2.326878547668457031e+00
2.326817274093627930e+00
2.326755523681640625e+00
2.326692342758178711e+00
2.326627254486083984e+00
2.326560735702514648e+00
2.326492547988891602e+00
2.326422929763793945e+00
2.326351404190063477e+00
2.326277494430541992e+00
2.326201200485229492e+00
2.326122045516967773e+00
2.326039552688598633e+00
2.325953483581542969e+00
2.325863361358642578e+00
2.325768947601318359e+00
2.325669288635253906e+00
2.325564384460449219e+00
2.325452566146850586e+00
2.325333833694458008e+00
2.325207233428955078e+00
2.325071811676025391e+00
2.324927091598510742e+00
2.324770689010620117e+00
2.324601650238037109e+00
2.324418783187866211e+00
2.324219703674316406e+00
2.323989868164062500e+00
2.323696613311767578e+00
2.323484897613525391e+00
2.323189735412597656e+00
2.322993755340576172e+00
2.322690725326538086e+00
2.322367906570434570e+00
2.322024822235107422e+00
2.321651458740234375e+00
2.321243762969970703e+00
2.320807456970214844e+00
2.320347309112548828e+00
2.319862127304077148e+00
2.319344758987426758e+00
2.318790435791015625e+00
2.318254709243774414e+00
2.317719459533691406e+00
2.317110776901245117e+00
2.316476821899414062e+00
2.315803527832031250e+00
2.315408468246459961e+00
2.314507246017456055e+00
2.313817024230957031e+00
2.313132762908935547e+00
2.312456607818603516e+00
2.311781406402587891e+00
2.311089992523193359e+00
2.310513019561767578e+00
2.310012578964233398e+00
2.309372186660766602e+00
2.308736562728881836e+00
2.308265686035156250e+00
2.307704925537109375e+00
2.306959867477416992e+00
2.306174516677856445e+00
2.305473804473876953e+00
2.304793596267700195e+00
2.304147243499755859e+00
2.303525686264038086e+00
2.302905321121215820e+00
2.302285432815551758e+00
2.301690816879272461e+00
2.301122903823852539e+00
2.300587415695190430e+00
2.300080060958862305e+00
2.299582481384277344e+00
2.299087047576904297e+00
2.298604488372802734e+00
2.298139333724975586e+00
2.297692537307739258e+00
2.297266483306884766e+00
2.296863317489624023e+00
2.296481370925903320e+00
2.296120643615722656e+00
2.295783519744873047e+00
2.295470714569091797e+00
2.295179367065429688e+00
2.294906377792358398e+00
2.294647932052612305e+00
2.294400453567504883e+00
2.294164419174194336e+00
2.293939828872680664e+00
2.293724536895751953e+00
2.293519496917724609e+00
2.293327331542968750e+00
2.293147325515747070e+00
2.292975664138793945e+00
2.292811393737792969e+00
2.292655229568481445e+00
2.292507171630859375e+00
2.292366981506347656e+00
2.292232990264892578e+00
2.292105913162231445e+00
2.291983604431152344e+00
2.291864395141601562e+00
2.291751146316528320e+00
2.291644334793090820e+00
2.291541337966918945e+00
2.291440486907958984e+00
2.291344404220581055e+00
2.291253805160522461e+00
2.291163921356201172e+00
2.291072607040405273e+00
2.290985822677612305e+00
2.290905475616455078e+00
2.290830135345458984e+00
2.290753602981567383e+00
2.290673255920410156e+00
2.290596723556518555e+00
2.290526151657104492e+00
2.290460348129272461e+00
2.290394067764282227e+00
2.290323019027709961e+00
2.290253639221191406e+00
2.290190219879150391e+00
2.290130615234375000e+00
2.290074110031127930e+00
2.290015220642089844e+00
2.289955377578735352e+00
2.289897918701171875e+00
2.289843320846557617e+00
2.289790868759155273e+00
2.289740085601806641e+00
2.289691448211669922e+00
2.289645910263061523e+00
2.289625883102416992e+00
