4.420231628417968750e+01
4.373647308349609375e+01
4.326319122314453125e+01
4.276261138916015625e+01
4.219928359985351562e+01
4.156232070922851562e+01
4.093691253662109375e+01
4.030072402954101562e+01
3.953830337524414062e+01
3.869475936889648438e+01
3.779122543334960938e+01
3.688102722167968750e+01
3.588605880737304688e+01
3.487229919433593750e+01
3.383711624145507812e+01
3.262368774414062500e+01
3.162866973876953125e+01
3.055899620056152344e+01
2.984631538391113281e+01
2.928992652893066406e+01
2.883875656127929688e+01
2.847603797912597656e+01
2.818762969970703125e+01
2.796537208557128906e+01
2.780140113830566406e+01
2.768784523010253906e+01
2.756144332885742188e+01
2.752779579162597656e+01
2.752386856079101562e+01
2.754320907592773438e+01
2.757962417602539062e+01
2.762815666198730469e+01
2.768263626098632812e+01
2.772064018249511719e+01
2.772690200805664062e+01
2.771409606933593750e+01
2.769766616821289062e+01
2.768351936340332031e+01
2.767283630371093750e+01
2.766591262817382812e+01
2.766316986083984375e+01
2.766493988037109375e+01
2.766844940185546875e+01
2.767272758483886719e+01
2.767638015747070312e+01
2.767730522155761719e+01
2.767408752441406250e+01
2.766682815551757812e+01
2.765675354003906250e+01
2.764538192749023438e+01
2.763409614562988281e+01
2.762390136718750000e+01
2.761532974243164062e+01
2.760850334167480469e+01
2.760322189331054688e+01
2.759909439086914062e+01
2.759570121765136719e+01
2.759273338317871094e+01
2.759008789062500000e+01
2.758783531188964844e+01
2.758615112304687500e+01
2.758518600463867188e+01
2.758499336242675781e+01
2.758550834655761719e+01
2.758662414550781250e+01
2.758806037902832031e+01
2.758943939208984375e+01
2.759050750732421875e+01
2.759110260009765625e+01
2.759114837646484375e+01
2.759065628051757812e+01
2.758970451354980469e+01
2.758840370178222656e+01
2.758687019348144531e+01
2.758519363403320312e+01
2.758352088928222656e+01
2.758184623718261719e+01
2.758008956909179688e+01
2.757825279235839844e+01
2.757634544372558594e+01
2.757439231872558594e+01
2.757243156433105469e+01
2.757050132751464844e+01
2.756863212585449219e+01
2.756684112548828125e+01
2.756512641906738281e+01
2.756344795227050781e+01
2.756171226501464844e+01
2.755972099304199219e+01
2.755706214904785156e+01
2.755290412902832031e+01
2.754886436462402344e+01
2.754929351806640625e+01
2.755306816101074219e+01
2.755594635009765625e+01
2.755659103393554688e+01
2.755529785156250000e+01
2.755270767211914062e+01
2.755044174194335938e+01
2.754990768432617188e+01
2.755062484741210938e+01
2.755107116699218750e+01
2.755038833618164062e+01
2.754862594604492188e+01
2.754636192321777344e+01
2.754443550109863281e+01
2.754330635070800781e+01
2.754280662536621094e+01
2.754230308532714844e+01
2.754131507873535156e+01
2.753983306884765625e+01
2.753816032409667969e+01
2.753667068481445312e+01
2.753558158874511719e+01
2.753479957580566406e+01
2.753407478332519531e+01
2.753318786621093750e+01
2.753209114074707031e+01
2.753088188171386719e+01
2.752970504760742188e+01
2.752866554260253906e+01
2.752775001525878906e+01
2.752686119079589844e+01
2.752590370178222656e+01
2.752483749389648438e+01
2.752369880676269531e+01
2.752256202697753906e+01
2.752149200439453125e+01
2.752051162719726562e+01
2.751958847045898438e+01
2.751867675781250000e+01
2.751773643493652344e+01
2.751676559448242188e+01
2.751578903198242188e+01
2.751483917236328125e+01
2.751392745971679688e+01
2.751305580139160156e+01
2.751219940185546875e+01
2.751134681701660156e+01
2.751047897338867188e+01
2.750966262817382812e+01
2.750887298583984375e+01
2.750803947448730469e+01
2.750717163085937500e+01
2.750628089904785156e+01
2.750538063049316406e+01
2.750448608398437500e+01
2.750360488891601562e+01
2.750274085998535156e+01
2.750190353393554688e+01
2.750108528137207031e+01
2.750028228759765625e+01
2.749948692321777344e+01
2.749869537353515625e+01
2.749789237976074219e+01
2.749708175659179688e+01
2.749626541137695312e+01
2.749544334411621094e+01
2.749462699890136719e+01
2.749381828308105469e+01
2.749301719665527344e+01
2.749222373962402344e+01
2.749143600463867188e+01
2.749065399169921875e+01
2.748986816406250000e+01
2.748908424377441406e+01
2.748829650878906250e+01
2.748750877380371094e+01
2.748671913146972656e+01
2.748592567443847656e+01
2.748513221740722656e+01
2.748434066772460938e+01
2.748355102539062500e+01
2.748276329040527344e+01
2.748197937011718750e+01
2.748119544982910156e+01
2.748040962219238281e+01
2.747962570190429688e+01
2.747883987426757812e+01
2.747805213928222656e+01
2.747726249694824219e+01
2.747646331787109375e+01
2.747565460205078125e+01
2.747482299804687500e+01
2.747393989562988281e+01
2.747289466857910156e+01
2.747136497497558594e+01
2.746883201599121094e+01
2.746564102172851562e+01
2.746323966979980469e+01
2.746208953857421875e+01
2.746192741394042969e+01
2.746232414245605469e+01
2.746286582946777344e+01
2.746329116821289062e+01
2.746345520019531250e+01
2.746329879760742188e+01
2.746279525756835938e+01
2.746196556091308594e+01
2.746087265014648438e+01
2.745960044860839844e+01
2.745824241638183594e+01
2.745687484741210938e+01
2.745556259155273438e+01
2.745434761047363281e+01
2.745324897766113281e+01
2.745227050781250000e+01
2.745139694213867188e+01
2.745060920715332031e+01
2.744989013671875000e+01
2.744920539855957031e+01
2.744854164123535156e+01
2.744787216186523438e+01
2.744719123840332031e+01
2.744647789001464844e+01
2.744572830200195312e+01
2.744494438171386719e+01
2.744412994384765625e+01
2.744328689575195312e+01
2.744242286682128906e+01
2.744155502319335938e+01
2.744067955017089844e+01
2.743980789184570312e+01
2.743894004821777344e+01
2.743807792663574219e+01
2.743721961975097656e+01
2.743636322021484375e+01
2.743550872802734375e+01
2.743465042114257812e+01
2.743378829956054688e+01
2.743292045593261719e+01
2.743204498291015625e+01
2.743116188049316406e+01
2.743026161193847656e+01
2.742935562133789062e+01
2.742843437194824219e+01
2.742749786376953125e+01
2.742655181884765625e+01
2.742558670043945312e+01
2.742460823059082031e+01
2.742360877990722656e+01
2.742259788513183594e+01
2.742156982421875000e+01
2.742052841186523438e+01
2.741948509216308594e+01
2.741844749450683594e+01
2.741742324829101562e+01
2.741643142700195312e+01
2.741548347473144531e+01
2.741457939147949219e+01
2.741373252868652344e+01
2.741291809082031250e+01
2.741212081909179688e+01
2.741132736206054688e+01
2.741053581237792969e+01
2.740975570678710938e+01
2.740898704528808594e+01
2.740823554992675781e+01
2.740749740600585938e+01
2.740676116943359375e+01
2.740600967407226562e+01
2.740522193908691406e+01
2.740439224243164062e+01
2.740351867675781250e+01
2.740261840820312500e+01
2.740170288085937500e+01
2.740077972412109375e+01
2.739985084533691406e+01
2.739891242980957031e+01
2.739796638488769531e+01
2.739701652526855469e+01
2.739607429504394531e+01
2.739514160156250000e+01
2.739422416687011719e+01
2.739330863952636719e+01
2.739238548278808594e+01
2.739145088195800781e+01
2.739049720764160156e+01
2.738953208923339844e+01
2.738855552673339844e+01
2.738757896423339844e+01
2.738660621643066406e+01
2.738563728332519531e+01
2.738467407226562500e+01
2.738372230529785156e+01
2.738277435302734375e+01
2.738182449340820312e+01
2.738088035583496094e+01
2.737993049621582031e+01
2.737897682189941406e+01
2.737800788879394531e+01
2.737702941894531250e+01
2.737604904174804688e+01
2.737507247924804688e+01
2.737409973144531250e+01
2.737312126159667969e+01
2.737213897705078125e+01
2.737115859985351562e+01
2.737018203735351562e+01
2.736919021606445312e+01
