4.627251052856445312e+01
4.565607070922851562e+01
4.495682525634765625e+01
4.422007369995117188e+01
4.345140838623046875e+01
4.265406799316406250e+01
4.183029174804687500e+01
4.098193740844726562e+01
4.011088180541992188e+01
3.921934127807617188e+01
3.831005096435546875e+01
3.738641357421875000e+01
3.645252990722656250e+01
3.551313781738281250e+01
3.457352447509765625e+01
3.363933181762695312e+01
3.271646881103515625e+01
3.181092453002929688e+01
3.092859268188476562e+01
3.007511711120605469e+01
2.925575828552246094e+01
2.847529792785644531e+01
2.773793411254882812e+01
2.704736137390136719e+01
2.640618324279785156e+01
2.581605529785156250e+01
2.527792358398437500e+01
2.479165649414062500e+01
2.435641860961914062e+01
2.397048568725585938e+01
2.363162612915039062e+01
2.333706474304199219e+01
2.308302688598632812e+01
2.286514091491699219e+01
2.267871284484863281e+01
2.261153411865234375e+01
2.240384101867675781e+01
2.223955726623535156e+01
2.212333297729492188e+01
2.217221641540527344e+01
2.187117195129394531e+01
2.163600158691406250e+01
2.137693214416503906e+01
2.112148094177246094e+01
2.088320732116699219e+01
2.066930770874023438e+01
2.048289680480957031e+01
2.032423591613769531e+01
2.019194984436035156e+01
2.008359336853027344e+01
1.999579811096191406e+01
1.992489814758300781e+01
1.986770439147949219e+01
1.975080108642578125e+01
1.941338157653808594e+01
1.903025054931640625e+01
1.856868553161621094e+01
1.813869094848632812e+01
1.772782516479492188e+01
1.734468078613281250e+01
1.699361228942871094e+01
1.669039154052734375e+01
1.639670562744140625e+01
1.613746070861816406e+01
1.591462421417236328e+01
1.573323345184326172e+01
1.556132411956787109e+01
1.539824771881103516e+01
1.526318264007568359e+01
1.515826225280761719e+01
1.505686759948730469e+01
1.495187473297119141e+01
1.481946849822998047e+01
1.471519184112548828e+01
1.462306785583496094e+01
1.454027080535888672e+01
1.446693515777587891e+01
1.440220451354980469e+01
1.434445476531982422e+01
1.429209423065185547e+01
1.424413204193115234e+01
1.419990921020507812e+01
1.415858745574951172e+01
1.411936855316162109e+01
1.408439826965332031e+01
1.405165863037109375e+01
1.402200126647949219e+01
1.399553871154785156e+01
1.397161483764648438e+01
1.395019435882568359e+01
1.393157958984375000e+01
1.391688060760498047e+01
1.390579032897949219e+01
1.389003086090087891e+01
1.386640453338623047e+01
1.383932876586914062e+01
1.377946567535400391e+01
1.374139308929443359e+01
1.371507549285888672e+01
1.370812225341796875e+01
1.370474338531494141e+01
1.369847488403320312e+01
1.364309597015380859e+01
1.360272026062011719e+01
1.359963893890380859e+01
1.360096740722656250e+01
1.359522438049316406e+01
1.358714485168457031e+01
1.358314895629882812e+01
1.358108901977539062e+01
1.357966136932373047e+01
1.357849693298339844e+01
1.357789611816406250e+01
1.357725429534912109e+01
1.357601165771484375e+01
1.357390213012695312e+01
1.357110977172851562e+01
1.356789588928222656e+01
1.356433773040771484e+01
1.356056976318359375e+01
1.355673122406005859e+01
1.355262756347656250e+01
1.354766654968261719e+01
1.338025093078613281e+01
1.298198318481445312e+01
1.241276550292968750e+01
1.183788490295410156e+01
1.130127620697021484e+01
1.082855987548828125e+01
1.037655639648437500e+01
9.757863044738769531e+00
8.989702224731445312e+00
8.240482330322265625e+00
7.558227539062500000e+00
6.966188907623291016e+00
6.472039699554443359e+00
6.073031902313232422e+00
5.760385990142822266e+00
5.522572517395019531e+00
5.347045421600341797e+00
5.221158027648925781e+00
5.131468296051025391e+00
5.068203926086425781e+00
5.024129867553710938e+00
4.993187904357910156e+00
4.971093654632568359e+00
4.954895973205566406e+00
4.941921710968017578e+00
4.930999279022216797e+00
4.921504497528076172e+00
4.913387298583984375e+00
4.906690120697021484e+00
4.901223659515380859e+00
4.896935462951660156e+00
4.893865585327148438e+00
4.892025947570800781e+00
4.891335964202880859e+00
4.891633510589599609e+00
4.892597198486328125e+00
4.894071102142333984e+00
4.895867347717285156e+00
4.897797107696533203e+00
4.899765968322753906e+00
4.901790142059326172e+00
4.903879165649414062e+00
4.905785560607910156e+00
4.907627105712890625e+00
4.909338951110839844e+00
4.910914421081542969e+00
4.912369251251220703e+00
4.913769245147705078e+00
4.915187835693359375e+00
4.916609764099121094e+00
4.918036460876464844e+00
4.919267177581787109e+00
4.920469284057617188e+00
4.921562671661376953e+00
4.922569274902343750e+00
4.923627376556396484e+00
4.924737930297851562e+00
4.925822257995605469e+00
4.926870822906494141e+00
4.927886486053466797e+00
4.928822517395019531e+00
4.929661273956298828e+00
4.930449962615966797e+00
4.931215286254882812e+00
4.932042121887207031e+00
4.932945728302001953e+00
4.933915615081787109e+00
4.934924602508544922e+00
4.935917854309082031e+00
4.936874389648437500e+00
4.937730789184570312e+00
4.938519001007080078e+00
4.939331054687500000e+00
4.940170288085937500e+00
4.941036701202392578e+00
4.941938400268554688e+00
4.942855834960937500e+00
4.943760395050048828e+00
4.944680213928222656e+00
4.945644855499267578e+00
4.946564197540283203e+00
4.947431564331054688e+00
4.948342323303222656e+00
4.949294090270996094e+00
4.950208663940429688e+00
4.951075077056884766e+00
4.951930046081542969e+00
4.952772617340087891e+00
4.953542709350585938e+00
4.954224586486816406e+00
4.954888820648193359e+00
4.955601215362548828e+00
4.956324577331542969e+00
4.957036495208740234e+00
4.957811355590820312e+00
4.958624839782714844e+00
4.959341526031494141e+00
4.959919452667236328e+00
4.960486888885498047e+00
4.961212635040283203e+00
4.962146759033203125e+00
4.963216781616210938e+00
4.964287281036376953e+00
4.965314865112304688e+00
4.966275215148925781e+00
4.967049598693847656e+00
4.967596054077148438e+00
4.968041419982910156e+00
4.968540668487548828e+00
4.969162940979003906e+00
4.969815254211425781e+00
4.970414161682128906e+00
4.971050739288330078e+00
4.971736431121826172e+00
4.972420692443847656e+00
4.973149299621582031e+00
4.973883628845214844e+00
4.974615097045898438e+00
4.975443840026855469e+00
4.976301670074462891e+00
4.977102756500244141e+00
4.977950572967529297e+00
4.978873729705810547e+00
4.979846477508544922e+00
4.980855941772460938e+00
4.981890201568603516e+00
4.982985496520996094e+00
4.984046936035156250e+00
4.985026836395263672e+00
4.986090183258056641e+00
4.987225532531738281e+00
4.988305568695068359e+00
4.989407062530517578e+00
4.990523815155029297e+00
4.991564273834228516e+00
4.992531776428222656e+00
4.993511199951171875e+00
4.994484424591064453e+00
4.995427131652832031e+00
4.996435642242431641e+00
4.997468948364257812e+00
4.998467445373535156e+00
4.999485492706298828e+00
5.000556468963623047e+00
5.001564502716064453e+00
5.002429008483886719e+00
5.003147125244140625e+00
5.003744125366210938e+00
5.004383563995361328e+00
5.005231857299804688e+00
5.006241798400878906e+00
5.007271766662597656e+00
5.008206844329833984e+00
5.008999824523925781e+00
5.009728908538818359e+00
5.010511875152587891e+00
5.011388301849365234e+00
5.012312889099121094e+00
5.013211727142333984e+00
5.014134883880615234e+00
5.015279769897460938e+00
5.016860485076904297e+00
5.018877983093261719e+00
5.021195411682128906e+00
5.023588657379150391e+00
5.025774002075195312e+00
5.027633666992187500e+00
5.029239654541015625e+00
5.030799865722656250e+00
5.032451152801513672e+00
5.034235954284667969e+00
5.036019802093505859e+00
5.037611484527587891e+00
5.039050579071044922e+00
5.040343284606933594e+00
5.041449546813964844e+00
5.042525768280029297e+00
