4.782807540893554688e+01
4.710578155517578125e+01
4.634558105468750000e+01
4.554313278198242188e+01
4.470147323608398438e+01
4.382598114013671875e+01
4.292335128784179688e+01
4.200138854980468750e+01
4.106916809082031250e+01
4.013692092895507812e+01
3.921571731567382812e+01
3.831740570068359375e+01
3.745413208007812500e+01
3.663711547851562500e+01
3.587705612182617188e+01
3.518304824829101562e+01
3.455548858642578125e+01
3.396723937988281250e+01
3.350334167480468750e+01
3.311560440063476562e+01
3.279952239990234375e+01
3.254882431030273438e+01
3.235623931884765625e+01
3.221416091918945312e+01
3.211520385742187500e+01
3.205253219604492188e+01
3.201998519897460938e+01
3.201208114624023438e+01
3.202393722534179688e+01
3.205118560791015625e+01
3.208987808227539062e+01
3.213645172119140625e+01
3.218775177001953125e+01
3.224100112915039062e+01
3.238202285766601562e+01
3.240830993652343750e+01
3.240792846679687500e+01
3.240084457397460938e+01
3.242134475708007812e+01
3.247243881225585938e+01
3.254219436645507812e+01
3.271171188354492188e+01
3.243261718750000000e+01
3.237292480468750000e+01
3.233605194091796875e+01
3.229695892333984375e+01
3.225566864013671875e+01
3.221556472778320312e+01
3.216564941406250000e+01
3.215383529663085938e+01
3.206973648071289062e+01
3.197310256958007812e+01
3.185719871520996094e+01
3.180316734313964844e+01
3.245420074462890625e+01
3.223446273803710938e+01
3.164856529235839844e+01
3.158346557617187500e+01
3.155150413513183594e+01
3.155967903137207031e+01
3.156909370422363281e+01
3.157665061950683594e+01
3.153160285949707031e+01
3.150437355041503906e+01
3.150246047973632812e+01
3.151235008239746094e+01
3.151601600646972656e+01
3.151696586608886719e+01
3.152277183532714844e+01
3.153203201293945312e+01
3.154467010498046875e+01
3.156138229370117188e+01
3.157690620422363281e+01
3.159150123596191406e+01
3.158444213867187500e+01
3.156612014770507812e+01
3.155212783813476562e+01
3.154816246032714844e+01
3.154929161071777344e+01
3.154268836975097656e+01
3.152071189880371094e+01
3.149491310119628906e+01
3.147999382019042969e+01
3.147692871093750000e+01
3.145808410644531250e+01
3.144778060913085938e+01
3.144211959838867188e+01
3.143991470336914062e+01
3.143995285034179688e+01
3.141761779785156250e+01
3.140213394165039062e+01
3.139888191223144531e+01
3.140455245971679688e+01
3.138471603393554688e+01
3.137393569946289062e+01
3.137384223937988281e+01
3.137791633605957031e+01
3.137554931640625000e+01
3.135868835449218750e+01
3.134848022460937500e+01
3.134257698059082031e+01
3.133976364135742188e+01
3.132845306396484375e+01
3.132880783081054688e+01
3.133964157104492188e+01
3.135122299194335938e+01
3.132936096191406250e+01
3.130510902404785156e+01
3.128758430480957031e+01
3.126014709472656250e+01
3.122265625000000000e+01
3.118714523315429688e+01
3.115836143493652344e+01
3.114091682434082031e+01
3.112061882019042969e+01
3.109792327880859375e+01
3.108013725280761719e+01
3.106558036804199219e+01
3.105060768127441406e+01
3.104668426513671875e+01
3.104704856872558594e+01
3.106082344055175781e+01
3.107838821411132812e+01
3.106939506530761719e+01
3.103421401977539062e+01
3.100613975524902344e+01
3.097285842895507812e+01
3.095616722106933594e+01
3.095106887817382812e+01
3.093464851379394531e+01
3.091592788696289062e+01
3.090021324157714844e+01
3.087690353393554688e+01
3.084648323059082031e+01
3.081346130371093750e+01
3.078335189819335938e+01
3.076054954528808594e+01
3.074335289001464844e+01
3.072853660583496094e+01
3.071449851989746094e+01
3.070170021057128906e+01
3.069083213806152344e+01
3.068177223205566406e+01
3.067435646057128906e+01
3.066857147216796875e+01
3.066439628601074219e+01
3.066163444519042969e+01
3.065996742248535156e+01
3.065907859802246094e+01
3.065866279602050781e+01
3.065851783752441406e+01
3.065855789184570312e+01
3.065877723693847656e+01
3.065921401977539062e+01
3.065991401672363281e+01
3.066085815429687500e+01
3.066193199157714844e+01
3.066296005249023438e+01
3.066378974914550781e+01
3.066432571411132812e+01
3.066457939147949219e+01
3.066462707519531250e+01
3.066457176208496094e+01
3.066448974609375000e+01
3.066440391540527344e+01
3.066430854797363281e+01
3.066416358947753906e+01
3.066394615173339844e+01
3.066364860534667969e+01
3.066155242919921875e+01
3.065935134887695312e+01
3.065942001342773438e+01
3.066120147705078125e+01
3.066357803344726562e+01
3.066345596313476562e+01
3.066000747680664062e+01
3.065755462646484375e+01
3.065799713134765625e+01
3.066058921813964844e+01
3.066403770446777344e+01
3.066487503051757812e+01
3.066174888610839844e+01
3.065896224975585938e+01
3.065868377685546875e+01
3.066040229797363281e+01
3.066313171386718750e+01
3.066395378112792969e+01
3.066146469116210938e+01
3.065919876098632812e+01
3.065908050537109375e+01
3.066063308715820312e+01
3.066295051574707031e+01
3.066340065002441406e+01
3.066087150573730469e+01
3.065873146057128906e+01
3.065869903564453125e+01
3.066029167175292969e+01
3.066264343261718750e+01
3.066318893432617188e+01
3.066082954406738281e+01
3.065878105163574219e+01
3.065871047973632812e+01
3.066019058227539062e+01
3.066243362426757812e+01
3.066302299499511719e+01
3.066089057922363281e+01
3.065902900695800781e+01
3.065899848937988281e+01
3.066041755676269531e+01
3.066253471374511719e+01
3.066308021545410156e+01
3.066106224060058594e+01
3.065931701660156250e+01
3.065931510925292969e+01
3.066069793701171875e+01
3.066273689270019531e+01
3.066326141357421875e+01
3.066133499145507812e+01
3.065966224670410156e+01
3.065965652465820312e+01
3.066097831726074219e+01
3.066194725036621094e+01
3.066130447387695312e+01
3.066073036193847656e+01
3.066129875183105469e+01
3.066261482238769531e+01
3.066303443908691406e+01
3.066171836853027344e+01
3.066071701049804688e+01
3.066113281250000000e+01
3.066255378723144531e+01
3.066332054138183594e+01
3.066234016418457031e+01
3.066143226623535156e+01
3.066171264648437500e+01
3.066284942626953125e+01
3.066332435607910156e+01
3.066223716735839844e+01
3.066137313842773438e+01
3.066176223754882812e+01
3.066301727294921875e+01
3.066359519958496094e+01
3.066254234313964844e+01
3.066163825988769531e+01
3.066192817687988281e+01
3.066307258605957031e+01
3.066360855102539062e+01
3.066262054443359375e+01
3.066180419921875000e+01
3.066215515136718750e+01
3.066332244873046875e+01
3.066385078430175781e+01
3.066284751892089844e+01
3.066201210021972656e+01
3.066233253479003906e+01
3.066348457336425781e+01
3.066402435302734375e+01
3.066305923461914062e+01
3.066224861145019531e+01
3.066324424743652344e+01
3.066447639465332031e+01
3.066355323791503906e+01
3.066149330139160156e+01
3.066104316711425781e+01
3.066255760192871094e+01
3.066371536254882812e+01
3.066324806213378906e+01
3.066282081604003906e+01
3.066370582580566406e+01
3.066584587097167969e+01
3.066876411437988281e+01
3.066992568969726562e+01
3.066919517517089844e+01
3.066972351074218750e+01
3.067371177673339844e+01
3.068279647827148438e+01
3.070353507995605469e+01
3.079356384277343750e+01
3.078473854064941406e+01
3.072085762023925781e+01
3.062539863586425781e+01
3.060956001281738281e+01
3.060152435302734375e+01
3.060872268676757812e+01
3.060952758789062500e+01
3.059749412536621094e+01
3.057839775085449219e+01
3.059000015258789062e+01
3.059202384948730469e+01
3.060009765625000000e+01
3.060107612609863281e+01
3.059975814819335938e+01
3.059856796264648438e+01
3.060267257690429688e+01
3.058385658264160156e+01
3.058016204833984375e+01
3.057633209228515625e+01
3.058204269409179688e+01
3.058104896545410156e+01
3.058687400817871094e+01
