1.696607589721679688e+01
1.660406875610351562e+01
1.622022438049316406e+01
1.580538368225097656e+01
1.539299297332763672e+01
1.496483898162841797e+01
1.450843811035156250e+01
1.393735885620117188e+01
1.334653568267822266e+01
1.278168678283691406e+01
1.223242950439453125e+01
1.166802310943603516e+01
1.120823097229003906e+01
1.082127285003662109e+01
1.047928333282470703e+01
1.017102432250976562e+01
9.853847503662109375e+00
9.572734832763671875e+00
9.349811553955078125e+00
9.187785148620605469e+00
9.066404342651367188e+00
8.974934577941894531e+00
8.907985687255859375e+00
8.896053314208984375e+00
8.870196342468261719e+00
8.907499313354492188e+00
8.862933158874511719e+00
8.812475204467773438e+00
8.777543067932128906e+00
8.749489784240722656e+00
8.722497940063476562e+00
8.697674751281738281e+00
8.669235229492187500e+00
8.642775535583496094e+00
8.620104789733886719e+00
8.592261314392089844e+00
8.568018913269042969e+00
8.545416831970214844e+00
8.518973350524902344e+00
8.487471580505371094e+00
8.453712463378906250e+00
8.420443534851074219e+00
8.388450622558593750e+00
8.358522415161132812e+00
8.332067489624023438e+00
8.309775352478027344e+00
8.291563034057617188e+00
8.277082443237304688e+00
8.265815734863281250e+00
8.257015228271484375e+00
8.249904632568359375e+00
8.243642807006835938e+00
8.237319946289062500e+00
8.230110168457031250e+00
8.221453666687011719e+00
8.211178779602050781e+00
8.199504852294921875e+00
8.187115669250488281e+00
8.172571182250976562e+00
8.156564712524414062e+00
8.141650199890136719e+00
8.128404617309570312e+00
8.115385055541992188e+00
8.101735115051269531e+00
8.089448928833007812e+00
8.078639984130859375e+00
8.069386482238769531e+00
8.061311721801757812e+00
8.053096771240234375e+00
8.044735908508300781e+00
8.037413597106933594e+00
8.030285835266113281e+00
8.022942543029785156e+00
8.016422271728515625e+00
8.010394096374511719e+00
8.004466056823730469e+00
7.998034477233886719e+00
7.990818023681640625e+00
7.983126640319824219e+00
7.975408554077148438e+00
7.968083381652832031e+00
7.961447715759277344e+00
7.955623626708984375e+00
7.950564861297607422e+00
7.946090698242187500e+00
7.941951751708984375e+00
7.937896728515625000e+00
7.933744430541992188e+00
7.929404735565185547e+00
7.924893379211425781e+00
7.920299530029296875e+00
7.915745735168457031e+00
7.911346435546875000e+00
7.907179355621337891e+00
7.903264045715332031e+00
7.899575233459472656e+00
7.896053314208984375e+00
7.891571044921875000e+00
7.886822223663330078e+00
7.883303642272949219e+00
7.880397319793701172e+00
7.877521991729736328e+00
7.874695777893066406e+00
7.872287750244140625e+00
7.870416164398193359e+00
7.867691993713378906e+00
7.863439083099365234e+00
7.858578681945800781e+00
7.854835510253906250e+00
7.852183818817138672e+00
7.849710941314697266e+00
7.848299503326416016e+00
7.847466945648193359e+00
7.845912456512451172e+00
7.843533515930175781e+00
7.841304302215576172e+00
7.839452266693115234e+00
7.832207202911376953e+00
7.795473575592041016e+00
7.830966949462890625e+00
7.849551677703857422e+00
7.846606254577636719e+00
7.835752010345458984e+00
7.824358463287353516e+00
7.815915107727050781e+00
7.810658454895019531e+00
7.803519725799560547e+00
7.774111747741699219e+00
7.777987003326416016e+00
7.800063610076904297e+00
7.784003257751464844e+00
7.785623073577880859e+00
7.800580024719238281e+00
7.781653404235839844e+00
7.779789924621582031e+00
7.790838241577148438e+00
7.784833908081054688e+00
7.782667636871337891e+00
7.783989429473876953e+00
7.787861347198486328e+00
7.783533096313476562e+00
7.780482769012451172e+00
7.779739856719970703e+00
7.779101371765136719e+00
7.777027606964111328e+00
7.775167942047119141e+00
7.773308753967285156e+00
7.772603034973144531e+00
7.772447586059570312e+00
7.770699977874755859e+00
7.768765926361083984e+00
7.767720222473144531e+00
7.767052650451660156e+00
7.765726566314697266e+00
7.763903617858886719e+00
7.762488842010498047e+00
7.761742591857910156e+00
7.760922431945800781e+00
7.759733200073242188e+00
7.759000301361083984e+00
7.758690357208251953e+00
7.758098602294921875e+00
7.757162094116210938e+00
7.756106853485107422e+00
7.755099296569824219e+00
7.754114627838134766e+00
7.753107070922851562e+00
7.752331733703613281e+00
7.751670360565185547e+00
7.750891685485839844e+00
7.750152111053466797e+00
7.749510765075683594e+00
7.748868465423583984e+00
7.748427391052246094e+00
7.747985363006591797e+00
7.747283458709716797e+00
7.746573925018310547e+00
7.745917320251464844e+00
7.745160579681396484e+00
7.744193077087402344e+00
7.743281841278076172e+00
7.742058753967285156e+00
7.739484310150146484e+00
7.736803054809570312e+00
7.736222267150878906e+00
7.737355709075927734e+00
7.736725807189941406e+00
7.734874248504638672e+00
7.736832618713378906e+00
7.737363815307617188e+00
7.740375041961669922e+00
7.719398498535156250e+00
7.706606388092041016e+00
7.697216987609863281e+00
7.690043926239013672e+00
7.684952735900878906e+00
7.682180404663085938e+00
7.679695606231689453e+00
7.674309253692626953e+00
7.670442104339599609e+00
7.667939662933349609e+00
7.666729450225830078e+00
7.666721343994140625e+00
7.667299270629882812e+00
7.666791915893554688e+00
7.664218425750732422e+00
7.661486148834228516e+00
7.659770488739013672e+00
7.659246921539306641e+00
7.659458637237548828e+00
7.659780502319335938e+00
7.659609317779541016e+00
7.658986568450927734e+00
7.658642768859863281e+00
7.658821105957031250e+00
7.659058570861816406e+00
7.658912658691406250e+00
7.658332824707031250e+00
7.657669544219970703e+00
7.657179355621337891e+00
7.656595230102539062e+00
7.655784606933593750e+00
7.655116081237792969e+00
7.654608726501464844e+00
7.654067039489746094e+00
7.653688907623291016e+00
7.653523445129394531e+00
7.652891159057617188e+00
7.651813030242919922e+00
7.651049137115478516e+00
7.650781154632568359e+00
7.650379657745361328e+00
7.649442195892333984e+00
7.648692131042480469e+00
7.648509979248046875e+00
7.648530960083007812e+00
7.648239135742187500e+00
7.647807121276855469e+00
7.647456645965576172e+00
7.646869659423828125e+00
7.646242618560791016e+00
7.646038055419921875e+00
7.646102905273437500e+00
7.645866394042968750e+00
7.645453453063964844e+00
7.645074844360351562e+00
7.643889904022216797e+00
7.643177986145019531e+00
7.642919540405273438e+00
7.644689083099365234e+00
7.649877071380615234e+00
7.648800849914550781e+00
7.650004863739013672e+00
7.654713630676269531e+00
7.654161930084228516e+00
7.650382518768310547e+00
7.647676467895507812e+00
7.647873401641845703e+00
7.649975776672363281e+00
7.650556564331054688e+00
7.653530597686767578e+00
7.656725883483886719e+00
7.659768581390380859e+00
7.659601688385009766e+00
7.657224655151367188e+00
7.654312133789062500e+00
7.652832031250000000e+00
7.652394771575927734e+00
7.654259681701660156e+00
7.657654285430908203e+00
7.671749114990234375e+00
7.658059120178222656e+00
7.662297725677490234e+00
8.054449081420898438e+00
8.052753448486328125e+00
8.042648315429687500e+00
8.028162956237792969e+00
8.017210960388183594e+00
8.006807327270507812e+00
8.000326156616210938e+00
7.989437103271484375e+00
7.975817680358886719e+00
7.960950374603271484e+00
7.947852611541748047e+00
7.937840461730957031e+00
7.931077957153320312e+00
7.927025794982910156e+00
7.924434185028076172e+00
7.921606063842773438e+00
7.917934417724609375e+00
7.913857936859130859e+00
7.912408351898193359e+00
7.906310081481933594e+00
7.905191898345947266e+00
7.904547691345214844e+00
7.902954578399658203e+00
7.900253772735595703e+00
7.897281646728515625e+00
7.894812107086181641e+00
7.893033027648925781e+00
