2.420740127563476562e+00
2.353328704833984375e+00
2.284718751907348633e+00
2.218037128448486328e+00
2.154857397079467773e+00
2.096343994140625000e+00
2.043230533599853516e+00
1.996356844902038574e+00
1.956100583076477051e+00
1.922446012496948242e+00
1.895057201385498047e+00
1.873522162437438965e+00
1.857222437858581543e+00
1.845469117164611816e+00
1.837577462196350098e+00
1.832909464836120605e+00
1.830886244773864746e+00
1.831031322479248047e+00
1.832892417907714844e+00
1.836004376411437988e+00
1.839965820312500000e+00
1.844435334205627441e+00
1.849126100540161133e+00
1.853799700736999512e+00
1.858263850212097168e+00
1.862370014190673828e+00
1.866012215614318848e+00
1.869124770164489746e+00
1.871676445007324219e+00
1.873666405677795410e+00
1.875122666358947754e+00
1.876088738441467285e+00
1.876611351966857910e+00
1.876748085021972656e+00
1.876567363739013672e+00
1.876137256622314453e+00
1.875524044036865234e+00
1.874776244163513184e+00
1.871307134628295898e+00
1.870038390159606934e+00
1.868152976036071777e+00
1.864536762237548828e+00
1.855713486671447754e+00
1.839929342269897461e+00
1.809256076812744141e+00
1.774930238723754883e+00
1.729671597480773926e+00
1.689769387245178223e+00
1.669798016548156738e+00
1.669374227523803711e+00
1.665333271026611328e+00
1.660285472869873047e+00
1.654501676559448242e+00
1.647960305213928223e+00
1.638906359672546387e+00
1.618728518486022949e+00
1.609884500503540039e+00
1.601983428001403809e+00
1.595432043075561523e+00
1.590421438217163086e+00
1.586891531944274902e+00
1.584561109542846680e+00
1.583038568496704102e+00
1.581982731819152832e+00
1.581206798553466797e+00
1.580660820007324219e+00
1.580333352088928223e+00
1.580173850059509277e+00
1.580088615417480469e+00
1.579987764358520508e+00
1.579826354980468750e+00
1.579604983329772949e+00
1.579335570335388184e+00
1.579015254974365234e+00
1.578638792037963867e+00
1.578206419944763184e+00
1.577740311622619629e+00
1.577277660369873047e+00
1.576854825019836426e+00
1.576494932174682617e+00
1.576206088066101074e+00
1.575986623764038086e+00
1.575831055641174316e+00
1.575725555419921875e+00
1.575650572776794434e+00
1.575586438179016113e+00
1.575520873069763184e+00
1.575452089309692383e+00
1.575383305549621582e+00
1.575320720672607422e+00
1.575268149375915527e+00
1.575223326683044434e+00
1.575181007385253906e+00
1.575137138366699219e+00
1.575093507766723633e+00
1.575052142143249512e+00
1.575009822845458984e+00
1.574966669082641602e+00
1.574928998947143555e+00
1.574900746345520020e+00
1.574876785278320312e+00
1.574852824211120605e+00
1.574833035469055176e+00
1.574819922447204590e+00
1.574806213378906250e+00
1.574788451194763184e+00
1.574772596359252930e+00
1.574762225151062012e+00
1.574750423431396484e+00
1.574734568595886230e+00
1.574723124504089355e+00
1.574721574783325195e+00
1.574718117713928223e+00
1.574707508087158203e+00
1.574700713157653809e+00
1.574703454971313477e+00
1.574701666831970215e+00
1.574688553810119629e+00
1.574681758880615234e+00
1.574688315391540527e+00
1.574688911437988281e+00
1.574677467346191406e+00
1.574673414230346680e+00
1.574676275253295898e+00
1.574681758880615234e+00
1.574683666229248047e+00
1.574674963951110840e+00
1.574681282043457031e+00
1.574694037437438965e+00
1.574691891670227051e+00
1.574691414833068848e+00
1.574700951576232910e+00
1.574705719947814941e+00
1.574700713157653809e+00
1.574699401855468750e+00
1.574701428413391113e+00
1.574699401855468750e+00
1.574702143669128418e+00
1.574707746505737305e+00
1.574708700180053711e+00
1.574713230133056641e+00
1.574718475341796875e+00
1.574716687202453613e+00
1.574717164039611816e+00
1.574718832969665527e+00
1.574715614318847656e+00
1.574716210365295410e+00
1.574719071388244629e+00
1.574717521667480469e+00
1.574720025062561035e+00
1.574723362922668457e+00
1.574720501899719238e+00
1.574721574783325195e+00
1.574724435806274414e+00
1.574722528457641602e+00
1.574724435806274414e+00
1.574727654457092285e+00
1.574726223945617676e+00
1.574727416038513184e+00
1.574729561805725098e+00
1.574726939201354980e+00
1.574726939201354980e+00
1.574728250503540039e+00
1.574725985527038574e+00
1.574726819992065430e+00
1.574728608131408691e+00
1.574725389480590820e+00
1.574724912643432617e+00
1.574726462364196777e+00
1.574724793434143066e+00
1.574725389480590820e+00
1.574726700782775879e+00
1.574724435806274414e+00
1.574724912643432617e+00
1.574725866317749023e+00
1.574722528457641602e+00
1.574721574783325195e+00
1.574722647666931152e+00
1.574720263481140137e+00
1.574720501899719238e+00
1.574721932411193848e+00
1.574720025062561035e+00
1.574722051620483398e+00
1.574724078178405762e+00
1.574721097946166992e+00
1.574720501899719238e+00
1.574722528457641602e+00
1.574722886085510254e+00
1.574724793434143066e+00
1.574726939201354980e+00
1.574725747108459473e+00
1.574725508689880371e+00
1.574726462364196777e+00
1.574724793434143066e+00
1.574725031852722168e+00
1.574726462364196777e+00
1.574725747108459473e+00
1.574725985527038574e+00
1.574725031852722168e+00
1.574720263481140137e+00
1.574717164039611816e+00
1.574716329574584961e+00
1.574715852737426758e+00
1.574719071388244629e+00
1.574721097946166992e+00
1.574715733528137207e+00
1.574707984924316406e+00
1.574704170227050781e+00
1.574704766273498535e+00
1.574706673622131348e+00
1.574709057807922363e+00
1.574713945388793945e+00
1.574719667434692383e+00
1.574723124504089355e+00
1.574724078178405762e+00
1.574724793434143066e+00
1.574724435806274414e+00
1.574720740318298340e+00
1.574716567993164062e+00
1.574714303016662598e+00
1.574713349342346191e+00
1.574710845947265625e+00
1.574707269668579102e+00
1.574706077575683594e+00
1.574706673622131348e+00
1.574706792831420898e+00
1.574708580970764160e+00
1.574710369110107422e+00
1.574709057807922363e+00
1.574707984924316406e+00
1.574706673622131348e+00
1.574703216552734375e+00
1.574701309204101562e+00
1.574701189994812012e+00
1.574700355529785156e+00
1.574701666831970215e+00
1.574702620506286621e+00
1.574697852134704590e+00
1.574690818786621094e+00
1.574687361717224121e+00
1.574686765670776367e+00
1.574686765670776367e+00
1.574687719345092773e+00
1.574692130088806152e+00
1.574697613716125488e+00
1.574698448181152344e+00
1.574694991111755371e+00
1.574692726135253906e+00
1.574691414833068848e+00
1.574688911437988281e+00
1.574688553810119629e+00
1.574689030647277832e+00
1.574687361717224121e+00
1.574684977531433105e+00
1.574685454368591309e+00
1.574687242507934570e+00
1.574686408042907715e+00
1.574684023857116699e+00
1.574683547019958496e+00
1.574684143066406250e+00
1.574682235717773438e+00
1.574679255485534668e+00
1.574678897857666016e+00
1.574680209159851074e+00
1.574679136276245117e+00
1.574676871299743652e+00
1.574677228927612305e+00
1.574678897857666016e+00
1.574677348136901855e+00
1.574674010276794434e+00
1.574672698974609375e+00
1.574673652648925781e+00
1.574674606323242188e+00
1.574676990509033203e+00
1.574679732322692871e+00
1.574678778648376465e+00
1.574676513671875000e+00
1.574675917625427246e+00
1.574675798416137695e+00
1.574671030044555664e+00
1.574663043022155762e+00
1.574657678604125977e+00
1.574654817581176758e+00
1.574656248092651367e+00
1.574659705162048340e+00
1.574661016464233398e+00
1.574662923812866211e+00
1.574666142463684082e+00
1.574668645858764648e+00
1.574669003486633301e+00
1.574667215347290039e+00
1.574666619300842285e+00
1.574669003486633301e+00
1.574671626091003418e+00
1.574668765068054199e+00
1.574661135673522949e+00
1.574653387069702148e+00
1.574647665023803711e+00
1.574646115303039551e+00
1.574647545814514160e+00
