3.438511371612548828e+00
3.220356702804565430e+00
2.969624280929565430e+00
2.676312923431396484e+00
2.392942905426025391e+00
2.146398782730102539e+00
1.942587256431579590e+00
1.779721617698669434e+00
1.653322458267211914e+00
1.556778550148010254e+00
1.466978192329406738e+00
1.388776779174804688e+00
1.328553795814514160e+00
1.288412570953369141e+00
1.265938162803649902e+00
1.259076237678527832e+00
1.261587858200073242e+00
1.266455292701721191e+00
1.261901497840881348e+00
1.250010609626770020e+00
1.240120053291320801e+00
1.218813300132751465e+00
1.199028372764587402e+00
1.185406446456909180e+00
1.175715923309326172e+00
1.167949914932250977e+00
1.161145806312561035e+00
1.155196905136108398e+00
1.150524139404296875e+00
1.147133588790893555e+00
1.144421577453613281e+00
1.141749858856201172e+00
1.138556122779846191e+00
1.134409070014953613e+00
1.129143595695495605e+00
1.122809648513793945e+00
1.115908861160278320e+00
1.108971953392028809e+00
1.102169752120971680e+00
1.095557570457458496e+00
1.089379668235778809e+00
1.083656072616577148e+00
1.078240990638732910e+00
1.072961091995239258e+00
1.067671060562133789e+00
1.062295913696289062e+00
1.056765079498291016e+00
1.051009893417358398e+00
1.044949650764465332e+00
1.038572072982788086e+00
1.031883120536804199e+00
1.024848341941833496e+00
1.017468452453613281e+00
1.009781122207641602e+00
1.001580834388732910e+00
9.928297400474548340e-01
9.836114645004272461e-01
9.741318821907043457e-01
9.648947119712829590e-01
9.562702775001525879e-01
9.483531713485717773e-01
9.409508705139160156e-01
9.340870380401611328e-01
9.279991388320922852e-01
9.227955341339111328e-01
9.184654951095581055e-01
9.149077534675598145e-01
9.119617938995361328e-01
9.094426035881042480e-01
9.071708321571350098e-01
9.049949049949645996e-01
9.028090238571166992e-01
9.008265733718872070e-01
8.991712927818298340e-01
8.976614475250244141e-01
8.960927724838256836e-01
8.942312598228454590e-01
8.917451500892639160e-01
8.888733386993408203e-01
8.859352469444274902e-01
8.829518556594848633e-01
8.798412084579467773e-01
8.777381181716918945e-01
8.768492937088012695e-01
8.762605786323547363e-01
8.754585385322570801e-01
8.746321201324462891e-01
8.740149140357971191e-01
8.731972575187683105e-01
8.731019496917724609e-01
8.736122250556945801e-01
8.738998770713806152e-01
8.745232820510864258e-01
8.749361634254455566e-01
8.876399993896484375e-01
8.739254474639892578e-01
8.736563920974731445e-01
8.733227849006652832e-01
8.729141950607299805e-01
8.729999661445617676e-01
8.732988834381103516e-01
8.734052777290344238e-01
8.734695911407470703e-01
8.738563656806945801e-01
8.742623925209045410e-01
8.742712736129760742e-01
8.742515444755554199e-01
8.742554783821105957e-01
8.739145994186401367e-01
8.735153079032897949e-01
8.732698559761047363e-01
8.729155659675598145e-01
8.727071285247802734e-01
8.726772069931030273e-01
8.725557923316955566e-01
8.724563121795654297e-01
8.724504709243774414e-01
8.722302913665771484e-01
8.720657229423522949e-01
8.719871044158935547e-01
8.719555735588073730e-01
8.717547655105590820e-01
8.716234564781188965e-01
8.714070320129394531e-01
8.712211847305297852e-01
8.711392879486083984e-01
8.709829449653625488e-01
8.708202242851257324e-01
8.707268238067626953e-01
8.705284595489501953e-01
8.703179955482482910e-01
8.701420426368713379e-01
8.699560165405273438e-01
8.697457909584045410e-01
8.633051514625549316e-01
8.372869491577148438e-01
8.381567597389221191e-01
8.383550047874450684e-01
8.386583328247070312e-01
8.391243219375610352e-01
8.395991921424865723e-01
8.396877050399780273e-01
8.390813469886779785e-01
8.349201679229736328e-01
8.092378973960876465e-01
8.013982176780700684e-01
8.012755513191223145e-01
8.033736348152160645e-01
8.051080703735351562e-01
8.050137758255004883e-01
8.047925233840942383e-01
8.045685887336730957e-01
8.044458031654357910e-01
8.043196201324462891e-01
8.041623234748840332e-01
8.040573000907897949e-01
8.040214180946350098e-01
8.039426207542419434e-01
8.037880659103393555e-01
8.036475777626037598e-01
8.035458326339721680e-01
8.034167289733886719e-01
8.032579421997070312e-01
8.031184077262878418e-01
8.029877543449401855e-01
8.028487563133239746e-01
8.027080893516540527e-01
8.025731444358825684e-01
8.024410009384155273e-01
8.023056983947753906e-01
8.021664619445800781e-01
8.020300269126892090e-01
8.018999099731445312e-01
8.017716407775878906e-01
8.016491532325744629e-01
8.015387058258056641e-01
8.014366626739501953e-01
8.013382554054260254e-01
8.012453913688659668e-01
8.011555671691894531e-01
8.010594844818115234e-01
8.009611964225769043e-01
8.008619546890258789e-01
8.007620573043823242e-01
8.006694316864013672e-01
8.005741238594055176e-01
8.004778027534484863e-01
8.003776669502258301e-01
8.002736568450927734e-01
8.001710772514343262e-01
8.000624775886535645e-01
7.999495863914489746e-01
7.998346090316772461e-01
7.997215986251831055e-01
7.996116876602172852e-01
7.995072603225708008e-01
7.994087338447570801e-01
7.993152737617492676e-01
7.992230653762817383e-01
7.991309762001037598e-01
7.990386486053466797e-01
7.989454269409179688e-01
7.988482117652893066e-01
7.987481951713562012e-01
7.986460328102111816e-01
7.985430359840393066e-01
7.984401583671569824e-01
7.983390092849731445e-01
7.982383370399475098e-01
7.981384992599487305e-01
7.980400919914245605e-01
7.979426383972167969e-01
7.978433370590209961e-01
7.977361679077148438e-01
7.976276874542236328e-01
7.975280284881591797e-01
7.974304556846618652e-01
7.973252534866333008e-01
7.972351312637329102e-01
7.971510887145996094e-01
7.970480322837829590e-01
7.969156503677368164e-01
7.967910170555114746e-01
7.966628074645996094e-01
7.965130805969238281e-01
7.964179515838623047e-01
7.963232398033142090e-01
7.962698340415954590e-01
7.961460351943969727e-01
7.959953546524047852e-01
7.959079146385192871e-01
7.958061099052429199e-01
7.957512736320495605e-01
7.956697940826416016e-01
7.955728173255920410e-01
7.954794764518737793e-01
7.953861951828002930e-01
7.952280640602111816e-01
7.950647473335266113e-01
7.952097058296203613e-01
7.950486540794372559e-01
7.949360013008117676e-01
7.951635718345642090e-01
7.954648137092590332e-01
7.954248189926147461e-01
7.949802875518798828e-01
7.944762706756591797e-01
7.941902279853820801e-01
7.940618991851806641e-01
7.940018177032470703e-01
7.938897609710693359e-01
7.937521934509277344e-01
7.936300635337829590e-01
7.935301661491394043e-01
7.934521436691284180e-01
7.934221625328063965e-01
7.934349775314331055e-01
7.934134006500244141e-01
7.932887673377990723e-01
7.930843830108642578e-01
7.928865551948547363e-01
7.927575707435607910e-01
7.926694750785827637e-01
7.926082611083984375e-01
7.925714254379272461e-01
7.925752997398376465e-01
7.925878763198852539e-01
7.924947738647460938e-01
7.922799587249755859e-01
7.921983599662780762e-01
7.923074960708618164e-01
7.921845316886901855e-01
7.921145558357238770e-01
7.923001050949096680e-01
7.925634384155273438e-01
7.924259305000305176e-01
7.920394539833068848e-01
7.918907403945922852e-01
7.918459773063659668e-01
7.917884588241577148e-01
7.918438315391540527e-01
7.918164134025573730e-01
7.917681932449340820e-01
7.917085289955139160e-01
7.916114926338195801e-01
7.915472984313964844e-01
7.914209961891174316e-01
7.913460135459899902e-01
7.913110852241516113e-01
7.913504242897033691e-01
7.913212180137634277e-01
7.912790775299072266e-01
7.912642359733581543e-01
7.911713123321533203e-01
7.910884618759155273e-01
7.909919619560241699e-01
7.910628914833068848e-01
7.910681366920471191e-01
7.909810543060302734e-01
7.908108234405517578e-01
