4.462328720092773438e+01
4.416823959350585938e+01
4.369689559936523438e+01
4.315489959716796875e+01
4.253556442260742188e+01
4.185220718383789062e+01
4.121271896362304688e+01
4.056480789184570312e+01
3.991025543212890625e+01
3.925038909912109375e+01
3.857628631591796875e+01
3.789586257934570312e+01
3.721446228027343750e+01
3.653741455078125000e+01
3.586807250976562500e+01
3.519997024536132812e+01
3.457169723510742188e+01
3.395467758178710938e+01
3.338063049316406250e+01
3.284289550781250000e+01
3.234516906738281250e+01
3.188937759399414062e+01
3.147747421264648438e+01
3.111010742187500000e+01
3.079595565795898438e+01
3.049315071105957031e+01
3.021393966674804688e+01
2.998398017883300781e+01
2.978013992309570312e+01
2.960825920104980469e+01
2.949327468872070312e+01
2.942116546630859375e+01
2.937370491027832031e+01
2.935360145568847656e+01
2.932392501831054688e+01
2.928380584716796875e+01
2.924322700500488281e+01
2.921955108642578125e+01
2.922428131103515625e+01
2.922486495971679688e+01
2.924312973022460938e+01
2.927530670166015625e+01
2.930804061889648438e+01
2.932480049133300781e+01
2.931314086914062500e+01
2.932234001159667969e+01
2.934864807128906250e+01
2.934768676757812500e+01
2.933966445922851562e+01
2.928013038635253906e+01
2.923767089843750000e+01
2.920061111450195312e+01
2.916450881958007812e+01
2.914643287658691406e+01
2.913233757019042969e+01
2.911518096923828125e+01
2.911298370361328125e+01
2.910655593872070312e+01
2.909566688537597656e+01
2.907651901245117188e+01
2.905323600769042969e+01
2.903255081176757812e+01
2.901643180847167969e+01
2.899693107604980469e+01
2.898690795898437500e+01
2.898036193847656250e+01
2.898998832702636719e+01
2.903993415832519531e+01
2.920616531372070312e+01
2.922429847717285156e+01
2.917738151550292969e+01
2.911878395080566406e+01
2.908097457885742188e+01
2.900984573364257812e+01
2.892888259887695312e+01
2.895682716369628906e+01
2.897140502929687500e+01
2.895731735229492188e+01
2.899440002441406250e+01
2.911058044433593750e+01
2.912607574462890625e+01
2.914393234252929688e+01
2.915718650817871094e+01
2.916268539428710938e+01
2.916144752502441406e+01
2.915850830078125000e+01
2.915678787231445312e+01
2.913963317871093750e+01
2.912961387634277344e+01
2.912376213073730469e+01
2.911991500854492188e+01
2.911869621276855469e+01
2.911700439453125000e+01
2.911581230163574219e+01
2.910608863830566406e+01
2.900189590454101562e+01
2.896249389648437500e+01
2.894357681274414062e+01
2.894490623474121094e+01
2.895006370544433594e+01
2.895654678344726562e+01
2.896193504333496094e+01
2.888125038146972656e+01
2.846011161804199219e+01
2.794778633117675781e+01
2.741352081298828125e+01
2.689633369445800781e+01
2.641660308837890625e+01
2.598807716369628906e+01
2.561781311035156250e+01
2.530737113952636719e+01
2.505523872375488281e+01
2.485572814941406250e+01
2.470492744445800781e+01
2.458741188049316406e+01
2.449740791320800781e+01
2.438070869445800781e+01
2.397417259216308594e+01
2.345537948608398438e+01
2.293700408935546875e+01
2.245082283020019531e+01
2.201923751831054688e+01
2.165979194641113281e+01
2.137652778625488281e+01
2.116541671752929688e+01
2.101938056945800781e+01
2.092573738098144531e+01
2.087058830261230469e+01
2.084342765808105469e+01
2.083710289001464844e+01
2.084716606140136719e+01
2.086403083801269531e+01
2.087739753723144531e+01
2.088643074035644531e+01
2.089577674865722656e+01
2.090850257873535156e+01
2.092499351501464844e+01
2.094315719604492188e+01
2.095944023132324219e+01
2.097518920898437500e+01
2.099017143249511719e+01
2.100302124023437500e+01
2.101543807983398438e+01
2.102742004394531250e+01
2.103823280334472656e+01
2.104758262634277344e+01
2.105439949035644531e+01
2.105632400512695312e+01
2.105346488952636719e+01
2.104859161376953125e+01
2.104506492614746094e+01
2.104260253906250000e+01
2.103961181640625000e+01
2.103612899780273438e+01
2.103249549865722656e+01
2.102894783020019531e+01
2.102511024475097656e+01
2.102096939086914062e+01
2.101751518249511719e+01
2.101457023620605469e+01
2.101183319091796875e+01
2.100991821289062500e+01
2.100844764709472656e+01
2.100692176818847656e+01
2.100557899475097656e+01
2.100550079345703125e+01
2.100666427612304688e+01
2.100698471069335938e+01
2.100597000122070312e+01
2.100406074523925781e+01
2.100218582153320312e+01
2.100096702575683594e+01
2.100043678283691406e+01
2.100035476684570312e+01
2.100042915344238281e+01
2.100013160705566406e+01
2.099935531616210938e+01
2.099842643737792969e+01
2.099768638610839844e+01
2.099760627746582031e+01
2.099794769287109375e+01
2.099799346923828125e+01
2.099761199951171875e+01
2.099732208251953125e+01
2.099708938598632812e+01
2.099657440185546875e+01
2.099629211425781250e+01
2.099617767333984375e+01
2.099575805664062500e+01
2.099509429931640625e+01
2.099465179443359375e+01
2.099426078796386719e+01
2.099343299865722656e+01
2.099230194091796875e+01
2.099180030822753906e+01
2.099185180664062500e+01
2.099086952209472656e+01
2.098886299133300781e+01
2.098668098449707031e+01
2.098495674133300781e+01
2.098413658142089844e+01
2.098371124267578125e+01
2.098283576965332031e+01
2.098210144042968750e+01
2.098124885559082031e+01
2.098060798645019531e+01
2.097974014282226562e+01
2.097867965698242188e+01
2.097843742370605469e+01
2.097879791259765625e+01
2.097891235351562500e+01
2.097863578796386719e+01
2.097828292846679688e+01
2.097863769531250000e+01
2.097963142395019531e+01
2.098001861572265625e+01
2.097953987121582031e+01
2.097884368896484375e+01
2.097845840454101562e+01
2.097857666015625000e+01
2.097924613952636719e+01
2.097996711730957031e+01
2.098009109497070312e+01
2.097979354858398438e+01
2.097933959960937500e+01
2.097911834716796875e+01
2.097911834716796875e+01
2.097907066345214844e+01
2.097882652282714844e+01
2.097859764099121094e+01
2.097840881347656250e+01
2.097842788696289062e+01
2.097852706909179688e+01
2.097830390930175781e+01
2.097781181335449219e+01
2.097726058959960938e+01
2.097677612304687500e+01
2.097664260864257812e+01
2.097674751281738281e+01
2.097655677795410156e+01
2.097617340087890625e+01
2.097569084167480469e+01
2.097524261474609375e+01
2.097512435913085938e+01
2.097512245178222656e+01
2.097492027282714844e+01
2.097460746765136719e+01
2.097425460815429688e+01
2.097395896911621094e+01
2.097393417358398438e+01
2.097395706176757812e+01
2.097381973266601562e+01
2.097356796264648438e+01
2.097331809997558594e+01
2.097252845764160156e+01
2.097242164611816406e+01
2.097179985046386719e+01
2.097204589843750000e+01
2.097287559509277344e+01
2.097379493713378906e+01
2.097375679016113281e+01
2.097301864624023438e+01
2.097305107116699219e+01
2.097380447387695312e+01
2.097464370727539062e+01
2.097468566894531250e+01
2.097424888610839844e+01
2.097360229492187500e+01
2.097336769104003906e+01
2.097314071655273438e+01
2.097341156005859375e+01
2.097308349609375000e+01
2.097273254394531250e+01
2.097229957580566406e+01
2.097232055664062500e+01
2.097239875793457031e+01
2.097246360778808594e+01
2.097195434570312500e+01
2.097029876708984375e+01
2.096706390380859375e+01
2.096266746520996094e+01
2.095819282531738281e+01
2.095357131958007812e+01
2.094869613647460938e+01
2.094305801391601562e+01
2.093656921386718750e+01
2.092991065979003906e+01
2.092375373840332031e+01
2.091863441467285156e+01
2.091466331481933594e+01
2.091086959838867188e+01
2.090573883056640625e+01
2.090072631835937500e+01
2.089698028564453125e+01
2.089389038085937500e+01
2.089194297790527344e+01
2.089011764526367188e+01
2.088864517211914062e+01
2.088709640502929688e+01
2.088584899902343750e+01
