4.489473342895507812e+01
4.419965744018554688e+01
4.346880340576171875e+01
4.265591430664062500e+01
4.177920913696289062e+01
4.085664367675781250e+01
3.989346694946289062e+01
3.889140319824218750e+01
3.785147094726562500e+01
3.677859115600585938e+01
3.568031692504882812e+01
3.456082916259765625e+01
3.342391967773437500e+01
3.227404785156250000e+01
3.111774444580078125e+01
2.996536064147949219e+01
2.882372283935546875e+01
2.768958663940429688e+01
2.657078552246093750e+01
2.549259757995605469e+01
2.438812828063964844e+01
2.336731147766113281e+01
2.248044395446777344e+01
2.167261695861816406e+01
2.093745040893554688e+01
2.026705360412597656e+01
1.965792274475097656e+01
1.909350776672363281e+01
1.856866264343261719e+01
1.810238647460937500e+01
1.769633102416992188e+01
1.734663009643554688e+01
1.705062484741210938e+01
1.680436706542968750e+01
1.660044288635253906e+01
1.642916297912597656e+01
1.628150558471679688e+01
1.614901161193847656e+01
1.602989196777343750e+01
1.593037700653076172e+01
1.585351085662841797e+01
1.579578113555908203e+01
1.575308513641357422e+01
1.573054313659667969e+01
1.586779975891113281e+01
1.630073738098144531e+01
1.586123847961425781e+01
1.573778247833251953e+01
1.547772026062011719e+01
1.527295303344726562e+01
1.502532672882080078e+01
1.481664085388183594e+01
1.465572166442871094e+01
1.447994422912597656e+01
1.431338882446289062e+01
1.409007072448730469e+01
1.388782882690429688e+01
1.373696422576904297e+01
1.361083793640136719e+01
1.347703266143798828e+01
1.332351112365722656e+01
1.317516899108886719e+01
1.307427024841308594e+01
1.299082469940185547e+01
1.292007255554199219e+01
1.286574172973632812e+01
1.282101249694824219e+01
1.277836322784423828e+01
1.273987770080566406e+01
1.270706653594970703e+01
1.267815685272216797e+01
1.265187454223632812e+01
1.262846851348876953e+01
1.260933113098144531e+01
1.259770107269287109e+01
1.260086917877197266e+01
1.262188434600830078e+01
1.262954330444335938e+01
1.264747047424316406e+01
1.263057994842529297e+01
1.257700443267822266e+01
1.254557609558105469e+01
1.252197360992431641e+01
1.250096035003662109e+01
1.248706436157226562e+01
1.247530651092529297e+01
1.246759986877441406e+01
1.246262073516845703e+01
1.245969200134277344e+01
1.245822238922119141e+01
1.245773887634277344e+01
1.245797920227050781e+01
1.245865249633789062e+01
1.245922088623046875e+01
1.245902538299560547e+01
1.245769882202148438e+01
1.245535087585449219e+01
1.245214080810546875e+01
1.244830799102783203e+01
1.244429206848144531e+01
1.243986415863037109e+01
1.243483638763427734e+01
1.242945098876953125e+01
1.242392063140869141e+01
1.241850185394287109e+01
1.241336917877197266e+01
1.240854835510253906e+01
1.240409755706787109e+01
1.240015125274658203e+01
1.239663791656494141e+01
1.239321613311767578e+01
1.238965225219726562e+01
1.238605213165283203e+01
1.238243007659912109e+01
1.237851619720458984e+01
1.237409019470214844e+01
1.236920547485351562e+01
1.236407375335693359e+01
1.235900497436523438e+01
1.235379600524902344e+01
1.234806919097900391e+01
1.234236812591552734e+01
1.233731174468994141e+01
1.233230781555175781e+01
1.232641124725341797e+01
1.231938838958740234e+01
1.230884838104248047e+01
1.227451705932617188e+01
1.205638694763183594e+01
1.199500274658203125e+01
1.200545024871826172e+01
1.205040550231933594e+01
1.205800247192382812e+01
1.204724216461181641e+01
1.192181682586669922e+01
1.191001701354980469e+01
1.192338085174560547e+01
1.193232822418212891e+01
1.194303798675537109e+01
1.195883274078369141e+01
1.197331237792968750e+01
1.197766017913818359e+01
1.197364425659179688e+01
1.197108268737792969e+01
1.197157859802246094e+01
1.197034072875976562e+01
1.196942424774169922e+01
1.197386550903320312e+01
1.198262023925781250e+01
1.199028873443603516e+01
1.199569129943847656e+01
1.200201797485351562e+01
1.200944519042968750e+01
1.201593685150146484e+01
1.202208423614501953e+01
1.202945423126220703e+01
1.203696632385253906e+01
1.204302501678466797e+01
1.204858589172363281e+01
1.205479812622070312e+01
1.206061363220214844e+01
1.206520462036132812e+01
1.206947231292724609e+01
1.207384014129638672e+01
1.207770347595214844e+01
1.208131313323974609e+01
1.208545684814453125e+01
1.208992385864257812e+01
1.209420299530029297e+01
1.209857273101806641e+01
1.210323143005371094e+01
1.210779285430908203e+01
1.211208057403564453e+01
1.211622619628906250e+01
1.212012672424316406e+01
1.212352848052978516e+01
1.212652778625488281e+01
1.212937736511230469e+01
1.213214588165283203e+01
1.213495635986328125e+01
1.213788700103759766e+01
1.214077091217041016e+01
1.214346885681152344e+01
1.214602661132812500e+01
1.214849281311035156e+01
1.215092372894287109e+01
1.215347099304199219e+01
1.215601348876953125e+01
1.215827178955078125e+01
1.216033744812011719e+01
1.216251087188720703e+01
1.216491222381591797e+01
1.216745662689208984e+01
1.216999626159667969e+01
1.217234611511230469e+01
1.217443561553955078e+01
1.217639732360839844e+01
1.217844486236572266e+01
1.218045425415039062e+01
1.218216800689697266e+01
1.218372344970703125e+01
1.218543529510498047e+01
1.218739032745361328e+01
1.218951988220214844e+01
1.219160842895507812e+01
1.219341087341308594e+01
1.219496631622314453e+01
1.219655704498291016e+01
1.219808959960937500e+01
1.219937801361083984e+01
1.220064735412597656e+01
1.220214080810546875e+01
1.220394706726074219e+01
1.220590400695800781e+01
1.220779037475585938e+01
1.220949649810791016e+01
1.221117401123046875e+01
1.221272563934326172e+01
1.221391010284423828e+01
1.221514511108398438e+01
1.221648311614990234e+01
1.221770286560058594e+01
1.221889972686767578e+01
1.222028923034667969e+01
1.222210025787353516e+01
1.222389888763427734e+01
1.222510910034179688e+01
1.222640037536621094e+01
1.222821235656738281e+01
1.223002529144287109e+01
1.223174762725830078e+01
1.223390674591064453e+01
1.223608398437500000e+01
1.223755550384521484e+01
1.223900985717773438e+01
1.224090003967285156e+01
1.224247837066650391e+01
1.224347782135009766e+01
1.224507904052734375e+01
1.224756813049316406e+01
1.224957847595214844e+01
1.225054264068603516e+01
1.225190544128417969e+01
1.225438213348388672e+01
1.225698947906494141e+01
1.225879287719726562e+01
1.226065635681152344e+01
1.226320648193359375e+01
1.226559257507324219e+01
1.226741981506347656e+01
1.226948738098144531e+01
1.227173423767089844e+01
1.227397537231445312e+01
1.227652263641357422e+01
1.227882766723632812e+01
1.228042697906494141e+01
1.228259944915771484e+01
1.228573513031005859e+01
1.228806209564208984e+01
1.228907299041748047e+01
1.229063892364501953e+01
1.229332923889160156e+01
1.229586601257324219e+01
1.229742813110351562e+01
1.229879951477050781e+01
1.230054092407226562e+01
1.230223560333251953e+01
1.230356979370117188e+01
1.230528450012207031e+01
1.230744647979736328e+01
1.230905151367187500e+01
1.230999374389648438e+01
1.231145572662353516e+01
1.231371212005615234e+01
1.231572914123535156e+01
1.231692790985107422e+01
1.231811523437500000e+01
1.231980037689208984e+01
1.232140350341796875e+01
1.232248878479003906e+01
1.232376384735107422e+01
1.232538414001464844e+01
1.232690238952636719e+01
1.232821273803710938e+01
1.232965660095214844e+01
1.233117485046386719e+01
1.233272838592529297e+01
1.233476448059082031e+01
1.233775138854980469e+01
1.234125423431396484e+01
1.234429264068603516e+01
1.234683036804199219e+01
1.234891700744628906e+01
1.235061073303222656e+01
1.235210514068603516e+01
1.235342311859130859e+01
1.235486793518066406e+01
1.235660839080810547e+01
1.235840988159179688e+01
1.236030197143554688e+01
