3.964897918701171875e+01
3.890419387817382812e+01
3.804674911499023438e+01
3.712219619750976562e+01
3.609904098510742188e+01
3.499457931518554688e+01
3.387035369873046875e+01
3.269392395019531250e+01
3.150878524780273438e+01
3.024839401245117188e+01
2.871126174926757812e+01
2.740907859802246094e+01
2.611764144897460938e+01
2.484346771240234375e+01
2.360352706909179688e+01
2.241394615173339844e+01
2.128759956359863281e+01
2.024549102783203125e+01
1.930902481079101562e+01
1.848094940185546875e+01
1.776150131225585938e+01
1.715363311767578125e+01
1.664905929565429688e+01
1.623120117187500000e+01
1.590025138854980469e+01
1.560506534576416016e+01
1.538117027282714844e+01
1.521514129638671875e+01
1.509785366058349609e+01
1.502751445770263672e+01
1.499670124053955078e+01
1.499358749389648438e+01
1.500745201110839844e+01
1.503123378753662109e+01
1.506037330627441406e+01
1.509270668029785156e+01
1.512802505493164062e+01
1.516439914703369141e+01
1.520717525482177734e+01
1.524284839630126953e+01
1.529140090942382812e+01
1.531297302246093750e+01
1.529038715362548828e+01
1.526762962341308594e+01
1.523963356018066406e+01
1.518919944763183594e+01
1.512454891204833984e+01
1.506923294067382812e+01
1.502318096160888672e+01
1.498514366149902344e+01
1.496115589141845703e+01
1.487959384918212891e+01
1.483888149261474609e+01
1.481529331207275391e+01
1.478133010864257812e+01
1.475097274780273438e+01
1.471209716796875000e+01
1.466650485992431641e+01
1.462434768676757812e+01
1.457217216491699219e+01
1.452857685089111328e+01
1.447521972656250000e+01
1.441680431365966797e+01
1.438532352447509766e+01
1.437588596343994141e+01
1.435653018951416016e+01
1.431255149841308594e+01
1.425055885314941406e+01
1.417857170104980469e+01
1.411368846893310547e+01
1.405671787261962891e+01
1.399564647674560547e+01
1.394347572326660156e+01
1.390602588653564453e+01
1.387385177612304688e+01
1.385025787353515625e+01
1.384835624694824219e+01
1.380212783813476562e+01
1.380704402923583984e+01
1.394919776916503906e+01
1.410522651672363281e+01
1.363658237457275391e+01
1.360424804687500000e+01
1.358974838256835938e+01
1.358583545684814453e+01
1.359002590179443359e+01
1.359907054901123047e+01
1.360396671295166016e+01
1.358429431915283203e+01
1.355567646026611328e+01
1.353476142883300781e+01
1.351745033264160156e+01
1.350309562683105469e+01
1.349112987518310547e+01
1.348425388336181641e+01
1.347946453094482422e+01
1.347454071044921875e+01
1.345967197418212891e+01
1.344055557250976562e+01
1.342042732238769531e+01
1.340135383605957031e+01
1.338503456115722656e+01
1.337099456787109375e+01
1.335648822784423828e+01
1.333841323852539062e+01
1.331494331359863281e+01
1.328924942016601562e+01
1.326462841033935547e+01
1.324262332916259766e+01
1.322329425811767578e+01
1.320536422729492188e+01
1.318686580657958984e+01
1.316505146026611328e+01
1.314646911621093750e+01
1.313045978546142578e+01
1.311806011199951172e+01
1.310778713226318359e+01
1.309772109985351562e+01
1.308662986755371094e+01
1.307485580444335938e+01
1.306347465515136719e+01
1.305527400970458984e+01
1.304826641082763672e+01
1.304100799560546875e+01
1.303354835510253906e+01
1.302716445922851562e+01
1.302193450927734375e+01
1.301675033569335938e+01
1.301136302947998047e+01
1.300599479675292969e+01
1.300164127349853516e+01
1.299802398681640625e+01
1.299374103546142578e+01
1.298857402801513672e+01
1.298356723785400391e+01
1.297915172576904297e+01
1.297491073608398438e+01
1.297044754028320312e+01
1.296593856811523438e+01
1.296205902099609375e+01
1.295872211456298828e+01
1.295541381835937500e+01
1.295171833038330078e+01
1.294790649414062500e+01
1.294443607330322266e+01
1.294136333465576172e+01
1.293842315673828125e+01
1.293546390533447266e+01
1.293254852294921875e+01
1.292981529235839844e+01
1.292709541320800781e+01
1.292425346374511719e+01
1.292124748229980469e+01
1.291828823089599609e+01
1.291553688049316406e+01
1.291292285919189453e+01
1.291041564941406250e+01
1.290794086456298828e+01
1.290549755096435547e+01
1.290304183959960938e+01
1.290051937103271484e+01
1.289795780181884766e+01
1.289537048339843750e+01
1.289278602600097656e+01
1.289017391204833984e+01
1.288753223419189453e+01
1.288494682312011719e+01
1.288229942321777344e+01
1.287940311431884766e+01
1.287641334533691406e+01
1.287362957000732422e+01
1.287128257751464844e+01
1.286930847167968750e+01
1.286741447448730469e+01
1.286534500122070312e+01
1.286310291290283203e+01
1.286080265045166016e+01
1.285852718353271484e+01
1.285631847381591797e+01
1.285422897338867188e+01
1.285224819183349609e+01
1.285026741027832031e+01
1.284817790985107422e+01
1.284598064422607422e+01
1.284378051757812500e+01
1.284168624877929688e+01
1.283981609344482422e+01
1.283857250213623047e+01
1.283878612518310547e+01
1.283850479125976562e+01
1.283461380004882812e+01
1.282812595367431641e+01
1.282148838043212891e+01
1.281646919250488281e+01
1.281381320953369141e+01
1.281252288818359375e+01
1.281099700927734375e+01
1.280827140808105469e+01
1.280492782592773438e+01
1.280199909210205078e+01
1.279950714111328125e+01
1.279725837707519531e+01
1.279509162902832031e+01
1.279289245605468750e+01
1.279060935974121094e+01
1.278801059722900391e+01
1.278529357910156250e+01
1.278262138366699219e+01
1.278002929687500000e+01
1.277750873565673828e+01
1.277477359771728516e+01
1.277172279357910156e+01
1.276854038238525391e+01
1.276526737213134766e+01
1.276187992095947266e+01
1.275802707672119141e+01
1.275372695922851562e+01
1.274932765960693359e+01
1.274483966827392578e+01
1.273989295959472656e+01
1.273456573486328125e+01
1.272901630401611328e+01
1.272329616546630859e+01
1.271747589111328125e+01
1.271126270294189453e+01
1.270503807067871094e+01
1.269911861419677734e+01
1.269312286376953125e+01
1.268704891204833984e+01
1.268137168884277344e+01
1.267615509033203125e+01
1.267090320587158203e+01
1.266581058502197266e+01
1.266105270385742188e+01
1.265669727325439453e+01
1.265275955200195312e+01
1.264898967742919922e+01
1.264577484130859375e+01
1.264244461059570312e+01
1.263910484313964844e+01
1.263606739044189453e+01
1.263267421722412109e+01
1.262942790985107422e+01
1.262602901458740234e+01
1.262317180633544922e+01
1.261963748931884766e+01
1.261670207977294922e+01
1.261345672607421875e+01
1.261071014404296875e+01
1.260799121856689453e+01
1.260583782196044922e+01
1.260530757904052734e+01
1.260414505004882812e+01
1.260490894317626953e+01
1.259599876403808594e+01
1.259849166870117188e+01
1.267500400543212891e+01
1.259208106994628906e+01
1.258995628356933594e+01
1.259150409698486328e+01
1.259124946594238281e+01
1.259152317047119141e+01
1.259921264648437500e+01
1.260106658935546875e+01
1.260251712799072266e+01
1.260267925262451172e+01
1.259954929351806641e+01
1.259540176391601562e+01
1.259216117858886719e+01
1.259010314941406250e+01
1.258897399902343750e+01
1.258859062194824219e+01
1.258866977691650391e+01
1.258883857727050781e+01
1.258884429931640625e+01
1.258870697021484375e+01
1.258851051330566406e+01
1.258820152282714844e+01
1.258768558502197266e+01
1.258697509765625000e+01
1.258614349365234375e+01
1.258526134490966797e+01
1.258435916900634766e+01
1.258344268798828125e+01
1.258253097534179688e+01
1.258170890808105469e+01
1.258103466033935547e+01
1.258049297332763672e+01
1.257980632781982422e+01
1.257901000976562500e+01
1.257815742492675781e+01
1.257626724243164062e+01
1.257309627532958984e+01
1.257247161865234375e+01
1.257224941253662109e+01
1.257228946685791016e+01
1.257238769531250000e+01
1.257244586944580078e+01
1.257244586944580078e+01
1.257219791412353516e+01
