3.646171569824218750e+01
3.547664260864257812e+01
3.439664840698242188e+01
3.324563980102539062e+01
3.195410728454589844e+01
3.055083274841308594e+01
2.911460113525390625e+01
2.760799789428710938e+01
2.594006538391113281e+01
2.382575225830078125e+01
2.159259796142578125e+01
1.928381538391113281e+01
1.735597801208496094e+01
1.568860149383544922e+01
1.432727718353271484e+01
1.310305786132812500e+01
1.216399765014648438e+01
1.141226005554199219e+01
1.082169818878173828e+01
1.035764503479003906e+01
9.988607406616210938e+00
9.692553520202636719e+00
9.473649024963378906e+00
9.140359878540039062e+00
8.930870056152343750e+00
8.967248916625976562e+00
9.048875808715820312e+00
9.160623550415039062e+00
9.291391372680664062e+00
9.431735992431640625e+00
9.573534965515136719e+00
9.710044860839843750e+00
9.835974693298339844e+00
9.947506904602050781e+00
1.004223632812500000e+01
1.011902713775634766e+01
1.017783260345458984e+01
1.021947860717773438e+01
1.024543857574462891e+01
1.025762462615966797e+01
1.025819873809814453e+01
1.024941444396972656e+01
1.023348903656005859e+01
1.021250152587890625e+01
1.018832492828369141e+01
1.016259479522705078e+01
1.013667583465576172e+01
1.011166095733642578e+01
1.008838748931884766e+01
1.006744670867919922e+01
1.004922103881835938e+01
1.003389835357666016e+01
1.002151393890380859e+01
1.001197719573974609e+01
1.000509548187255859e+01
1.000060749053955078e+01
9.998208999633789062e+00
9.997563362121582031e+00
9.998334884643554688e+00
1.000018692016601562e+01
1.000281047821044922e+01
1.000592136383056641e+01
1.000927066802978516e+01
1.001264572143554688e+01
1.001587867736816406e+01
1.001883697509765625e+01
1.002142620086669922e+01
1.002358627319335938e+01
1.002529621124267578e+01
1.002657699584960938e+01
1.002748394012451172e+01
1.002797508239746094e+01
1.002801132202148438e+01
1.002768325805664062e+01
1.002710437774658203e+01
1.002639389038085938e+01
1.002568340301513672e+01
1.002514266967773438e+01
1.002502918243408203e+01
1.002568149566650391e+01
1.002683448791503906e+01
1.002883243560791016e+01
1.068187808990478516e+01
1.003894901275634766e+01
1.014693546295166016e+01
9.823696136474609375e+00
9.687328338623046875e+00
9.581589698791503906e+00
9.496229171752929688e+00
9.429156303405761719e+00
9.379796028137207031e+00
9.350223541259765625e+00
9.301510810852050781e+00
9.177877426147460938e+00
9.035637855529785156e+00
8.921697616577148438e+00
8.837210655212402344e+00
8.776353836059570312e+00
8.735567092895507812e+00
8.708977699279785156e+00
8.679912567138671875e+00
8.626836776733398438e+00
8.553821563720703125e+00
8.484238624572753906e+00
8.431830406188964844e+00
8.395216941833496094e+00
8.373435020446777344e+00
8.362565994262695312e+00
8.354492187500000000e+00
8.345259666442871094e+00
8.333437919616699219e+00
8.320108413696289062e+00
8.307203292846679688e+00
8.296040534973144531e+00
8.286905288696289062e+00
8.279267311096191406e+00
8.272150039672851562e+00
8.264488220214843750e+00
8.255476951599121094e+00
8.244824409484863281e+00
8.232764244079589844e+00
8.220738410949707031e+00
8.209624290466308594e+00
8.198892593383789062e+00
8.182491302490234375e+00
8.161615371704101562e+00
8.143001556396484375e+00
8.128401756286621094e+00
8.116295814514160156e+00
8.105384826660156250e+00
8.095738410949707031e+00
8.083871841430664062e+00
8.083638191223144531e+00
8.081598281860351562e+00
8.077889442443847656e+00
8.073583602905273438e+00
8.069004058837890625e+00
8.064385414123535156e+00
8.059345245361328125e+00
8.053592681884765625e+00
8.046992301940917969e+00
8.039590835571289062e+00
8.031584739685058594e+00
8.023260116577148438e+00
8.014908790588378906e+00
8.006767272949218750e+00
7.998980045318603516e+00
7.991596698760986328e+00
7.982681274414062500e+00
7.973436355590820312e+00
7.966289520263671875e+00
7.960999488830566406e+00
7.955269813537597656e+00
7.949426174163818359e+00
7.945160388946533203e+00
7.940241813659667969e+00
7.933368206024169922e+00
7.927237987518310547e+00
7.923433780670166016e+00
7.921307563781738281e+00
7.918390274047851562e+00
7.912989139556884766e+00
7.906006336212158203e+00
7.900063037872314453e+00
7.896574020385742188e+00
7.894876003265380859e+00
7.892560005187988281e+00
7.887811660766601562e+00
7.881305217742919922e+00
7.875525951385498047e+00
7.871914863586425781e+00
7.869891166687011719e+00
7.867152214050292969e+00
7.862030506134033203e+00
7.855315208435058594e+00
7.849531650543212891e+00
7.846117973327636719e+00
7.844484329223632812e+00
7.842300891876220703e+00
7.837832450866699219e+00
7.833920955657958984e+00
7.830286502838134766e+00
7.827126502990722656e+00
7.824834346771240234e+00
7.820700645446777344e+00
7.816869735717773438e+00
7.814045429229736328e+00
7.812064170837402344e+00
7.810252666473388672e+00
7.806720733642578125e+00
7.804546356201171875e+00
7.802134990692138672e+00
7.796513080596923828e+00
7.792980670928955078e+00
7.791098594665527344e+00
7.787121772766113281e+00
7.783581733703613281e+00
7.782404899597167969e+00
7.781262874603271484e+00
7.778342723846435547e+00
7.776024818420410156e+00
7.775768756866455078e+00
7.774881362915039062e+00
7.772706031799316406e+00
7.769382476806640625e+00
7.766194820404052734e+00
7.764950275421142578e+00
7.764860153198242188e+00
7.762906074523925781e+00
7.757361888885498047e+00
7.751787662506103516e+00
7.748582839965820312e+00
7.747243404388427734e+00
7.746673107147216797e+00
7.743787288665771484e+00
7.737251758575439453e+00
7.731109142303466797e+00
7.727916240692138672e+00
7.727217197418212891e+00
7.727880001068115234e+00
7.726672649383544922e+00
7.723535060882568359e+00
7.720717906951904297e+00
7.718350410461425781e+00
7.716319561004638672e+00
7.712726593017578125e+00
7.708735466003417969e+00
7.706714630126953125e+00
7.706313133239746094e+00
7.706631660461425781e+00
7.704912662506103516e+00
7.701716423034667969e+00
7.699484825134277344e+00
7.698247432708740234e+00
7.697593688964843750e+00
7.696903705596923828e+00
7.694062709808349609e+00
7.690305709838867188e+00
7.688219547271728516e+00
7.687725543975830078e+00
7.688136100769042969e+00
7.688453197479248047e+00
7.686267375946044922e+00
7.682713508605957031e+00
7.680517673492431641e+00
7.679820537567138672e+00
7.680104732513427734e+00
7.680486679077148438e+00
7.678595066070556641e+00
7.675466060638427734e+00
7.673697948455810547e+00
7.673340320587158203e+00
7.673813343048095703e+00
7.674209594726562500e+00
7.672239780426025391e+00
7.669082164764404297e+00
7.667399883270263672e+00
7.667240619659423828e+00
7.667971611022949219e+00
7.668598651885986328e+00
7.666783332824707031e+00
7.663718700408935547e+00
7.662111759185791016e+00
7.662042617797851562e+00
7.662878036499023438e+00
7.663603782653808594e+00
7.663319110870361328e+00
7.660320281982421875e+00
7.656589508056640625e+00
7.655021667480468750e+00
7.655560493469238281e+00
7.657261848449707031e+00
7.658700466156005859e+00
7.657230854034423828e+00
7.654100894927978516e+00
7.652287006378173828e+00
7.652093887329101562e+00
7.652994155883789062e+00
7.653966903686523438e+00
7.654000282287597656e+00
7.652685165405273438e+00
7.650416851043701172e+00
7.648024082183837891e+00
7.646208286285400391e+00
7.645240783691406250e+00
7.644947052001953125e+00
7.644881248474121094e+00
7.644581317901611328e+00
7.643827438354492188e+00
7.642726421356201172e+00
7.641589164733886719e+00
7.640711307525634766e+00
7.640218734741210938e+00
7.640036582946777344e+00
7.639962196350097656e+00
7.639786720275878906e+00
7.639408111572265625e+00
7.638861179351806641e+00
7.638274669647216797e+00
7.637773990631103516e+00
