3.174561691284179688e+01
3.107410240173339844e+01
3.033706665039062500e+01
2.959704589843750000e+01
2.876267623901367188e+01
2.790598678588867188e+01
2.703069114685058594e+01
2.610776710510253906e+01
2.510702323913574219e+01
2.407636642456054688e+01
2.310168075561523438e+01
2.209553909301757812e+01
2.114465522766113281e+01
2.026390075683593750e+01
1.951940345764160156e+01
1.886250495910644531e+01
1.828681564331054688e+01
1.781057167053222656e+01
1.743213653564453125e+01
1.714146041870117188e+01
1.692232704162597656e+01
1.676375579833984375e+01
1.665610122680664062e+01
1.659048461914062500e+01
1.655964660644531250e+01
1.655709075927734375e+01
1.657715225219726562e+01
1.661532974243164062e+01
1.666826248168945312e+01
1.673293876647949219e+01
1.681019020080566406e+01
1.689407348632812500e+01
1.698861694335937500e+01
1.707454490661621094e+01
1.712884902954101562e+01
1.715579032897949219e+01
1.719844055175781250e+01
1.713135719299316406e+01
1.709893608093261719e+01
1.706204414367675781e+01
1.702291107177734375e+01
1.698381233215332031e+01
1.694657325744628906e+01
1.691167831420898438e+01
1.687617492675781250e+01
1.684107017517089844e+01
1.681233787536621094e+01
1.679459762573242188e+01
1.679007148742675781e+01
1.679391288757324219e+01
1.679740524291992188e+01
1.679478836059570312e+01
1.678453826904296875e+01
1.673001670837402344e+01
1.631041145324707031e+01
1.581924247741699219e+01
1.530545902252197266e+01
1.480554676055908203e+01
1.434019756317138672e+01
1.392204475402832031e+01
1.355685424804687500e+01
1.324337768554687500e+01
1.297436141967773438e+01
1.274606895446777344e+01
1.256259727478027344e+01
1.242349815368652344e+01
1.232385540008544922e+01
1.225589179992675781e+01
1.220934295654296875e+01
1.217637920379638672e+01
1.215849781036376953e+01
1.215626144409179688e+01
1.216194725036621094e+01
1.216862106323242188e+01
1.217937850952148438e+01
1.218793010711669922e+01
1.219006061553955078e+01
1.218833827972412109e+01
1.218861579895019531e+01
1.219393253326416016e+01
1.219929409027099609e+01
1.220048522949218750e+01
1.220259857177734375e+01
1.220757770538330078e+01
1.221125411987304688e+01
1.220998477935791016e+01
1.220370006561279297e+01
1.219382762908935547e+01
1.218121242523193359e+01
1.217305278778076172e+01
1.217126369476318359e+01
1.217059898376464844e+01
1.216946697235107422e+01
1.219359016418457031e+01
1.227117156982421875e+01
1.223767662048339844e+01
1.212847137451171875e+01
1.205172348022460938e+01
1.204134750366210938e+01
1.206372070312500000e+01
1.206782436370849609e+01
1.203594493865966797e+01
1.198612689971923828e+01
1.194063282012939453e+01
1.190351390838623047e+01
1.186399555206298828e+01
1.184610176086425781e+01
1.185273742675781250e+01
1.187885093688964844e+01
1.186960697174072266e+01
1.184124279022216797e+01
1.182615566253662109e+01
1.182289028167724609e+01
1.182053089141845703e+01
1.180598640441894531e+01
1.178586673736572266e+01
1.176831054687500000e+01
1.176260662078857422e+01
1.176755619049072266e+01
1.177105998992919922e+01
1.176672840118408203e+01
1.175341415405273438e+01
1.173672103881835938e+01
1.172138977050781250e+01
1.170982551574707031e+01
1.170110034942626953e+01
1.169526576995849609e+01
1.168845748901367188e+01
1.168505096435546875e+01
1.168657112121582031e+01
1.168804645538330078e+01
1.168644428253173828e+01
1.168192768096923828e+01
1.167237472534179688e+01
1.166275215148925781e+01
1.164995861053466797e+01
1.164237308502197266e+01
1.163383769989013672e+01
1.162776184082031250e+01
1.162822246551513672e+01
1.162421226501464844e+01
1.162426185607910156e+01
1.162103843688964844e+01
1.161612987518310547e+01
1.161273479461669922e+01
1.160561752319335938e+01
1.160083484649658203e+01
1.159749317169189453e+01
1.159439659118652344e+01
1.159291839599609375e+01
1.158839321136474609e+01
1.158217716217041016e+01
1.157551574707031250e+01
1.156701850891113281e+01
1.156051635742187500e+01
1.155539131164550781e+01
1.155099582672119141e+01
1.154830932617187500e+01
1.154578495025634766e+01
1.154336166381835938e+01
1.154047203063964844e+01
1.153629779815673828e+01
1.153203582763671875e+01
1.153028583526611328e+01
1.152975273132324219e+01
1.152787399291992188e+01
1.152368068695068359e+01
1.151770210266113281e+01
1.151198673248291016e+01
1.150743579864501953e+01
1.150391769409179688e+01
1.150157165527343750e+01
1.149954319000244141e+01
1.149872875213623047e+01
1.149811077117919922e+01
1.149606609344482422e+01
1.149295711517333984e+01
1.148883056640625000e+01
1.148634147644042969e+01
1.148379802703857422e+01
1.148143196105957031e+01
1.148029422760009766e+01
1.147703742980957031e+01
1.147520256042480469e+01
1.146803951263427734e+01
1.147268009185791016e+01
1.150116539001464844e+01
1.169423675537109375e+01
1.170145130157470703e+01
1.165234375000000000e+01
1.156315803527832031e+01
1.146852970123291016e+01
1.142135238647460938e+01
1.143004322052001953e+01
1.144875049591064453e+01
1.147373771667480469e+01
1.150278186798095703e+01
1.153351020812988281e+01
1.164632225036621094e+01
1.170710372924804688e+01
1.171740722656250000e+01
1.168325138092041016e+01
1.163282489776611328e+01
1.159524536132812500e+01
1.160089397430419922e+01
1.159617614746093750e+01
1.157233142852783203e+01
1.153500080108642578e+01
1.149895954132080078e+01
1.147198772430419922e+01
1.145582771301269531e+01
1.144877433776855469e+01
1.144813442230224609e+01
1.145822906494140625e+01
1.147317218780517578e+01
1.148952198028564453e+01
1.149368286132812500e+01
1.147959613800048828e+01
1.147270774841308594e+01
1.146980285644531250e+01
1.146928405761718750e+01
1.146282100677490234e+01
1.144893932342529297e+01
1.140843391418457031e+01
1.141347312927246094e+01
1.150217914581298828e+01
1.156444835662841797e+01
1.167122650146484375e+01
1.156192779541015625e+01
1.153882694244384766e+01
1.147682762145996094e+01
1.143262863159179688e+01
1.142842864990234375e+01
1.149037265777587891e+01
1.152283573150634766e+01
1.153353309631347656e+01
1.153804492950439453e+01
1.151150798797607422e+01
1.148551559448242188e+01
1.146860313415527344e+01
1.146052837371826172e+01
1.145899295806884766e+01
1.145833683013916016e+01
1.143050670623779297e+01
1.141133308410644531e+01
1.142427444458007812e+01
1.150715351104736328e+01
1.155367183685302734e+01
1.161622142791748047e+01
1.158663940429687500e+01
1.151739501953125000e+01
1.148762416839599609e+01
1.145773601531982422e+01
1.139447307586669922e+01
1.139648532867431641e+01
1.140560626983642578e+01
1.144717407226562500e+01
1.146104717254638672e+01
1.141033172607421875e+01
1.138999652862548828e+01
1.138555145263671875e+01
1.145511245727539062e+01
1.146302986145019531e+01
1.146169281005859375e+01
1.145573329925537109e+01
1.144568157196044922e+01
1.143254089355468750e+01
1.141705322265625000e+01
1.139988517761230469e+01
1.138543128967285156e+01
1.137750816345214844e+01
1.135388565063476562e+01
1.133400535583496094e+01
1.135271930694580078e+01
1.144132995605468750e+01
1.145373439788818359e+01
1.144922351837158203e+01
1.143625926971435547e+01
1.141405296325683594e+01
1.139103698730468750e+01
1.137477111816406250e+01
1.136516571044921875e+01
1.136120796203613281e+01
1.136180114746093750e+01
1.136587810516357422e+01
1.137238693237304688e+01
1.138018798828125000e+01
1.138791656494140625e+01
1.139375495910644531e+01
1.139178943634033203e+01
1.135334014892578125e+01
1.134968280792236328e+01
1.135793209075927734e+01
1.136632537841796875e+01
1.137757205963134766e+01
1.138917446136474609e+01
1.141682624816894531e+01
1.139437198638916016e+01
1.137407779693603516e+01
1.136204433441162109e+01
