3.359293222427368164e+00
3.254962444305419922e+00
3.143439769744873047e+00
3.047317743301391602e+00
2.964822292327880859e+00
2.893680572509765625e+00
2.826192140579223633e+00
2.769560813903808594e+00
2.716561794281005859e+00
2.669468641281127930e+00
2.623800992965698242e+00
2.581825971603393555e+00
2.543365478515625000e+00
2.508592844009399414e+00
2.477434873580932617e+00
2.450066566467285156e+00
2.425932884216308594e+00
2.404866695404052734e+00
2.386582851409912109e+00
2.370754957199096680e+00
2.355881452560424805e+00
2.339458703994750977e+00
2.328897237777709961e+00
2.341232299804687500e+00
2.310601234436035156e+00
2.302999258041381836e+00
2.299046039581298828e+00
2.289143323898315430e+00
2.282810211181640625e+00
2.277007579803466797e+00
2.271752119064331055e+00
2.267600297927856445e+00
2.263111591339111328e+00
2.259106636047363281e+00
2.256105661392211914e+00
2.254758596420288086e+00
2.252521038055419922e+00
2.250745773315429688e+00
2.249361991882324219e+00
2.248361110687255859e+00
2.246836423873901367e+00
2.245415925979614258e+00
2.243684291839599609e+00
2.253845453262329102e+00
2.239262104034423828e+00
2.236191749572753906e+00
2.232649326324462891e+00
2.228418350219726562e+00
2.222632646560668945e+00
2.217786073684692383e+00
2.212407112121582031e+00
2.207114934921264648e+00
2.204090595245361328e+00
2.196487426757812500e+00
2.191744089126586914e+00
2.188665151596069336e+00
2.180937767028808594e+00
2.173913240432739258e+00
2.166700363159179688e+00
2.159690856933593750e+00
2.151428461074829102e+00
2.141562938690185547e+00
2.130871057510375977e+00
2.116047620773315430e+00
2.103229045867919922e+00
2.093694448471069336e+00
2.083376407623291016e+00
2.074951410293579102e+00
2.067338466644287109e+00
2.049879789352416992e+00
2.027897596359252930e+00
2.000165462493896484e+00
1.943992733955383301e+00
1.858106493949890137e+00
1.767293095588684082e+00
1.669606685638427734e+00
1.582733988761901855e+00
1.506647944450378418e+00
1.457783102989196777e+00
1.417552828788757324e+00
1.382131099700927734e+00
1.353617191314697266e+00
1.336868047714233398e+00
1.333094477653503418e+00
1.334657669067382812e+00
1.327724099159240723e+00
1.316788196563720703e+00
1.308755993843078613e+00
1.307097434997558594e+00
1.311745405197143555e+00
1.310050368309020996e+00
1.297530770301818848e+00
1.286105632781982422e+00
1.280861020088195801e+00
1.281207680702209473e+00
1.284898996353149414e+00
1.287127017974853516e+00
1.283055424690246582e+00
1.279409885406494141e+00
1.274912357330322266e+00
1.264503121376037598e+00
1.255226373672485352e+00
1.251722097396850586e+00
1.248875737190246582e+00
1.245861411094665527e+00
1.241592288017272949e+00
1.240305781364440918e+00
1.238635063171386719e+00
1.236247658729553223e+00
1.232887983322143555e+00
1.226678013801574707e+00
1.224615573883056641e+00
1.222809791564941406e+00
1.223608970642089844e+00
1.223615765571594238e+00
1.221698522567749023e+00
1.219174981117248535e+00
1.216297864913940430e+00
1.215192317962646484e+00
1.217182874679565430e+00
1.217990398406982422e+00
1.216506004333496094e+00
1.213664054870605469e+00
1.209542989730834961e+00
1.207268357276916504e+00
1.207123041152954102e+00
1.208582997322082520e+00
1.209550380706787109e+00
1.209143519401550293e+00
1.207333564758300781e+00
1.205150604248046875e+00
1.203690648078918457e+00
1.203856110572814941e+00
1.204485177993774414e+00
1.204276919364929199e+00
1.203269124031066895e+00
1.201480507850646973e+00
1.199612617492675781e+00
1.197836399078369141e+00
1.186381459236145020e+00
1.161621928215026855e+00
1.164838433265686035e+00
1.179808139801025391e+00
1.214535593986511230e+00
1.215355873107910156e+00
1.188004970550537109e+00
1.181591510772705078e+00
1.177904844284057617e+00
1.175386667251586914e+00
1.175868630409240723e+00
1.175868272781372070e+00
1.176716685295104980e+00
1.178580045700073242e+00
1.180073261260986328e+00
1.183374047279357910e+00
1.182201027870178223e+00
1.181136369705200195e+00
1.179101824760437012e+00
1.174651622772216797e+00
1.171591877937316895e+00
1.171456694602966309e+00
1.171272516250610352e+00
1.170175313949584961e+00
1.169403553009033203e+00
1.167208552360534668e+00
1.166161537170410156e+00
1.166546463966369629e+00
1.168893456459045410e+00
1.176296353340148926e+00
1.174213767051696777e+00
1.166992545127868652e+00
1.163048148155212402e+00
1.161329030990600586e+00
1.162857770919799805e+00
1.167058348655700684e+00
1.167568802833557129e+00
1.166405320167541504e+00
1.164006352424621582e+00
1.165551662445068359e+00
1.163916587829589844e+00
1.165295600891113281e+00
1.165016055107116699e+00
1.164261221885681152e+00
1.167812466621398926e+00
1.172101974487304688e+00
1.168227314949035645e+00
1.159953832626342773e+00
1.155620574951171875e+00
1.160052895545959473e+00
1.158610939979553223e+00
1.164296388626098633e+00
1.165496230125427246e+00
1.162646889686584473e+00
1.160028815269470215e+00
1.158141136169433594e+00
1.159482240676879883e+00
1.160962700843811035e+00
1.161536931991577148e+00
1.163718342781066895e+00
1.161498069763183594e+00
1.160081386566162109e+00
1.157870531082153320e+00
1.157069563865661621e+00
1.158752202987670898e+00
1.161932826042175293e+00
1.163098096847534180e+00
1.159259796142578125e+00
1.154759407043457031e+00
1.152616739273071289e+00
1.155273914337158203e+00
1.157871842384338379e+00
1.160598278045654297e+00
1.158205270767211914e+00
1.154231786727905273e+00
1.152646064758300781e+00
1.152286171913146973e+00
1.154420733451843262e+00
1.156217217445373535e+00
1.156334280967712402e+00
1.162889003753662109e+00
1.158199548721313477e+00
1.151470661163330078e+00
1.148910880088806152e+00
1.148436784744262695e+00
1.151320695877075195e+00
1.155118703842163086e+00
1.156862378120422363e+00
1.154426097869873047e+00
1.151499152183532715e+00
1.149053215980529785e+00
1.148115754127502441e+00
1.150073289871215820e+00
1.150981307029724121e+00
1.150037527084350586e+00
1.146933197975158691e+00
1.144409656524658203e+00
1.143042683601379395e+00
1.144536137580871582e+00
1.146299362182617188e+00
1.147892713546752930e+00
1.147833943367004395e+00
1.144224405288696289e+00
1.141520380973815918e+00
1.140047669410705566e+00
1.140220642089843750e+00
1.143929362297058105e+00
1.152510285377502441e+00
1.151345252990722656e+00
1.142530798912048340e+00
1.137172460556030273e+00
1.138729333877563477e+00
1.136854529380798340e+00
1.140839815139770508e+00
1.144484639167785645e+00
1.144917845726013184e+00
1.144026875495910645e+00
1.143147349357604980e+00
1.141532063484191895e+00
1.142086625099182129e+00
1.141897201538085938e+00
1.140721082687377930e+00
1.139167428016662598e+00
1.139075279235839844e+00
1.138968229293823242e+00
1.139477968215942383e+00
1.138566732406616211e+00
1.138159036636352539e+00
1.139144778251647949e+00
1.146778941154479980e+00
1.144934892654418945e+00
1.137405633926391602e+00
1.132727146148681641e+00
1.131496667861938477e+00
1.135591983795166016e+00
1.136590123176574707e+00
1.140393853187561035e+00
1.140738010406494141e+00
1.137334823608398438e+00
1.134124994277954102e+00
1.132502436637878418e+00
1.133386850357055664e+00
1.135730862617492676e+00
1.138080477714538574e+00
1.137523770332336426e+00
1.134922981262207031e+00
1.132616519927978516e+00
1.131811618804931641e+00
1.133835196495056152e+00
1.141157627105712891e+00
1.139620304107666016e+00
1.137399792671203613e+00
1.131868839263916016e+00
1.128206729888916016e+00
1.127250552177429199e+00
1.128605246543884277e+00
1.132368326187133789e+00
1.136216402053833008e+00
1.141834139823913574e+00
1.134886980056762695e+00
1.125155925750732422e+00
