3.144724845886230469e+00
3.016606330871582031e+00
2.878287076950073242e+00
2.737773418426513672e+00
2.616961717605590820e+00
2.519080400466918945e+00
2.439385414123535156e+00
2.373903751373291016e+00
2.320916175842285156e+00
2.279049158096313477e+00
2.246805191040039062e+00
2.222773075103759766e+00
2.205967426300048828e+00
2.196078062057495117e+00
2.192553281784057617e+00
2.189825057983398438e+00
2.181768417358398438e+00
2.170888423919677734e+00
2.158735990524291992e+00
2.145824432373046875e+00
2.132606267929077148e+00
2.119517564773559570e+00
2.106875419616699219e+00
2.094665050506591797e+00
2.082851409912109375e+00
2.071387767791748047e+00
2.060220479965209961e+00
2.049419879913330078e+00
2.039067745208740234e+00
2.029375791549682617e+00
2.019956111907958984e+00
2.011119842529296875e+00
2.002653837203979492e+00
1.994626283645629883e+00
1.987108230590820312e+00
1.980134725570678711e+00
1.973697423934936523e+00
1.967753410339355469e+00
1.962240695953369141e+00
1.957175493240356445e+00
1.952795386314392090e+00
1.948967099189758301e+00
1.945249795913696289e+00
1.941471338272094727e+00
1.937577486038208008e+00
1.933560013771057129e+00
1.929458737373352051e+00
1.925387978553771973e+00
1.921493649482727051e+00
1.917805194854736328e+00
1.914274215698242188e+00
1.910914421081542969e+00
1.907765746116638184e+00
1.904845595359802246e+00
1.902178406715393066e+00
1.899817466735839844e+00
1.897780895233154297e+00
1.895786404609680176e+00
1.900022864341735840e+00
1.894711136817932129e+00
1.894864916801452637e+00
1.894804477691650391e+00
1.894563913345336914e+00
1.894193053245544434e+00
1.893729686737060547e+00
1.893218040466308594e+00
1.892716646194458008e+00
1.892262578010559082e+00
1.891880869865417480e+00
1.891588330268859863e+00
1.891386151313781738e+00
1.891280889511108398e+00
1.891272187232971191e+00
1.891350507736206055e+00
1.891503453254699707e+00
1.891812920570373535e+00
1.892140507698059082e+00
1.892414569854736328e+00
1.892826437950134277e+00
1.893160104751586914e+00
1.893598437309265137e+00
1.893920660018920898e+00
1.894290089607238770e+00
1.894609212875366211e+00
1.894931912422180176e+00
1.895200967788696289e+00
1.895440578460693359e+00
1.895655035972595215e+00
1.895843744277954102e+00
1.896019101142883301e+00
1.896220684051513672e+00
1.896341681480407715e+00
1.896475672721862793e+00
1.896554231643676758e+00
1.896648645401000977e+00
1.896669745445251465e+00
1.896689772605895996e+00
1.896650791168212891e+00
1.896547317504882812e+00
1.895244479179382324e+00
1.883156895637512207e+00
1.882449746131896973e+00
1.881512403488159180e+00
1.880451679229736328e+00
1.879409551620483398e+00
1.878466248512268066e+00
1.877628207206726074e+00
1.889264464378356934e+00
1.877350807189941406e+00
1.877516984939575195e+00
1.876984238624572754e+00
1.877537369728088379e+00
1.876595020294189453e+00
1.876346588134765625e+00
1.875646948814392090e+00
1.875384330749511719e+00
1.867015480995178223e+00
1.721733808517456055e+00
1.720503330230712891e+00
1.720436453819274902e+00
1.720216035842895508e+00
1.720279455184936523e+00
1.719855546951293945e+00
1.719582557678222656e+00
1.719253301620483398e+00
1.718787789344787598e+00
1.718191504478454590e+00
1.717873930931091309e+00
1.716916203498840332e+00
1.717133522033691406e+00
1.715886235237121582e+00
1.715629816055297852e+00
1.715229749679565430e+00
1.714200377464294434e+00
1.714391827583312988e+00
1.713506698608398438e+00
1.713007211685180664e+00
1.712698340415954590e+00
1.711815595626831055e+00
1.710973501205444336e+00
1.710438847541809082e+00
1.710267186164855957e+00
1.710007429122924805e+00
1.707990646362304688e+00
1.723123192787170410e+00
1.723177671432495117e+00
1.723170757293701172e+00
1.722832322120666504e+00
1.722768068313598633e+00
1.721981525421142578e+00
1.721469998359680176e+00
1.720659255981445312e+00
1.719974994659423828e+00
1.718582749366760254e+00
1.717103362083435059e+00
1.714726567268371582e+00
1.713796377182006836e+00
1.677635908126831055e+00
1.714764356613159180e+00
1.715817928314208984e+00
1.716541290283203125e+00
1.716072201728820801e+00
1.724232792854309082e+00
1.709677457809448242e+00
1.735868573188781738e+00
1.706610441207885742e+00
1.714348196983337402e+00
1.713571548461914062e+00
1.712084531784057617e+00
1.709362268447875977e+00
1.706391453742980957e+00
1.707452893257141113e+00
1.706560373306274414e+00
1.704274773597717285e+00
1.700587153434753418e+00
1.701885342597961426e+00
1.704620838165283203e+00
1.700624227523803711e+00
1.689468264579772949e+00
1.684976100921630859e+00
1.689077615737915039e+00
1.687270402908325195e+00
1.688893437385559082e+00
1.679093599319458008e+00
1.685123085975646973e+00
1.686706662178039551e+00
1.632432460784912109e+00
1.623091101646423340e+00
1.621407866477966309e+00
1.623690366744995117e+00
1.637656927108764648e+00
1.637260675430297852e+00
1.616055488586425781e+00
1.602892398834228516e+00
1.600054979324340820e+00
1.599861979484558105e+00
1.598499894142150879e+00
1.596941828727722168e+00
1.594752311706542969e+00
1.593420624732971191e+00
1.593524098396301270e+00
1.591580629348754883e+00
1.590580344200134277e+00
1.589541435241699219e+00
1.587428092956542969e+00
1.586027264595031738e+00
1.584413528442382812e+00
1.582309365272521973e+00
1.580660581588745117e+00
1.579426527023315430e+00
1.578230857849121094e+00
1.577307343482971191e+00
1.575788974761962891e+00
1.574838519096374512e+00
1.574021339416503906e+00
1.573336362838745117e+00
1.572647213935852051e+00
1.571653485298156738e+00
1.570866465568542480e+00
1.570106625556945801e+00
1.569426178932189941e+00
1.568647623062133789e+00
1.567720293998718262e+00
1.567002177238464355e+00
1.566293954849243164e+00
1.565526127815246582e+00
1.564919471740722656e+00
1.564360737800598145e+00
1.563678503036499023e+00
1.563082098960876465e+00
1.562572240829467773e+00
1.562041044235229492e+00
1.561584591865539551e+00
1.561144351959228516e+00
1.560595393180847168e+00
1.560152411460876465e+00
1.559778094291687012e+00
1.559305429458618164e+00
1.558887004852294922e+00
1.558506131172180176e+00
1.558064818382263184e+00
1.557694554328918457e+00
1.557360410690307617e+00
1.556940555572509766e+00
1.556584954261779785e+00
1.556270480155944824e+00
1.555889248847961426e+00
1.555502772331237793e+00
1.555190801620483398e+00
1.554939389228820801e+00
1.554539918899536133e+00
1.554132103919982910e+00
1.553866624832153320e+00
1.553689479827880859e+00
1.553352832794189453e+00
1.553012728691101074e+00
1.552770376205444336e+00
1.552615165710449219e+00
1.552311897277832031e+00
1.551983952522277832e+00
1.551765322685241699e+00
1.551627039909362793e+00
1.551358580589294434e+00
1.551067829132080078e+00
1.550835847854614258e+00
1.550642967224121094e+00
1.550476193428039551e+00
1.550255417823791504e+00
1.550028681755065918e+00
1.549835205078125000e+00
1.549658417701721191e+00
1.549478173255920410e+00
1.549285650253295898e+00
1.549093842506408691e+00
1.548913240432739258e+00
1.548743844032287598e+00
1.548577070236206055e+00
1.548403143882751465e+00
1.548223614692687988e+00
1.548047542572021484e+00
1.547879695892333984e+00
1.547718405723571777e+00
1.547558903694152832e+00
1.547398328781127930e+00
1.547237992286682129e+00
1.547080397605895996e+00
1.546927452087402344e+00
1.546778082847595215e+00
1.546630859375000000e+00
1.546485066413879395e+00
1.546341061592102051e+00
1.546200394630432129e+00
1.546060562133789062e+00
1.545922756195068359e+00
1.545788645744323730e+00
1.545654892921447754e+00
1.545521140098571777e+00
1.545390605926513672e+00
1.545262694358825684e+00
1.545134544372558594e+00
