5.843376922607421875e+01
5.785821914672851562e+01
5.730294418334960938e+01
5.673558807373046875e+01
5.613912200927734375e+01
5.550017547607421875e+01
5.475579833984375000e+01
5.392226409912109375e+01
5.300430679321289062e+01
5.213486480712890625e+01
5.125334548950195312e+01
5.037585449218750000e+01
4.944961929321289062e+01
4.854552078247070312e+01
4.762198638916015625e+01
4.667257690429687500e+01
4.568274688720703125e+01
4.460635375976562500e+01
4.343848419189453125e+01
4.215886306762695312e+01
4.082282257080078125e+01
3.950581741333007812e+01
3.822211456298828125e+01
3.741103363037109375e+01
3.726417160034179688e+01
3.722806167602539062e+01
3.718769073486328125e+01
3.713983154296875000e+01
3.706962966918945312e+01
3.698870468139648438e+01
3.690661239624023438e+01
3.682942199707031250e+01
3.675951004028320312e+01
3.669803237915039062e+01
3.664513015747070312e+01
3.659952163696289062e+01
3.656089782714843750e+01
3.652880096435546875e+01
3.650199508666992188e+01
3.647960281372070312e+01
3.646156311035156250e+01
3.644897079467773438e+01
3.644387435913085938e+01
3.644818115234375000e+01
3.646256637573242188e+01
3.648610687255859375e+01
3.651670837402343750e+01
3.655162429809570312e+01
3.658773803710937500e+01
3.662197113037109375e+01
3.665174865722656250e+01
3.667532348632812500e+01
3.669194412231445312e+01
3.670182800292968750e+01
3.670591354370117188e+01
3.670557785034179688e+01
3.670234680175781250e+01
3.669759750366210938e+01
3.669242477416992188e+01
3.668754577636718750e+01
3.668328857421875000e+01
3.667966842651367188e+01
3.667647933959960938e+01
3.667337036132812500e+01
3.667000198364257812e+01
3.666611099243164062e+01
3.666156768798828125e+01
3.665639877319335938e+01
3.665082168579101562e+01
3.664519119262695312e+01
3.664004135131835938e+01
3.663611221313476562e+01
3.663448333740234375e+01
3.663659286499023438e+01
3.670366668701171875e+01
3.661577224731445312e+01
3.659955215454101562e+01
3.658984756469726562e+01
3.658469772338867188e+01
3.658283996582031250e+01
3.658316802978515625e+01
3.658466720581054688e+01
3.658646774291992188e+01
3.658793258666992188e+01
3.658868408203125000e+01
3.658861541748046875e+01
3.658782958984375000e+01
3.658657073974609375e+01
3.658512878417968750e+01
3.658380508422851562e+01
3.658280181884765625e+01
3.658225250244140625e+01
3.658216094970703125e+01
3.658246231079101562e+01
3.658301162719726562e+01
3.658365249633789062e+01
3.658422470092773438e+01
3.658494186401367188e+01
3.658827209472656250e+01
3.661623382568359375e+01
3.664884567260742188e+01
3.660966491699218750e+01
3.657431411743164062e+01
3.655027770996093750e+01
3.653701782226562500e+01
3.653248214721679688e+01
3.653628540039062500e+01
3.654779052734375000e+01
3.655767822265625000e+01
3.655662918090820312e+01
3.654656600952148438e+01
3.653595733642578125e+01
3.653025436401367188e+01
3.654410552978515625e+01
3.649613189697265625e+01
3.647497940063476562e+01
3.646644592285156250e+01
3.646929168701171875e+01
3.648054122924804688e+01
3.649540328979492188e+01
3.651258850097656250e+01
3.649090957641601562e+01
3.647293090820312500e+01
3.645997619628906250e+01
3.645297622680664062e+01
3.645194625854492188e+01
3.645402145385742188e+01
3.644746398925781250e+01
3.643631744384765625e+01
3.643140411376953125e+01
3.643167877197265625e+01
3.643370437622070312e+01
3.643523406982421875e+01
3.643368148803710938e+01
3.642773437500000000e+01
3.641981506347656250e+01
3.641442871093750000e+01
3.641355133056640625e+01
3.641496658325195312e+01
3.641550445556640625e+01
3.641399765014648438e+01
3.641034698486328125e+01
3.640533447265625000e+01
3.640005111694335938e+01
3.639667510986328125e+01
3.639620208740234375e+01
3.639655685424804688e+01
3.639532470703125000e+01
3.639229583740234375e+01
3.638799667358398438e+01
3.638330841064453125e+01
3.637899780273437500e+01
3.637683486938476562e+01
3.637745285034179688e+01
3.637854003906250000e+01
3.637763595581054688e+01
3.637466430664062500e+01
3.637041473388671875e+01
3.636597824096679688e+01
3.636222839355468750e+01
3.636087417602539062e+01
3.636101531982421875e+01
3.636058807373046875e+01
3.635943603515625000e+01
3.635904312133789062e+01
3.635894775390625000e+01
3.635744476318359375e+01
3.635497665405273438e+01
3.635234451293945312e+01
3.635017395019531250e+01
3.635003280639648438e+01
3.635097885131835938e+01
3.635081100463867188e+01
3.634956741333007812e+01
3.634767913818359375e+01
3.634559631347656250e+01
3.634361267089843750e+01
3.634336090087890625e+01
3.634428405761718750e+01
3.634439849853515625e+01
3.634365463256835938e+01
3.634221267700195312e+01
3.634033966064453125e+01
3.633837890625000000e+01
3.633668136596679688e+01
3.633698272705078125e+01
3.633853149414062500e+01
3.633884429931640625e+01
3.633777618408203125e+01
3.633580780029296875e+01
3.633355331420898438e+01
3.633147048950195312e+01
3.632977294921875000e+01
3.632852554321289062e+01
3.632767486572265625e+01
3.632703399658203125e+01
3.632635879516601562e+01
3.632553100585937500e+01
3.632464599609375000e+01
3.632395553588867188e+01
3.632365036010742188e+01
3.632373428344726562e+01
3.632403945922851562e+01
3.632530212402343750e+01
3.632829666137695312e+01
3.633239746093750000e+01
3.633559036254882812e+01
3.633398818969726562e+01
3.632581329345703125e+01
3.631547927856445312e+01
3.630884552001953125e+01
3.630773544311523438e+01
3.630971908569335938e+01
3.630936050415039062e+01
3.621414184570312500e+01
3.603270339965820312e+01
3.585295104980468750e+01
3.699525833129882812e+01
3.576142883300781250e+01
3.556709671020507812e+01
3.559763336181640625e+01
3.565459060668945312e+01
3.573431015014648438e+01
3.571689605712890625e+01
3.573364639282226562e+01
3.576305007934570312e+01
3.582630920410156250e+01
3.583728027343750000e+01
3.585541915893554688e+01
3.587405776977539062e+01
3.589321517944335938e+01
3.591052246093750000e+01
3.592596054077148438e+01
3.594131088256835938e+01
3.595801544189453125e+01
3.597666549682617188e+01
3.599451446533203125e+01
3.600016021728515625e+01
3.598725509643554688e+01
3.597494888305664062e+01
3.596989440917968750e+01
3.595863723754882812e+01
3.594718933105468750e+01
3.594280624389648438e+01
3.594363403320312500e+01
3.594330596923828125e+01
3.594097900390625000e+01
3.594260787963867188e+01
3.594728851318359375e+01
3.594916915893554688e+01
3.594584274291992188e+01
3.594339370727539062e+01
3.594406127929687500e+01
3.594659805297851562e+01
3.594914627075195312e+01
3.595202255249023438e+01
3.595608901977539062e+01
3.596058273315429688e+01
3.596369552612304688e+01
3.596503829956054688e+01
3.596613693237304688e+01
3.596800231933593750e+01
3.597045516967773438e+01
3.597295379638671875e+01
3.597535324096679688e+01
3.597778701782226562e+01
3.598005676269531250e+01
3.598180007934570312e+01
3.598297882080078125e+01
3.598398590087890625e+01
3.598520660400390625e+01
3.598669433593750000e+01
3.598825454711914062e+01
3.598968887329101562e+01
3.599091720581054688e+01
3.599196243286132812e+01
3.599287796020507812e+01
3.599371719360351562e+01
3.599454879760742188e+01
3.599547195434570312e+01
3.599647521972656250e+01
3.599743652343750000e+01
3.599824523925781250e+01
3.599891662597656250e+01
3.599955749511718750e+01
3.600024414062500000e+01
3.600095367431640625e+01
3.600164031982421875e+01
3.600227737426757812e+01
3.600286865234375000e+01
3.600339126586914062e+01
3.600386810302734375e+01
3.600433349609375000e+01
3.600479888916015625e+01
3.600524139404296875e+01
3.600562286376953125e+01
3.600593566894531250e+01
3.600621032714843750e+01
3.600647354125976562e+01
3.600671005249023438e+01
