2.638833808898925781e+01
2.592912292480468750e+01
2.545729827880859375e+01
2.500245094299316406e+01
2.453796577453613281e+01
2.409193801879882812e+01
2.364962005615234375e+01
2.321088409423828125e+01
2.277572059631347656e+01
2.234399223327636719e+01
2.191571998596191406e+01
2.149131584167480469e+01
2.107169151306152344e+01
2.065821647644042969e+01
2.025255966186523438e+01
1.985655021667480469e+01
1.947200965881347656e+01
1.910062980651855469e+01
1.874386596679687500e+01
1.840286445617675781e+01
1.807844161987304688e+01
1.777116966247558594e+01
1.748138999938964844e+01
1.720929145812988281e+01
1.695489501953125000e+01
1.671801376342773438e+01
1.649865341186523438e+01
1.629661941528320312e+01
1.611102485656738281e+01
1.594190311431884766e+01
1.578819179534912109e+01
1.564967823028564453e+01
1.552505683898925781e+01
1.541285991668701172e+01
1.531369018554687500e+01
1.522529411315917969e+01
1.514650630950927734e+01
1.507644939422607422e+01
1.501608562469482422e+01
1.496411132812500000e+01
1.491805934906005859e+01
1.487934970855712891e+01
1.484673118591308594e+01
1.481991195678710938e+01
1.480000209808349609e+01
1.478634929656982422e+01
1.477225208282470703e+01
1.476035690307617188e+01
1.475104999542236328e+01
1.474399757385253906e+01
1.473887634277343750e+01
1.473541545867919922e+01
1.473337364196777344e+01
1.473253250122070312e+01
1.473267364501953125e+01
1.473326587677001953e+01
1.474272441864013672e+01
1.473695373535156250e+01
1.473913764953613281e+01
1.474174499511718750e+01
1.474466991424560547e+01
1.474782562255859375e+01
1.475112724304199219e+01
1.475450706481933594e+01
1.475790596008300781e+01
1.476127338409423828e+01
1.476456546783447266e+01
1.476774120330810547e+01
1.477077579498291016e+01
1.477364253997802734e+01
1.477632522583007812e+01
1.477881050109863281e+01
1.478109359741210938e+01
1.478317070007324219e+01
1.478504276275634766e+01
1.478671646118164062e+01
1.478819942474365234e+01
1.478950309753417969e+01
1.479063987731933594e+01
1.479162597656250000e+01
1.479247283935546875e+01
1.479319763183593750e+01
1.479381275177001953e+01
1.479433631896972656e+01
1.479477500915527344e+01
1.479514884948730469e+01
1.479545879364013672e+01
1.479572105407714844e+01
1.479594039916992188e+01
1.479612445831298828e+01
1.479627704620361328e+01
1.479640102386474609e+01
1.479650402069091797e+01
1.479658699035644531e+01
1.479665088653564453e+01
1.479670047760009766e+01
1.479673480987548828e+01
1.479675483703613281e+01
1.479676532745361328e+01
1.479676437377929688e+01
1.479675197601318359e+01
1.479673194885253906e+01
1.479670333862304688e+01
1.479666614532470703e+01
1.479661941528320312e+01
1.479656600952148438e+01
1.479650688171386719e+01
1.479643917083740234e+01
1.479636383056640625e+01
1.479627990722656250e+01
1.479618930816650391e+01
1.479609298706054688e+01
1.479598522186279297e+01
1.479587173461914062e+01
1.479575061798095703e+01
1.479562091827392578e+01
1.479548358917236328e+01
1.479534053802490234e+01
1.479518985748291016e+01
1.479503059387207031e+01
1.479486560821533203e+01
1.479469394683837891e+01
1.479451656341552734e+01
1.479433250427246094e+01
1.479414272308349609e+01
1.479395008087158203e+01
1.479374694824218750e+01
1.479354476928710938e+01
1.479333591461181641e+01
1.479312229156494141e+01
1.479290580749511719e+01
1.479268169403076172e+01
1.479245758056640625e+01
1.479223060607910156e+01
1.479199790954589844e+01
1.479176330566406250e+01
1.479152584075927734e+01
1.479128646850585938e+01
1.479104328155517578e+01
1.479079723358154297e+01
1.479055118560791016e+01
1.479030036926269531e+01
1.479004955291748047e+01
1.478979778289794922e+01
1.478954219818115234e+01
1.478928375244140625e+01
1.478902816772460938e+01
1.478876781463623047e+01
1.478850746154785156e+01
1.478824615478515625e+01
1.478798294067382812e+01
1.478771972656250000e+01
1.478745841979980469e+01
1.478719329833984375e+01
1.478692722320556641e+01
1.478666210174560547e+01
1.478639602661132812e+01
1.478612804412841797e+01
1.478586292266845703e+01
1.478559494018554688e+01
1.478533077239990234e+01
1.478506278991699219e+01
1.478479480743408203e+01
1.478452968597412109e+01
1.478426361083984375e+01
1.478399753570556641e+01
1.478373241424560547e+01
1.478346443176269531e+01
1.478320026397705078e+01
1.478293514251708984e+01
1.478267192840576172e+01
1.478240871429443359e+01
1.478214359283447266e+01
1.478188228607177734e+01
1.478161907196044922e+01
1.478135681152343750e+01
1.478109741210937500e+01
1.478083705902099609e+01
1.478057670593261719e+01
1.478031826019287109e+01
1.478006172180175781e+01
1.477980422973632812e+01
1.477954864501953125e+01
1.477929401397705078e+01
1.477903842926025391e+01
1.477878570556640625e+01
1.477853202819824219e+01
1.477828121185302734e+01
1.477803230285644531e+01
1.477778244018554688e+01
1.477753639221191406e+01
1.477728748321533203e+01
1.477704143524169922e+01
1.477679824829101562e+01
1.477655506134033203e+01
1.477631282806396484e+01
1.477607250213623047e+01
1.477583312988281250e+01
1.477559566497802734e+01
1.477535915374755859e+01
1.477512454986572266e+01
1.477488899230957031e+01
1.477465820312500000e+01
1.477442646026611328e+01
1.477419567108154297e+01
1.477396869659423828e+01
1.477374267578125000e+01
1.477351474761962891e+01
1.477329063415527344e+01
1.477306938171386719e+01
1.477284812927246094e+01
1.477263069152832031e+01
1.477241230010986328e+01
1.477219581604003906e+01
1.477198123931884766e+01
1.477176761627197266e+01
1.477155780792236328e+01
1.477134704589843750e+01
1.477113819122314453e+01
1.477093315124511719e+01
1.477072715759277344e+01
1.477052497863769531e+01
1.477032375335693359e+01
1.477012252807617188e+01
1.476992321014404297e+01
1.476972770690917969e+01
1.476953220367431641e+01
1.476933765411376953e+01
1.476914596557617188e+01
1.476895809173583984e+01
1.476876831054687500e+01
1.476858139038085938e+01
1.476839542388916016e+01
1.476821041107177734e+01
1.476802921295166016e+01
1.476784896850585938e+01
1.476767158508300781e+01
1.476749420166015625e+01
1.476731967926025391e+01
1.476714515686035156e+01
1.476697349548339844e+01
1.476680183410644531e+01
1.476663398742675781e+01
1.476646614074707031e+01
1.476630115509033203e+01
1.476613903045654297e+01
1.476597499847412109e+01
1.476581478118896484e+01
1.476565456390380859e+01
1.476549911499023438e+01
1.476534175872802734e+01
1.476518917083740234e+01
1.476503562927246094e+01
1.476488685607910156e+01
1.476473712921142578e+01
1.476458930969238281e+01
1.476444435119628906e+01
1.476430130004882812e+01
1.476415634155273438e+01
1.476401710510253906e+01
1.476387691497802734e+01
1.476374053955078125e+01
1.476360321044921875e+01
1.476347064971923828e+01
1.476333713531494141e+01
1.476320552825927734e+01
1.476307678222656250e+01
1.476294898986816406e+01
1.476282405853271484e+01
1.476270008087158203e+01
1.476257514953613281e+01
1.476245403289794922e+01
1.476233577728271484e+01
1.476221656799316406e+01
1.476210021972656250e+01
1.476198482513427734e+01
1.476187229156494141e+01
1.476176071166992188e+01
1.476165008544921875e+01
1.476154232025146484e+01
1.476143550872802734e+01
1.476132965087890625e+01
1.476122665405273438e+01
1.476112556457519531e+01
1.476102352142333984e+01
1.476092433929443359e+01
1.476082801818847656e+01
1.476073074340820312e+01
1.476063632965087891e+01
1.476054382324218750e+01
1.476045227050781250e+01
1.476036167144775391e+01
1.476027488708496094e+01
1.476018714904785156e+01
1.476010227203369141e+01
1.476000499725341797e+01
1.474014663696289062e+01
1.471892452239990234e+01
1.454656600952148438e+01
1.427241516113281250e+01
