4.347397613525390625e+01
4.280596542358398438e+01
4.211231994628906250e+01
4.137055206298828125e+01
4.057828140258789062e+01
3.975371932983398438e+01
3.889561462402343750e+01
3.797181701660156250e+01
3.701813507080078125e+01
3.601693725585937500e+01
3.491620254516601562e+01
3.351681137084960938e+01
3.205360031127929688e+01
3.061621284484863281e+01
2.912617683410644531e+01
2.771702766418457031e+01
2.640318679809570312e+01
2.514393234252929688e+01
2.402064514160156250e+01
2.316991424560546875e+01
2.242143058776855469e+01
2.181147956848144531e+01
2.129641723632812500e+01
2.084237098693847656e+01
2.051297378540039062e+01
2.029255294799804688e+01
2.030113220214843750e+01
2.018272590637207031e+01
2.010397529602050781e+01
2.004875946044921875e+01
2.001643562316894531e+01
2.000176429748535156e+01
2.000035285949707031e+01
2.000801277160644531e+01
2.002151870727539062e+01
2.003859710693359375e+01
2.005739974975585938e+01
2.007649803161621094e+01
2.009483337402343750e+01
2.011165428161621094e+01
2.012646865844726562e+01
2.013902282714843750e+01
2.014926719665527344e+01
2.015731811523437500e+01
2.016339302062988281e+01
2.016776657104492188e+01
2.017073059082031250e+01
2.017255973815917969e+01
2.017351341247558594e+01
2.017372322082519531e+01
2.017187500000000000e+01
2.016700744628906250e+01
2.015985488891601562e+01
2.015123367309570312e+01
2.014293479919433594e+01
2.016172599792480469e+01
2.017561149597167969e+01
2.015161514282226562e+01
2.010670661926269531e+01
2.005619812011718750e+01
2.002827835083007812e+01
2.000783729553222656e+01
1.999079513549804688e+01
1.997686767578125000e+01
1.996584510803222656e+01
1.995746612548828125e+01
1.995145606994628906e+01
1.994753837585449219e+01
1.994549369812011719e+01
1.994516754150390625e+01
1.994653892517089844e+01
1.994995689392089844e+01
1.995625877380371094e+01
1.996764373779296875e+01
1.998065757751464844e+01
1.997853851318359375e+01
1.996954345703125000e+01
1.996399688720703125e+01
1.996141815185546875e+01
1.996090698242187500e+01
1.996129226684570312e+01
1.996095085144042969e+01
1.995845031738281250e+01
1.995341873168945312e+01
1.994671821594238281e+01
1.993977928161621094e+01
1.993381309509277344e+01
1.992955780029296875e+01
1.992709922790527344e+01
1.992605018615722656e+01
1.992588806152343750e+01
1.992597007751464844e+01
1.992576789855957031e+01
1.992500305175781250e+01
1.992372512817382812e+01
1.992222976684570312e+01
1.992092132568359375e+01
1.992033386230468750e+01
1.992085266113281250e+01
1.992059707641601562e+01
1.991867828369140625e+01
1.991605567932128906e+01
1.991386985778808594e+01
1.991277694702148438e+01
1.991279792785644531e+01
1.991359138488769531e+01
1.991456794738769531e+01
1.991511154174804688e+01
1.991486549377441406e+01
1.991382598876953125e+01
1.991228675842285156e+01
1.991065979003906250e+01
1.990926933288574219e+01
1.990827941894531250e+01
1.990766716003417969e+01
1.990729522705078125e+01
1.990696716308593750e+01
1.990652465820312500e+01
1.990589332580566406e+01
1.990508651733398438e+01
1.990418624877929688e+01
1.990328788757324219e+01
1.990246772766113281e+01
1.990174484252929688e+01
1.990110778808593750e+01
1.990061187744140625e+01
1.990022277832031250e+01
1.989980506896972656e+01
1.989935302734375000e+01
1.989885711669921875e+01
1.989832115173339844e+01
1.989775657653808594e+01
1.989716911315917969e+01
1.989656829833984375e+01
1.989595222473144531e+01
1.989532470703125000e+01
1.989469146728515625e+01
1.989405822753906250e+01
1.989342117309570312e+01
1.989279556274414062e+01
1.989218139648437500e+01
1.989158439636230469e+01
1.989100265502929688e+01
1.989043807983398438e+01
1.988988304138183594e+01
1.988933753967285156e+01
1.988879203796386719e+01
1.988837623596191406e+01
1.988807487487792969e+01
1.988775825500488281e+01
1.988742065429687500e+01
1.988705062866210938e+01
1.988664436340332031e+01
1.988620567321777344e+01
1.988572883605957031e+01
1.988522720336914062e+01
1.988470649719238281e+01
1.988417243957519531e+01
1.988363456726074219e+01
1.988310050964355469e+01
1.988257408142089844e+01
1.988205528259277344e+01
1.988154602050781250e+01
1.988104820251464844e+01
1.988055992126464844e+01
1.988007926940917969e+01
1.987961196899414062e+01
1.987915039062500000e+01
1.987870025634765625e+01
1.987825202941894531e+01
1.987781143188476562e+01
1.987752151489257812e+01
1.987734794616699219e+01
1.987714195251464844e+01
1.987690162658691406e+01
1.987662696838378906e+01
1.987631797790527344e+01
1.987598228454589844e+01
1.987561988830566406e+01
1.987523651123046875e+01
1.987483406066894531e+01
1.987441253662109375e+01
1.987397575378417969e+01
1.987352943420410156e+01
1.987307739257812500e+01
1.987263107299804688e+01
1.987219047546386719e+01
1.987176704406738281e+01
1.987135505676269531e+01
1.987095642089843750e+01
1.987056922912597656e+01
1.987018585205078125e+01
1.986979675292968750e+01
1.986939239501953125e+01
1.986894607543945312e+01
1.986843299865722656e+01
1.986824226379394531e+01
1.986826705932617188e+01
1.986813926696777344e+01
1.986792564392089844e+01
1.986766242980957031e+01
1.986736106872558594e+01
1.986702728271484375e+01
1.986664772033691406e+01
1.986618995666503906e+01
1.986571311950683594e+01
1.986532974243164062e+01
1.986498260498046875e+01
1.986463165283203125e+01
1.986427879333496094e+01
1.986392211914062500e+01
1.986356544494628906e+01
1.986322212219238281e+01
1.986289215087890625e+01
1.986258506774902344e+01
1.986228752136230469e+01
1.986200714111328125e+01
1.986173057556152344e+01
1.986145782470703125e+01
1.986118698120117188e+01
1.986104011535644531e+01
1.986100387573242188e+01
1.986091613769531250e+01
1.986077117919921875e+01
1.986058807373046875e+01
1.986038780212402344e+01
1.986018753051757812e+01
1.985999107360839844e+01
1.985980224609375000e+01
1.985960769653320312e+01
1.985939788818359375e+01
1.985915946960449219e+01
1.985888671875000000e+01
1.985857963562011719e+01
1.985824394226074219e+01
1.985789299011230469e+01
1.985754394531250000e+01
1.985720634460449219e+01
1.985689353942871094e+01
1.985660552978515625e+01
1.985634231567382812e+01
1.985609817504882812e+01
1.985586166381835938e+01
1.985562896728515625e+01
1.985539436340332031e+01
1.985515403747558594e+01
1.985490417480468750e+01
1.985465621948242188e+01
1.985440635681152344e+01
1.985416030883789062e+01
1.985391807556152344e+01
1.985367965698242188e+01
1.985345077514648438e+01
1.985322761535644531e+01
1.985300827026367188e+01
1.985279273986816406e+01
1.985257720947265625e+01
1.985236549377441406e+01
1.985215377807617188e+01
1.985194206237792969e+01
1.985173606872558594e+01
1.985153007507324219e+01
1.985132598876953125e+01
1.985112571716308594e+01
1.985092735290527344e+01
1.985088539123535156e+01
1.985098838806152344e+01
1.985101699829101562e+01
1.985095596313476562e+01
1.985082817077636719e+01
1.985068130493164062e+01
1.985055160522460938e+01
1.985045433044433594e+01
1.985039138793945312e+01
1.985034561157226562e+01
1.985029411315917969e+01
1.985021591186523438e+01
1.985008621215820312e+01
1.984989356994628906e+01
1.984963226318359375e+01
1.984931755065917969e+01
1.984896469116210938e+01
1.984860038757324219e+01
1.984824943542480469e+01
1.984792709350585938e+01
1.984764289855957031e+01
1.984739685058593750e+01
1.984718322753906250e+01
1.984698867797851562e+01
1.984680747985839844e+01
1.984662818908691406e+01
1.984644126892089844e+01
1.984624671936035156e+01
1.984604072570800781e+01
1.984582901000976562e+01
1.984561729431152344e+01
1.984540748596191406e+01
1.984520530700683594e+01
1.984501266479492188e+01
1.984483146667480469e+01
