3.972062683105468750e+01
3.930007934570312500e+01
3.886831283569335938e+01
3.842833709716796875e+01
3.796760559082031250e+01
3.742095565795898438e+01
3.675517272949218750e+01
3.601658248901367188e+01
3.521711730957031250e+01
3.444701385498046875e+01
3.366950988769531250e+01
3.283184814453125000e+01
3.194235420227050781e+01
3.100551414489746094e+01
3.012565231323242188e+01
2.931304359436035156e+01
2.853380203247070312e+01
2.779492187500000000e+01
2.710426330566406250e+01
2.646829795837402344e+01
2.589155006408691406e+01
2.537648391723632812e+01
2.492354393005371094e+01
2.453143119812011719e+01
2.419744682312011719e+01
2.391787910461425781e+01
2.368833923339843750e+01
2.350407791137695312e+01
2.336019515991210938e+01
2.325178527832031250e+01
2.317406463623046875e+01
2.312241744995117188e+01
2.309247016906738281e+01
2.308012962341308594e+01
2.308163642883300781e+01
2.309357261657714844e+01
2.311448097229003906e+01
2.313916778564453125e+01
2.316705894470214844e+01
2.319629287719726562e+01
2.322362518310546875e+01
2.325304985046386719e+01
2.327038955688476562e+01
2.329777908325195312e+01
2.333575439453125000e+01
2.338553810119628906e+01
2.343563842773437500e+01
2.347773361206054688e+01
2.348078346252441406e+01
2.338771629333496094e+01
2.328474807739257812e+01
2.314611625671386719e+01
2.304703330993652344e+01
2.286351585388183594e+01
2.270375251770019531e+01
2.251000976562500000e+01
2.237622261047363281e+01
2.222647094726562500e+01
2.209090423583984375e+01
2.198170852661132812e+01
2.186972045898437500e+01
2.174337959289550781e+01
2.164521408081054688e+01
2.157359695434570312e+01
2.150013923645019531e+01
2.142185020446777344e+01
2.136439323425292969e+01
2.132804870605468750e+01
2.127444458007812500e+01
2.122110176086425781e+01
2.119238471984863281e+01
2.117229843139648438e+01
2.113295173645019531e+01
2.110646438598632812e+01
2.109385108947753906e+01
2.097694587707519531e+01
2.055519485473632812e+01
2.007243728637695312e+01
1.956421089172363281e+01
1.881003379821777344e+01
1.810825920104980469e+01
1.745974540710449219e+01
1.688289070129394531e+01
1.641388511657714844e+01
1.604719352722167969e+01
1.578118705749511719e+01
1.559493541717529297e+01
1.547212314605712891e+01
1.539761257171630859e+01
1.534427070617675781e+01
1.529559230804443359e+01
1.525841903686523438e+01
1.522794437408447266e+01
1.520042037963867188e+01
1.517414093017578125e+01
1.514882755279541016e+01
1.512511444091796875e+01
1.510299491882324219e+01
1.508127021789550781e+01
1.505832004547119141e+01
1.503349304199218750e+01
1.500738906860351562e+01
1.498293113708496094e+01
1.495727348327636719e+01
1.492952632904052734e+01
1.489957904815673828e+01
1.486845207214355469e+01
1.483681869506835938e+01
1.480683708190917969e+01
1.478345394134521484e+01
1.476031970977783203e+01
1.473695850372314453e+01
1.471325492858886719e+01
1.468765544891357422e+01
1.465957546234130859e+01
1.462216567993164062e+01
1.498395156860351562e+01
1.464387130737304688e+01
1.465308761596679688e+01
1.463453102111816406e+01
1.461104583740234375e+01
1.463046360015869141e+01
1.459018325805664062e+01
1.459632110595703125e+01
1.457548999786376953e+01
1.458328914642333984e+01
1.454713630676269531e+01
1.453044319152832031e+01
1.457402420043945312e+01
1.453035259246826172e+01
1.453530597686767578e+01
1.453203773498535156e+01
1.452206134796142578e+01
1.451585674285888672e+01
1.450346374511718750e+01
1.448936271667480469e+01
1.447622871398925781e+01
1.446047019958496094e+01
1.444359683990478516e+01
1.442612361907958984e+01
1.441420650482177734e+01
1.439121246337890625e+01
1.437608623504638672e+01
1.437290096282958984e+01
1.437315654754638672e+01
1.436349964141845703e+01
1.435146141052246094e+01
1.436114597320556641e+01
1.436663627624511719e+01
1.434795188903808594e+01
1.432961845397949219e+01
1.431756973266601562e+01
1.430975914001464844e+01
1.430994701385498047e+01
1.435484123229980469e+01
1.441785430908203125e+01
1.430162048339843750e+01
1.431551456451416016e+01
1.431954956054687500e+01
1.427066230773925781e+01
1.428475761413574219e+01
1.425872325897216797e+01
1.425441932678222656e+01
1.425902748107910156e+01
1.425170612335205078e+01
1.424139404296875000e+01
1.424398708343505859e+01
1.424041748046875000e+01
1.422991466522216797e+01
1.423229885101318359e+01
1.422639942169189453e+01
1.421987724304199219e+01
1.421956825256347656e+01
1.421717739105224609e+01
1.420919036865234375e+01
1.420721054077148438e+01
1.420537662506103516e+01
1.420028781890869141e+01
1.419791793823242188e+01
1.419739723205566406e+01
1.419167995452880859e+01
1.418877983093261719e+01
1.418839931488037109e+01
1.418571949005126953e+01
1.418208885192871094e+01
1.417948055267333984e+01
1.417647457122802734e+01
1.417414093017578125e+01
1.417211723327636719e+01
1.416986751556396484e+01
1.416926193237304688e+01
1.416819763183593750e+01
1.416665744781494141e+01
1.416563987731933594e+01
1.416659355163574219e+01
1.417193126678466797e+01
1.417187023162841797e+01
1.417020225524902344e+01
1.417157363891601562e+01
1.417226600646972656e+01
1.415360546112060547e+01
1.415076255798339844e+01
1.416144084930419922e+01
1.416938018798828125e+01
1.419396495819091797e+01
1.418063163757324219e+01
1.416241264343261719e+01
1.417907142639160156e+01
1.415545749664306641e+01
1.414676761627197266e+01
1.415717983245849609e+01
1.418058967590332031e+01
1.418722724914550781e+01
1.418554878234863281e+01
1.419894504547119141e+01
1.419528579711914062e+01
1.419055461883544922e+01
1.417242145538330078e+01
1.415845108032226562e+01
1.414475154876708984e+01
1.413413906097412109e+01
1.414084529876708984e+01
1.414567756652832031e+01
1.414206790924072266e+01
1.413623619079589844e+01
1.413755989074707031e+01
1.413419055938720703e+01
1.412775897979736328e+01
1.412684249877929688e+01
1.412747955322265625e+01
1.412658309936523438e+01
1.412779998779296875e+01
1.412646961212158203e+01
1.412726211547851562e+01
1.412510681152343750e+01
1.412610721588134766e+01
1.412916851043701172e+01
1.412603664398193359e+01
1.412344264984130859e+01
1.412160968780517578e+01
1.412056827545166016e+01
1.411872482299804688e+01
1.411613368988037109e+01
1.411431980133056641e+01
1.411320018768310547e+01
1.411239528656005859e+01
1.411094188690185547e+01
1.411006450653076172e+01
1.411002159118652344e+01
1.411021900177001953e+01
1.410892677307128906e+01
1.410810565948486328e+01
1.410802650451660156e+01
1.410810279846191406e+01
1.410779094696044922e+01
1.410804080963134766e+01
1.410787582397460938e+01
1.410716629028320312e+01
1.410628795623779297e+01
1.410438156127929688e+01
1.418051624298095703e+01
1.420627784729003906e+01
1.425601291656494141e+01
1.505781936645507812e+01
1.501312351226806641e+01
1.498524284362792969e+01
1.477795314788818359e+01
1.486863422393798828e+01
1.482401657104492188e+01
1.459911727905273438e+01
1.464867877960205078e+01
1.450885581970214844e+01
1.455264759063720703e+01
1.446146488189697266e+01
1.442327117919921875e+01
1.439769744873046875e+01
1.438721370697021484e+01
1.438076782226562500e+01
1.432980537414550781e+01
1.429626750946044922e+01
1.427603054046630859e+01
1.431104469299316406e+01
1.429001522064208984e+01
1.427644634246826172e+01
1.428937530517578125e+01
1.428841400146484375e+01
1.428905391693115234e+01
1.428348350524902344e+01
1.428297138214111328e+01
1.428739452362060547e+01
1.429291343688964844e+01
1.429257774353027344e+01
1.428642845153808594e+01
1.428964805603027344e+01
1.428275871276855469e+01
1.427926445007324219e+01
1.426973724365234375e+01
1.426447296142578125e+01
1.426495456695556641e+01
1.426556205749511719e+01
