2.297559261322021484e+00
2.242529869079589844e+00
2.190862417221069336e+00
2.140010833740234375e+00
2.076135396957397461e+00
2.011300563812255859e+00
1.949865698814392090e+00
1.893488407135009766e+00
1.843214869499206543e+00
1.799614787101745605e+00
1.762870788574218750e+00
1.732893943786621094e+00
1.709261655807495117e+00
1.691253542900085449e+00
1.678080558776855469e+00
1.668939590454101562e+00
1.663047194480895996e+00
1.659681439399719238e+00
1.658267617225646973e+00
1.658375859260559082e+00
1.659640550613403320e+00
1.661717653274536133e+00
1.664340972900390625e+00
1.667277932167053223e+00
1.670287609100341797e+00
1.673327207565307617e+00
1.676235318183898926e+00
1.678823351860046387e+00
1.681030750274658203e+00
1.682886838912963867e+00
1.684380531311035156e+00
1.685467720031738281e+00
1.686133146286010742e+00
1.686381220817565918e+00
1.686311006546020508e+00
1.686003088951110840e+00
1.685511469841003418e+00
1.684932351112365723e+00
1.684218764305114746e+00
1.683332800865173340e+00
1.682347774505615234e+00
1.681550860404968262e+00
1.680914521217346191e+00
1.680141210556030273e+00
1.679271578788757324e+00
1.678683042526245117e+00
1.678415894508361816e+00
1.678349494934082031e+00
1.665344357490539551e+00
1.665035128593444824e+00
1.661714076995849609e+00
1.657810211181640625e+00
1.666219353675842285e+00
1.672035455703735352e+00
1.674280285835266113e+00
1.675809860229492188e+00
1.676273107528686523e+00
1.674986720085144043e+00
1.673955559730529785e+00
1.672389984130859375e+00
1.670388221740722656e+00
1.668199419975280762e+00
1.671777606010437012e+00
1.669291496276855469e+00
1.666701555252075195e+00
1.662894248962402344e+00
1.651039361953735352e+00
1.635974645614624023e+00
1.604614853858947754e+00
1.541303515434265137e+00
1.476213932037353516e+00
1.419419884681701660e+00
1.374096274375915527e+00
1.340307354927062988e+00
1.317563295364379883e+00
1.303365945816040039e+00
1.295519471168518066e+00
1.291411519050598145e+00
1.291045188903808594e+00
1.293649315834045410e+00
1.297940373420715332e+00
1.300677657127380371e+00
1.303068637847900391e+00
1.298328518867492676e+00
1.298439741134643555e+00
1.297720789909362793e+00
1.301216006278991699e+00
1.302834510803222656e+00
1.304693460464477539e+00
1.306028723716735840e+00
1.305409073829650879e+00
1.302578568458557129e+00
1.298947453498840332e+00
1.295728921890258789e+00
1.293148279190063477e+00
1.290954828262329102e+00
1.289032340049743652e+00
1.287401914596557617e+00
1.285846948623657227e+00
1.283635020256042480e+00
1.280387043952941895e+00
1.276790618896484375e+00
1.273941159248352051e+00
1.272052168846130371e+00
1.270832896232604980e+00
1.270408391952514648e+00
1.270269036293029785e+00
1.269722580909729004e+00
1.268653750419616699e+00
1.267334222793579102e+00
1.265834569931030273e+00
1.264225840568542480e+00
1.262379169464111328e+00
1.260606765747070312e+00
1.259164690971374512e+00
1.258099913597106934e+00
1.257218956947326660e+00
1.256193399429321289e+00
1.255008697509765625e+00
1.253522515296936035e+00
1.251708745956420898e+00
1.247948527336120605e+00
1.245502829551696777e+00
1.242857336997985840e+00
1.240974068641662598e+00
1.238727569580078125e+00
1.237354993820190430e+00
1.226489424705505371e+00
1.214698314666748047e+00
1.184302926063537598e+00
1.151359915733337402e+00
1.130989909172058105e+00
1.121877551078796387e+00
1.120827794075012207e+00
1.121499657630920410e+00
1.122058749198913574e+00
1.123038649559020996e+00
1.125174522399902344e+00
1.127996683120727539e+00
1.130519866943359375e+00
1.131780505180358887e+00
1.132115244865417480e+00
1.142180562019348145e+00
1.143306016921997070e+00
1.128528118133544922e+00
1.133195161819458008e+00
1.123782873153686523e+00
1.127408742904663086e+00
1.124366283416748047e+00
1.121095180511474609e+00
1.120062708854675293e+00
1.118376970291137695e+00
1.118158698081970215e+00
1.116618394851684570e+00
1.116590976715087891e+00
1.115984201431274414e+00
1.116158366203308105e+00
1.115609407424926758e+00
1.115193367004394531e+00
1.114735960960388184e+00
1.113825082778930664e+00
1.113200664520263672e+00
1.112484216690063477e+00
1.111592650413513184e+00
1.110872507095336914e+00
1.110039472579956055e+00
1.109208583831787109e+00
1.108596086502075195e+00
1.108070611953735352e+00
1.107325434684753418e+00
1.106877088546752930e+00
1.106483578681945801e+00
1.105970621109008789e+00
1.105767130851745605e+00
1.105932831764221191e+00
1.105454087257385254e+00
1.105103731155395508e+00
1.104778409004211426e+00
1.104698777198791504e+00
1.105010747909545898e+00
1.104569554328918457e+00
1.104362607002258301e+00
1.103834629058837891e+00
1.103621959686279297e+00
1.103577852249145508e+00
1.103228688240051270e+00
1.103273510932922363e+00
1.102841258049011230e+00
1.102697730064392090e+00
1.102451562881469727e+00
1.102273821830749512e+00
1.102237224578857422e+00
1.102132916450500488e+00
1.102131247520446777e+00
1.101819634437561035e+00
1.101889491081237793e+00
1.101682305335998535e+00
1.101588606834411621e+00
1.101401329040527344e+00
1.101562619209289551e+00
1.101117372512817383e+00
1.101054072380065918e+00
1.100770831108093262e+00
1.100706577301025391e+00
1.100648641586303711e+00
1.101018548011779785e+00
1.101040720939636230e+00
1.102941274642944336e+00
1.104716658592224121e+00
1.110850214958190918e+00
1.103343725204467773e+00
1.100082516670227051e+00
1.102521419525146484e+00
1.100983500480651855e+00
1.099346041679382324e+00
1.100478529930114746e+00
1.100254774093627930e+00
1.099524140357971191e+00
1.099571466445922852e+00
1.099752068519592285e+00
1.099710583686828613e+00
1.099323987960815430e+00
1.099517107009887695e+00
1.099694848060607910e+00
1.099323511123657227e+00
1.099221587181091309e+00
1.099434614181518555e+00
1.098977088928222656e+00
1.098803877830505371e+00
1.098626375198364258e+00
1.098505020141601562e+00
1.098453760147094727e+00
1.098335742950439453e+00
1.098237395286560059e+00
1.098199725151062012e+00
1.098168849945068359e+00
1.098207592964172363e+00
1.098106145858764648e+00
1.098069548606872559e+00
1.098063468933105469e+00
1.097997546195983887e+00
1.097913384437561035e+00
1.097854614257812500e+00
1.097827315330505371e+00
1.097791194915771484e+00
1.097694516181945801e+00
1.097648620605468750e+00
1.097596883773803711e+00
1.097558140754699707e+00
1.097685337066650391e+00
1.097453355789184570e+00
1.097428679466247559e+00
1.097358942031860352e+00
1.097402811050415039e+00
1.097443342208862305e+00
1.097901821136474609e+00
1.097896218299865723e+00
1.099458932876586914e+00
1.100521326065063477e+00
1.103860974311828613e+00
1.101155519485473633e+00
1.098471522331237793e+00
1.096985816955566406e+00
1.097574234008789062e+00
1.098800897598266602e+00
1.098430156707763672e+00
1.097638487815856934e+00
1.096957206726074219e+00
1.096990346908569336e+00
1.097452402114868164e+00
1.097539544105529785e+00
1.097438812255859375e+00
1.096971750259399414e+00
1.096823334693908691e+00
1.096906423568725586e+00
1.097154855728149414e+00
1.096667766571044922e+00
1.096562147140502930e+00
1.096641182899475098e+00
1.096604824066162109e+00
1.096661686897277832e+00
1.096478104591369629e+00
1.096475958824157715e+00
1.096499919891357422e+00
1.096597433090209961e+00
1.096743822097778320e+00
1.096798777580261230e+00
1.096899509429931641e+00
1.096768498420715332e+00
1.096780896186828613e+00
1.096584439277648926e+00
1.096425533294677734e+00
1.096218347549438477e+00
1.096101522445678711e+00
1.096093654632568359e+00
1.095963835716247559e+00
1.095976591110229492e+00
1.095931172370910645e+00
1.096026897430419922e+00
1.096036314964294434e+00
