4.349033737182617188e+01
4.306306076049804688e+01
4.262711715698242188e+01
4.218068695068359375e+01
4.172182464599609375e+01
4.124867630004882812e+01
4.076006317138671875e+01
4.025542449951171875e+01
3.973479843139648438e+01
3.919897460937500000e+01
3.864939498901367188e+01
3.808802032470703125e+01
3.751726150512695312e+01
3.693984603881835938e+01
3.635881042480468750e+01
3.577741241455078125e+01
3.519908905029296875e+01
3.462736511230468750e+01
3.406579971313476562e+01
3.351788330078125000e+01
3.298694229125976562e+01
3.247608566284179688e+01
3.198809623718261719e+01
3.152536201477050781e+01
3.108984375000000000e+01
3.068301391601562500e+01
3.030585670471191406e+01
2.995885467529296875e+01
2.964202880859375000e+01
2.935495948791503906e+01
2.909685325622558594e+01
2.886659622192382812e+01
2.866281509399414062e+01
2.848394393920898438e+01
2.832827568054199219e+01
2.819403648376464844e+01
2.807940864562988281e+01
2.798258590698242188e+01
2.790180206298828125e+01
2.783533668518066406e+01
2.778157424926757812e+01
2.773896026611328125e+01
2.770606422424316406e+01
2.768155097961425781e+01
2.766419029235839844e+01
2.765286827087402344e+01
2.764657211303710938e+01
2.764439010620117188e+01
2.764552116394042969e+01
2.764924812316894531e+01
2.765495491027832031e+01
2.766210556030273438e+01
2.767024040222167969e+01
2.767898178100585938e+01
2.768800544738769531e+01
2.769705009460449219e+01
2.770591735839843750e+01
2.771443367004394531e+01
2.772249221801757812e+01
2.772999954223632812e+01
2.773690223693847656e+01
2.774317169189453125e+01
2.774879455566406250e+01
2.775377845764160156e+01
2.775814056396484375e+01
2.776190567016601562e+01
2.776511764526367188e+01
2.776781463623046875e+01
2.777003860473632812e+01
2.777183341979980469e+01
2.777324867248535156e+01
2.777432632446289062e+01
2.777511215209960938e+01
2.777564239501953125e+01
2.777596092224121094e+01
2.777609825134277344e+01
2.777608871459960938e+01
2.777596092224121094e+01
2.777573776245117188e+01
2.777544593811035156e+01
2.777510452270507812e+01
2.777472877502441406e+01
2.777433013916015625e+01
2.777392959594726562e+01
2.777352905273437500e+01
2.777313613891601562e+01
2.777276039123535156e+01
2.777240371704101562e+01
2.777207374572753906e+01
2.777176666259765625e+01
2.777149200439453125e+01
2.777123832702636719e+01
2.777101516723632812e+01
2.777082061767578125e+01
2.777064704895019531e+01
2.777050209045410156e+01
2.777037429809570312e+01
2.777026939392089844e+01
2.777018356323242188e+01
2.777011299133300781e+01
2.777005958557128906e+01
2.777001380920410156e+01
2.776998329162597656e+01
2.776996421813964844e+01
2.776995086669921875e+01
2.776994705200195312e+01
2.776994705200195312e+01
2.776995086669921875e+01
2.776995468139648438e+01
2.776996612548828125e+01
2.776997756958007812e+01
2.776998901367187500e+01
2.777000617980957031e+01
2.777001953125000000e+01
2.777003097534179688e+01
2.777004432678222656e+01
2.777005577087402344e+01
2.777006912231445312e+01
2.777007865905761719e+01
2.777008819580078125e+01
2.777009391784667969e+01
2.777010154724121094e+01
2.777010726928710938e+01
2.777010917663574219e+01
2.777011680603027344e+01
2.777011680603027344e+01
2.777011871337890625e+01
2.777012062072753906e+01
2.777011871337890625e+01
2.777011871337890625e+01
2.777011871337890625e+01
2.777011680603027344e+01
2.777011489868164062e+01
2.777011299133300781e+01
2.777010726928710938e+01
2.777010536193847656e+01
2.777010345458984375e+01
2.777009773254394531e+01
2.777009391784667969e+01
2.777009201049804688e+01
2.777008819580078125e+01
2.777008438110351562e+01
2.777008247375488281e+01
2.777007865905761719e+01
2.777007293701171875e+01
2.777007102966308594e+01
2.777006721496582031e+01
2.777006530761718750e+01
2.777006149291992188e+01
2.777005958557128906e+01
2.777005577087402344e+01
2.777005004882812500e+01
2.777005004882812500e+01
2.777004623413085938e+01
2.777004241943359375e+01
2.777004241943359375e+01
2.777003669738769531e+01
2.777003669738769531e+01
2.777003288269042969e+01
2.777003097534179688e+01
2.777002716064453125e+01
2.777002716064453125e+01
2.777002334594726562e+01
2.777002334594726562e+01
2.777002143859863281e+01
2.777001953125000000e+01
2.777001380920410156e+01
2.777001380920410156e+01
2.777000999450683594e+01
2.777000999450683594e+01
2.777000999450683594e+01
2.777000617980957031e+01
2.777000617980957031e+01
2.777000236511230469e+01
2.777000045776367188e+01
2.777000045776367188e+01
2.776999664306640625e+01
2.776999664306640625e+01
2.776999092102050781e+01
2.776999092102050781e+01
2.776999092102050781e+01
2.776999092102050781e+01
2.776998710632324219e+01
2.776998710632324219e+01
2.776998329162597656e+01
2.776998329162597656e+01
2.776998329162597656e+01
2.776997947692871094e+01
2.776997756958007812e+01
2.776997756958007812e+01
2.776997566223144531e+01
2.776997375488281250e+01
2.776997375488281250e+01
2.776997375488281250e+01
2.776997184753417969e+01
2.776996803283691406e+01
2.776996803283691406e+01
2.776996612548828125e+01
2.776996421813964844e+01
2.776996421813964844e+01
2.776996231079101562e+01
2.776996040344238281e+01
2.776996040344238281e+01
2.776995849609375000e+01
2.776995849609375000e+01
2.776995468139648438e+01
2.776995277404785156e+01
2.776995277404785156e+01
2.776995277404785156e+01
2.776995086669921875e+01
2.776995086669921875e+01
2.776994895935058594e+01
2.776994895935058594e+01
2.776994705200195312e+01
2.776994323730468750e+01
2.776994323730468750e+01
2.776994132995605469e+01
2.776994132995605469e+01
2.776993942260742188e+01
2.776993942260742188e+01
2.776993751525878906e+01
2.776993751525878906e+01
2.776993751525878906e+01
2.776993751525878906e+01
2.776993179321289062e+01
2.776993179321289062e+01
2.776993179321289062e+01
2.776992797851562500e+01
2.776992797851562500e+01
2.776992797851562500e+01
2.776992797851562500e+01
2.776992797851562500e+01
2.776992416381835938e+01
2.776992416381835938e+01
2.776992416381835938e+01
2.776992416381835938e+01
2.776992416381835938e+01
2.776992034912109375e+01
2.776991844177246094e+01
2.776991844177246094e+01
2.776991844177246094e+01
2.776991844177246094e+01
2.776991653442382812e+01
2.776991462707519531e+01
2.776991462707519531e+01
2.776991462707519531e+01
2.776991462707519531e+01
2.776990890502929688e+01
2.776990890502929688e+01
2.776990890502929688e+01
2.776990890502929688e+01
2.776990890502929688e+01
2.776990890502929688e+01
2.776990509033203125e+01
2.776990509033203125e+01
2.776990509033203125e+01
2.776990509033203125e+01
2.776990509033203125e+01
2.776990318298339844e+01
2.776990318298339844e+01
2.776990318298339844e+01
2.776990127563476562e+01
2.776990127563476562e+01
2.776990127563476562e+01
2.776989746093750000e+01
2.776989746093750000e+01
2.776989746093750000e+01
2.776989746093750000e+01
2.776989746093750000e+01
2.776989555358886719e+01
2.776989555358886719e+01
2.776989364624023438e+01
2.776989364624023438e+01
2.776989364624023438e+01
2.776989364624023438e+01
2.776989173889160156e+01
2.776989173889160156e+01
2.776989173889160156e+01
2.776989173889160156e+01
2.776988983154296875e+01
2.776988792419433594e+01
2.776988792419433594e+01
2.776988792419433594e+01
2.776988792419433594e+01
2.776988410949707031e+01
2.776988410949707031e+01
2.776988410949707031e+01
2.776988410949707031e+01
2.776988410949707031e+01
2.776988220214843750e+01
2.776988220214843750e+01
2.776988220214843750e+01
2.776988029479980469e+01
2.776988029479980469e+01
2.776988029479980469e+01
2.776988029479980469e+01
2.776988029479980469e+01
2.776988029479980469e+01
2.776987838745117188e+01
2.776987838745117188e+01
