3.627941894531250000e+01
3.584935379028320312e+01
3.527220916748046875e+01
3.464704895019531250e+01
3.398855972290039062e+01
3.326021957397460938e+01
3.231339645385742188e+01
3.149210739135742188e+01
3.069528961181640625e+01
2.989887619018554688e+01
2.910777854919433594e+01
2.832649230957031250e+01
2.758061790466308594e+01
2.689938354492187500e+01
2.627532196044921875e+01
2.570999717712402344e+01
2.520556831359863281e+01
2.476431083679199219e+01
2.438686943054199219e+01
2.407152748107910156e+01
2.381455421447753906e+01
2.361082267761230469e+01
2.345445442199707031e+01
2.333937454223632812e+01
2.325970458984375000e+01
2.320998764038085938e+01
2.318523979187011719e+01
2.318094635009765625e+01
2.319301414489746094e+01
2.321771430969238281e+01
2.325167655944824219e+01
2.329185485839843750e+01
2.333555221557617188e+01
2.338039970397949219e+01
2.342430877685546875e+01
2.346537017822265625e+01
2.350183868408203125e+01
2.353259849548339844e+01
2.355676269531250000e+01
2.357211112976074219e+01
2.361331176757812500e+01
2.325437545776367188e+01
2.265834236145019531e+01
2.202806472778320312e+01
2.148521423339843750e+01
2.101946258544921875e+01
2.062417221069335938e+01
2.028494071960449219e+01
1.986670494079589844e+01
1.955369949340820312e+01
1.929224014282226562e+01
1.906502342224121094e+01
1.889130401611328125e+01
1.876633453369140625e+01
1.868072700500488281e+01
1.862519073486328125e+01
1.859095382690429688e+01
1.857043075561523438e+01
1.855767440795898438e+01
1.854894447326660156e+01
1.854269790649414062e+01
1.853832054138183594e+01
1.853514862060546875e+01
1.853232383728027344e+01
1.853322029113769531e+01
1.853775215148925781e+01
1.854993820190429688e+01
1.855370712280273438e+01
1.852246093750000000e+01
1.850299835205078125e+01
1.848852348327636719e+01
1.847518348693847656e+01
1.846275901794433594e+01
1.845121574401855469e+01
1.844291496276855469e+01
1.843747520446777344e+01
1.843332481384277344e+01
1.843738555908203125e+01
1.843138885498046875e+01
1.841365432739257812e+01
1.839566612243652344e+01
1.838570213317871094e+01
1.837792015075683594e+01
1.837155914306640625e+01
1.836635398864746094e+01
1.836209678649902344e+01
1.835861587524414062e+01
1.835574722290039062e+01
1.835333824157714844e+01
1.835118865966796875e+01
1.835108947753906250e+01
1.836107063293457031e+01
1.843631553649902344e+01
1.842211723327636719e+01
1.838378143310546875e+01
1.836517906188964844e+01
1.835316848754882812e+01
1.834817504882812500e+01
1.834692382812500000e+01
1.834461593627929688e+01
1.834157752990722656e+01
1.833967399597167969e+01
1.833856773376464844e+01
1.833696174621582031e+01
1.833484077453613281e+01
1.833244323730468750e+01
1.833061408996582031e+01
1.832910728454589844e+01
1.832794952392578125e+01
1.832688331604003906e+01
1.832591247558593750e+01
1.832537651062011719e+01
1.832453346252441406e+01
1.832310295104980469e+01
1.832207298278808594e+01
1.832176780700683594e+01
1.832123565673828125e+01
1.831994628906250000e+01
1.831829643249511719e+01
1.831716918945312500e+01
1.831679153442382812e+01
1.831634140014648438e+01
1.831529426574707031e+01
1.831396675109863281e+01
1.831307983398437500e+01
1.831286239624023438e+01
1.831262779235839844e+01
1.831190490722656250e+01
1.831092262268066406e+01
1.831029319763183594e+01
1.831000137329101562e+01
1.830963134765625000e+01
1.830909156799316406e+01
1.830844306945800781e+01
1.830782318115234375e+01
1.830748558044433594e+01
1.830725097656250000e+01
1.830677604675292969e+01
1.830620574951171875e+01
1.830591201782226562e+01
1.830578422546386719e+01
1.830545806884765625e+01
1.830499267578125000e+01
1.830471611022949219e+01
1.830456161499023438e+01
1.830423927307128906e+01
1.830382728576660156e+01
1.830361747741699219e+01
1.830349540710449219e+01
1.830318260192871094e+01
1.830278968811035156e+01
1.830260658264160156e+01
1.830251884460449219e+01
1.830224800109863281e+01
1.830189132690429688e+01
1.830172348022460938e+01
1.830164337158203125e+01
1.830139923095703125e+01
1.830108070373535156e+01
1.830089187622070312e+01
1.830078697204589844e+01
1.830059051513671875e+01
1.830031204223632812e+01
1.830005264282226562e+01
1.829991149902343750e+01
1.829978752136230469e+01
1.829955863952636719e+01
1.829931831359863281e+01
1.829999351501464844e+01
1.830159759521484375e+01
1.830306816101074219e+01
1.830392837524414062e+01
1.830394744873046875e+01
1.830373001098632812e+01
1.830400276184082031e+01
1.830444335937500000e+01
1.830418586730957031e+01
1.830322837829589844e+01
1.830201721191406250e+01
1.830099105834960938e+01
1.830050086975097656e+01
1.830023956298828125e+01
1.829977607727050781e+01
1.829916191101074219e+01
1.829858589172363281e+01
1.829838562011718750e+01
1.829845237731933594e+01
1.829846954345703125e+01
1.829836463928222656e+01
1.829816627502441406e+01
1.829801177978515625e+01
1.829791831970214844e+01
1.829760169982910156e+01
1.829757881164550781e+01
1.829808235168457031e+01
1.829821777343750000e+01
1.829813957214355469e+01
1.829767608642578125e+01
1.829712677001953125e+01
1.829670333862304688e+01
1.829660606384277344e+01
1.829666900634765625e+01
1.829667854309082031e+01
1.829658317565917969e+01
1.829634475708007812e+01
1.829604339599609375e+01
1.829588127136230469e+01
1.829581069946289062e+01
1.829561424255371094e+01
1.829532623291015625e+01
1.829508399963378906e+01
1.829491996765136719e+01
1.829475402832031250e+01
1.829450798034667969e+01
1.829422569274902344e+01
1.829398345947265625e+01
1.829377555847167969e+01
1.829354286193847656e+01
1.829323387145996094e+01
1.829286575317382812e+01
1.829247283935546875e+01
1.829207038879394531e+01
1.829161071777343750e+01
1.829108428955078125e+01
1.829053688049316406e+01
1.829008102416992188e+01
1.828981208801269531e+01
1.828975868225097656e+01
1.828978729248046875e+01
1.828970718383789062e+01
1.828949737548828125e+01
1.828929901123046875e+01
1.828918266296386719e+01
1.828916168212890625e+01
1.828913116455078125e+01
1.828900337219238281e+01
1.828894042968750000e+01
1.828891563415527344e+01
1.828882217407226562e+01
1.828879165649414062e+01
1.828880119323730469e+01
1.828875160217285156e+01
1.828865242004394531e+01
1.828854751586914062e+01
1.828847503662109375e+01
1.828841781616210938e+01
1.828833580017089844e+01
1.828823089599609375e+01
1.828817176818847656e+01
1.828811645507812500e+01
1.828800582885742188e+01
1.828796577453613281e+01
1.828797340393066406e+01
1.828792762756347656e+01
1.828785514831542969e+01
1.828783607482910156e+01
1.828783988952636719e+01
1.828777503967285156e+01
1.828770256042480469e+01
1.828770828247070312e+01
1.828771591186523438e+01
1.828762817382812500e+01
1.828753471374511719e+01
1.828752326965332031e+01
1.828752517700195312e+01
1.828744506835937500e+01
1.828733634948730469e+01
1.828730010986328125e+01
1.828730201721191406e+01
1.828722190856933594e+01
1.828709983825683594e+01
1.828704452514648438e+01
1.828703498840332031e+01
1.828696250915527344e+01
1.828684806823730469e+01
1.828676986694335938e+01
1.828673934936523438e+01
1.828669738769531250e+01
1.828660583496093750e+01
1.828650093078613281e+01
1.828643417358398438e+01
1.828639221191406250e+01
1.828632545471191406e+01
1.828623008728027344e+01
1.828615188598632812e+01
1.828608894348144531e+01
1.828602218627929688e+01
1.828594207763671875e+01
1.828585624694824219e+01
1.828577423095703125e+01
1.828569602966308594e+01
1.828561401367187500e+01
1.828551864624023438e+01
1.828544235229492188e+01
1.828535079956054688e+01
1.828521537780761719e+01
1.828512001037597656e+01
1.828502464294433594e+01
1.828486251831054688e+01
1.828469467163085938e+01
