2.581142425537109375e+01
2.532974815368652344e+01
2.477691459655761719e+01
2.418866729736328125e+01
2.356415939331054688e+01
2.289857482910156250e+01
2.218885803222656250e+01
2.143798255920410156e+01
2.065294647216796875e+01
1.984322357177734375e+01
1.902051925659179688e+01
1.819829750061035156e+01
1.739115524291992188e+01
1.661423301696777344e+01
1.588234615325927734e+01
1.520894336700439453e+01
1.460492420196533203e+01
1.407761764526367188e+01
1.363014793395996094e+01
1.326139068603515625e+01
1.296658229827880859e+01
1.273841953277587891e+01
1.256836986541748047e+01
1.244781208038330078e+01
1.236875343322753906e+01
1.232410335540771484e+01
1.230760192871093750e+01
1.231360530853271484e+01
1.233692073822021484e+01
1.237277698516845703e+01
1.241681766510009766e+01
1.246439838409423828e+01
1.251168441772460938e+01
1.255730724334716797e+01
1.260216808319091797e+01
1.264098262786865234e+01
1.265130805969238281e+01
1.263706779479980469e+01
1.261499309539794922e+01
1.259215259552001953e+01
1.256970691680908203e+01
1.254802227020263672e+01
1.252756690979003906e+01
1.250882339477539062e+01
1.249217700958251953e+01
1.247787189483642578e+01
1.246599388122558594e+01
1.245646572113037109e+01
1.244907569885253906e+01
1.244350814819335938e+01
1.243937397003173828e+01
1.243623828887939453e+01
1.243368625640869141e+01
1.243137359619140625e+01
1.242908763885498047e+01
1.242675018310546875e+01
1.242438507080078125e+01
1.242206382751464844e+01
1.241990470886230469e+01
1.241815185546875000e+01
1.241730594635009766e+01
1.241797161102294922e+01
1.242014217376708984e+01
1.242291259765625000e+01
1.242512416839599609e+01
1.242599868774414062e+01
1.242533397674560547e+01
1.242343044281005859e+01
1.242093181610107422e+01
1.241855239868164062e+01
1.241673088073730469e+01
1.241541004180908203e+01
1.241418170928955078e+01
1.241263961791992188e+01
1.241060924530029297e+01
1.240818119049072266e+01
1.240561771392822266e+01
1.240321731567382812e+01
1.240118026733398438e+01
1.239954853057861328e+01
1.239820480346679688e+01
1.239697742462158203e+01
1.239571571350097656e+01
1.239435291290283203e+01
1.239289855957031250e+01
1.239141654968261719e+01
1.238996791839599609e+01
1.238859748840332031e+01
1.238729572296142578e+01
1.238601303100585938e+01
1.238468933105468750e+01
1.238327121734619141e+01
1.238173961639404297e+01
1.238010120391845703e+01
1.237838745117187500e+01
1.237643814086914062e+01
1.244701290130615234e+01
1.237611579895019531e+01
1.240757560729980469e+01
1.237212467193603516e+01
1.236177349090576172e+01
1.235611438751220703e+01
1.235712528228759766e+01
1.237212181091308594e+01
1.240177440643310547e+01
1.245597934722900391e+01
1.251533412933349609e+01
1.229695701599121094e+01
1.224670124053955078e+01
1.245096015930175781e+01
1.262950229644775391e+01
1.249922370910644531e+01
1.229790210723876953e+01
1.204630279541015625e+01
1.198929119110107422e+01
1.196312236785888672e+01
1.194859123229980469e+01
1.194189453125000000e+01
1.194178104400634766e+01
1.194723701477050781e+01
1.195706844329833984e+01
1.196972656250000000e+01
1.198371028900146484e+01
1.199786949157714844e+01
1.201115608215332031e+01
1.202252388000488281e+01
1.203157901763916016e+01
1.204260349273681641e+01
1.205813407897949219e+01
1.207784843444824219e+01
1.208477973937988281e+01
1.204681301116943359e+01
1.186027240753173828e+01
1.147262763977050781e+01
1.099866294860839844e+01
1.050708007812500000e+01
1.005771923065185547e+01
9.670274734497070312e+00
9.354836463928222656e+00
9.080085754394531250e+00
8.837271690368652344e+00
8.638272285461425781e+00
8.492501258850097656e+00
8.400243759155273438e+00
8.396743774414062500e+00
8.398566246032714844e+00
8.355257987976074219e+00
8.321768760681152344e+00
8.296095848083496094e+00
8.281517982482910156e+00
8.412280082702636719e+00
8.154587745666503906e+00
8.103831291198730469e+00
8.068099975585937500e+00
8.047869682312011719e+00
8.029074668884277344e+00
8.017190933227539062e+00
8.012919425964355469e+00
8.014848709106445312e+00
8.023345947265625000e+00
8.035123825073242188e+00
8.055496215820312500e+00
8.083494186401367188e+00
8.101725578308105469e+00
8.110489845275878906e+00
8.128623008728027344e+00
8.143805503845214844e+00
8.129246711730957031e+00
8.106850624084472656e+00
8.092884063720703125e+00
8.086670875549316406e+00
8.083660125732421875e+00
8.080320358276367188e+00
8.070910453796386719e+00
8.055017471313476562e+00
8.041851043701171875e+00
8.034639358520507812e+00
8.032147407531738281e+00
8.030040740966796875e+00
8.024720191955566406e+00
8.017566680908203125e+00
8.011280059814453125e+00
8.019834518432617188e+00
8.039896011352539062e+00
8.050928115844726562e+00
8.048381805419921875e+00
8.038998603820800781e+00
8.034697532653808594e+00
8.033507347106933594e+00
8.027462005615234375e+00
8.018059730529785156e+00
8.010730743408203125e+00
8.007961273193359375e+00
8.005335807800292969e+00
7.999598026275634766e+00
7.992144107818603516e+00
7.985033035278320312e+00
7.982445240020751953e+00
7.982728004455566406e+00
7.981671810150146484e+00
7.979288101196289062e+00
7.976467132568359375e+00
7.976545333862304688e+00
7.978324890136718750e+00
7.978034973144531250e+00
7.976759910583496094e+00
7.974523544311523438e+00
7.979889869689941406e+00
7.993152141571044922e+00
8.004647254943847656e+00
8.011610031127929688e+00
8.013620376586914062e+00
8.011402130126953125e+00
8.006099700927734375e+00
7.999276638031005859e+00
7.994209766387939453e+00
7.989525794982910156e+00
7.982120990753173828e+00
7.973512172698974609e+00
7.965302467346191406e+00
7.960444927215576172e+00
7.957551002502441406e+00
7.953866958618164062e+00
7.950278282165527344e+00
7.947731018066406250e+00
7.948366165161132812e+00
7.950424194335937500e+00
7.950762748718261719e+00
7.950006008148193359e+00
7.949160575866699219e+00
7.948124408721923828e+00
7.946309089660644531e+00
7.943994045257568359e+00
7.944267749786376953e+00
7.946426868438720703e+00
7.946905136108398438e+00
7.945637226104736328e+00
7.943300724029541016e+00
7.940332412719726562e+00
7.936903953552246094e+00
7.933540821075439453e+00
7.933207035064697266e+00
7.935005187988281250e+00
7.932940483093261719e+00
7.933505058288574219e+00
7.955852031707763672e+00
8.008137702941894531e+00
8.056166648864746094e+00
8.088599205017089844e+00
8.119633674621582031e+00
8.460325241088867188e+00
8.498440742492675781e+00
8.080820083618164062e+00
8.003789901733398438e+00
7.956154346466064453e+00
7.925878047943115234e+00
7.902036666870117188e+00
7.886915206909179688e+00
7.879120826721191406e+00
7.876212120056152344e+00
7.877736568450927734e+00
7.882666110992431641e+00
7.889714717864990234e+00
7.898226737976074219e+00
7.907408237457275391e+00
7.916158676147460938e+00
7.923769950866699219e+00
7.930025577545166016e+00
7.934705734252929688e+00
7.937505245208740234e+00
7.938420295715332031e+00
7.937803745269775391e+00
7.938634395599365234e+00
7.940344810485839844e+00
7.938936710357666016e+00
7.934555053710937500e+00
7.928551197052001953e+00
7.921931266784667969e+00
7.915346622467041016e+00
7.909946918487548828e+00
7.906399726867675781e+00
7.905846595764160156e+00
7.906909942626953125e+00
7.907428264617919922e+00
7.908037185668945312e+00
7.908211231231689453e+00
7.906812667846679688e+00
7.904322147369384766e+00
7.902292251586914062e+00
7.901193618774414062e+00
7.900269031524658203e+00
7.899380207061767578e+00
7.899151325225830078e+00
7.899533271789550781e+00
7.899872779846191406e+00
7.900111675262451172e+00
7.900625228881835938e+00
7.901322364807128906e+00
7.901764869689941406e+00
7.901914119720458984e+00
