5.034068679809570312e+01
4.972527694702148438e+01
4.908635330200195312e+01
4.842714309692382812e+01
4.773081207275390625e+01
4.693166351318359375e+01
4.606734085083007812e+01
4.513769149780273438e+01
4.415701675415039062e+01
4.308461380004882812e+01
4.189710617065429688e+01
4.061001586914062500e+01
3.920015716552734375e+01
3.747754287719726562e+01
3.562601470947265625e+01
3.371266555786132812e+01
3.178503608703613281e+01
2.988442039489746094e+01
2.804872131347656250e+01
2.631294822692871094e+01
2.470833778381347656e+01
2.326058006286621094e+01
2.198770332336425781e+01
2.089823532104492188e+01
1.999039077758789062e+01
1.925270462036132812e+01
1.866633224487304688e+01
1.820848655700683594e+01
1.785615730285644531e+01
1.758908271789550781e+01
1.739125251770019531e+01
1.725089073181152344e+01
1.715934562683105469e+01
1.710963630676269531e+01
1.709519958496093750e+01
1.710920333862304688e+01
1.714439964294433594e+01
1.719340896606445312e+01
1.724919891357421875e+01
1.730557441711425781e+01
1.735755348205566406e+01
1.740156173706054688e+01
1.743544769287109375e+01
1.745835685729980469e+01
1.747053337097167969e+01
1.747301101684570312e+01
1.746738052368164062e+01
1.745550537109375000e+01
1.743932533264160156e+01
1.742068862915039062e+01
1.740124130249023438e+01
1.738235473632812500e+01
1.736509323120117188e+01
1.735022163391113281e+01
1.733821678161621094e+01
1.732930755615234375e+01
1.732350540161132812e+01
1.732065010070800781e+01
1.732044410705566406e+01
1.732250022888183594e+01
1.732637023925781250e+01
1.733157348632812500e+01
1.733763885498046875e+01
1.734411239624023438e+01
1.735059356689453125e+01
1.735673522949218750e+01
1.736226844787597656e+01
1.736699295043945312e+01
1.737078666687011719e+01
1.737359809875488281e+01
1.737543678283691406e+01
1.737636566162109375e+01
1.737649154663085938e+01
1.737593841552734375e+01
1.737485313415527344e+01
1.737338638305664062e+01
1.737168312072753906e+01
1.736987495422363281e+01
1.736807441711425781e+01
1.736638069152832031e+01
1.736485671997070312e+01
1.736355972290039062e+01
1.736251068115234375e+01
1.736171913146972656e+01
1.736117935180664062e+01
1.736087226867675781e+01
1.736076545715332031e+01
1.736082839965820312e+01
1.736102294921875000e+01
1.736131286621093750e+01
1.736166191101074219e+01
1.736203765869140625e+01
1.736241149902343750e+01
1.736277008056640625e+01
1.736308860778808594e+01
1.736336326599121094e+01
1.736358261108398438e+01
1.736374855041503906e+01
1.736386489868164062e+01
1.736393165588378906e+01
1.736395835876464844e+01
1.736395263671875000e+01
1.736392211914062500e+01
1.736387443542480469e+01
1.736381530761718750e+01
1.736375045776367188e+01
1.736369132995605469e+01
1.736363410949707031e+01
1.736358642578125000e+01
1.736354637145996094e+01
1.736351776123046875e+01
1.736350250244140625e+01
1.736349296569824219e+01
1.736349296569824219e+01
1.736349868774414062e+01
1.736351203918457031e+01
1.736352729797363281e+01
1.736354446411132812e+01
1.736356353759765625e+01
1.736358261108398438e+01
1.736360168457031250e+01
1.736361885070800781e+01
1.736363029479980469e+01
1.736364173889160156e+01
1.736365127563476562e+01
1.736365699768066406e+01
1.736366271972656250e+01
1.736366653442382812e+01
1.736366653442382812e+01
1.736367034912109375e+01
1.736367034912109375e+01
1.736367034912109375e+01
1.736367225646972656e+01
1.736367225646972656e+01
1.736367225646972656e+01
1.736367416381835938e+01
1.736367607116699219e+01
1.736367988586425781e+01
1.736368370056152344e+01
1.736368560791015625e+01
1.736368942260742188e+01
1.736369514465332031e+01
1.736369895935058594e+01
1.736370468139648438e+01
1.736370849609375000e+01
1.736371231079101562e+01
1.736371803283691406e+01
1.736372184753417969e+01
1.736372566223144531e+01
1.736372947692871094e+01
1.736373519897460938e+01
1.736373710632324219e+01
1.736374092102050781e+01
1.736374473571777344e+01
1.736374664306640625e+01
1.736375045776367188e+01
1.736375427246093750e+01
1.736375617980957031e+01
1.736375808715820312e+01
1.736376190185546875e+01
1.736376380920410156e+01
1.736376762390136719e+01
1.736377143859863281e+01
1.736377334594726562e+01
1.736377716064453125e+01
1.736377906799316406e+01
1.736378288269042969e+01
1.736378669738769531e+01
1.736378860473632812e+01
1.736379241943359375e+01
1.736379432678222656e+01
1.736379814147949219e+01
1.736380004882812500e+01
1.736380386352539062e+01
1.736380577087402344e+01
1.736380958557128906e+01
1.736381149291992188e+01
1.736381340026855469e+01
1.736381530761718750e+01
1.736381912231445312e+01
1.736382293701171875e+01
1.736382484436035156e+01
1.736382865905761719e+01
1.736383056640625000e+01
1.736383247375488281e+01
1.736383438110351562e+01
1.736383819580078125e+01
1.736384010314941406e+01
1.736384201049804688e+01
1.736384391784667969e+01
1.736384773254394531e+01
1.736384963989257812e+01
1.736385345458984375e+01
1.736385345458984375e+01
1.736385726928710938e+01
1.736385917663574219e+01
1.736386108398437500e+01
1.736386489868164062e+01
1.736386680603027344e+01
1.736386871337890625e+01
1.736387062072753906e+01
1.736387443542480469e+01
1.736387634277343750e+01
1.736387825012207031e+01
1.736388015747070312e+01
1.736388397216796875e+01
1.736388397216796875e+01
1.736388778686523438e+01
1.736388969421386719e+01
1.736388969421386719e+01
1.736389350891113281e+01
1.736389541625976562e+01
1.736389732360839844e+01
1.736389923095703125e+01
1.736390304565429688e+01
1.736390495300292969e+01
1.736390686035156250e+01
1.736390876770019531e+01
1.736390876770019531e+01
1.736391258239746094e+01
1.736391448974609375e+01
1.736391639709472656e+01
1.736391830444335938e+01
1.736391830444335938e+01
1.736392211914062500e+01
1.736392402648925781e+01
1.736392593383789062e+01
1.736392784118652344e+01
1.736392974853515625e+01
1.736393165588378906e+01
1.736393356323242188e+01
1.736393547058105469e+01
1.736393547058105469e+01
1.736393928527832031e+01
1.736394119262695312e+01
1.736394309997558594e+01
1.736394500732421875e+01
1.736394500732421875e+01
1.736394882202148438e+01
1.736395072937011719e+01
1.736395263671875000e+01
1.736395263671875000e+01
1.736395454406738281e+01
1.736395835876464844e+01
1.736395835876464844e+01
1.736396026611328125e+01
1.736396217346191406e+01
1.736396408081054688e+01
1.736396789550781250e+01
1.736396789550781250e+01
1.736396980285644531e+01
1.736396980285644531e+01
1.736397171020507812e+01
1.736397361755371094e+01
1.736397552490234375e+01
1.736397743225097656e+01
1.736397933959960938e+01
1.736398124694824219e+01
1.736398124694824219e+01
1.736398315429687500e+01
1.736398696899414062e+01
1.736398696899414062e+01
1.736398887634277344e+01
1.736399078369140625e+01
1.736399078369140625e+01
1.736399269104003906e+01
1.736399459838867188e+01
1.736399650573730469e+01
1.736399650573730469e+01
1.736399841308593750e+01
1.736400032043457031e+01
1.736400222778320312e+01
1.736400222778320312e+01
1.736400604248046875e+01
1.736400604248046875e+01
1.736400604248046875e+01
1.736400985717773438e+01
1.736400985717773438e+01
1.736401367187500000e+01
1.736401367187500000e+01
1.736401367187500000e+01
1.736401557922363281e+01
1.736401748657226562e+01
1.736401939392089844e+01
1.736402130126953125e+01
1.736402320861816406e+01
1.736402320861816406e+01
1.736402511596679688e+01
1.736402511596679688e+01
1.736402702331542969e+01
1.736402893066406250e+01
1.736402893066406250e+01
1.736403274536132812e+01
1.736403274536132812e+01
1.736403465270996094e+01
1.736403656005859375e+01
1.736403656005859375e+01
1.736403846740722656e+01
1.736403846740722656e+01
1.736404228210449219e+01
