2.630463790893554688e+01
2.606094551086425781e+01
2.579902076721191406e+01
2.553106689453125000e+01
2.526157569885253906e+01
2.499444770812988281e+01
2.472446060180664062e+01
2.445298194885253906e+01
2.417001914978027344e+01
2.389628410339355469e+01
2.363706207275390625e+01
2.338836479187011719e+01
2.316108131408691406e+01
2.295517921447753906e+01
2.277334213256835938e+01
2.261297798156738281e+01
2.247372245788574219e+01
2.235511970520019531e+01
2.225671005249023438e+01
2.217794990539550781e+01
2.211784934997558594e+01
2.207466888427734375e+01
2.204594039916992188e+01
2.202888679504394531e+01
2.202088356018066406e+01
2.201972389221191406e+01
2.202363204956054688e+01
2.203117370605468750e+01
2.204116249084472656e+01
2.205257415771484375e+01
2.206453323364257812e+01
2.207632446289062500e+01
2.208741188049316406e+01
2.209745025634765625e+01
2.210623741149902344e+01
2.211366844177246094e+01
2.211969375610351562e+01
2.212429809570312500e+01
2.212750053405761719e+01
2.212936782836914062e+01
2.213002586364746094e+01
2.212965965270996094e+01
2.212849044799804688e+01
2.212675857543945312e+01
2.212468338012695312e+01
2.212245941162109375e+01
2.212023162841796875e+01
2.211810874938964844e+01
2.211616516113281250e+01
2.211445999145507812e+01
2.211302375793457031e+01
2.211188316345214844e+01
2.211104393005371094e+01
2.211050033569335938e+01
2.211023330688476562e+01
2.211021423339843750e+01
2.211039733886718750e+01
2.211074066162109375e+01
2.211119651794433594e+01
2.211172294616699219e+01
2.211227798461914062e+01
2.211282730102539062e+01
2.211333656311035156e+01
2.211378669738769531e+01
2.211415863037109375e+01
2.211444091796875000e+01
2.211462974548339844e+01
2.211472702026367188e+01
2.211474418640136719e+01
2.211468887329101562e+01
2.211457633972167969e+01
2.211442184448242188e+01
2.211423683166503906e+01
2.211404418945312500e+01
2.211384963989257812e+01
2.211366462707519531e+01
2.211349868774414062e+01
2.211335563659667969e+01
2.211323738098144531e+01
2.211314582824707031e+01
2.211307525634765625e+01
2.211303138732910156e+01
2.211300659179687500e+01
2.211299514770507812e+01
2.211299514770507812e+01
2.211300659179687500e+01
2.211301994323730469e+01
2.211303710937500000e+01
2.211305427551269531e+01
2.211307144165039062e+01
2.211308288574218750e+01
2.211309242248535156e+01
2.211309432983398438e+01
2.211309242248535156e+01
2.211308288574218750e+01
2.211306953430175781e+01
2.211305046081542969e+01
2.211302566528320312e+01
2.211299324035644531e+01
2.211295700073242188e+01
2.211291694641113281e+01
2.211287117004394531e+01
2.211282348632812500e+01
2.211277198791503906e+01
2.211272048950195312e+01
2.211266517639160156e+01
2.211260986328125000e+01
2.211255264282226562e+01
2.211249351501464844e+01
2.211243247985839844e+01
2.211237144470214844e+01
2.211230468750000000e+01
2.211223793029785156e+01
2.211216354370117188e+01
2.211208915710449219e+01
2.211200714111328125e+01
2.211191749572753906e+01
2.211182022094726562e+01
2.211170959472656250e+01
2.211158370971679688e+01
2.211144065856933594e+01
2.211127662658691406e+01
2.211108398437500000e+01
2.211085891723632812e+01
2.211060333251953125e+01
2.211031341552734375e+01
2.210998725891113281e+01
2.210963058471679688e+01
2.210923957824707031e+01
2.210883140563964844e+01
2.210840415954589844e+01
2.210796546936035156e+01
2.210752868652343750e+01
2.210709571838378906e+01
2.210667419433593750e+01
2.210626983642578125e+01
2.210588073730468750e+01
2.210551452636718750e+01
2.210516357421875000e+01
2.210482978820800781e+01
2.210450935363769531e+01
2.210419654846191406e+01
2.210388755798339844e+01
2.210358047485351562e+01
2.210326576232910156e+01
2.210294532775878906e+01
2.210261344909667969e+01
2.210226631164550781e+01
2.210190582275390625e+01
2.210152816772460938e+01
2.210113716125488281e+01
2.210073280334472656e+01
2.210031509399414062e+01
2.209989166259765625e+01
2.209946060180664062e+01
2.209903144836425781e+01
2.209860038757324219e+01
2.209816932678222656e+01
2.209774780273437500e+01
2.209733200073242188e+01
2.209692573547363281e+01
2.209652709960937500e+01
2.209614181518554688e+01
2.209576416015625000e+01
2.209539604187011719e+01
2.209503555297851562e+01
2.209468650817871094e+01
2.209434318542480469e+01
2.209400749206542969e+01
2.209367752075195312e+01
2.209335517883300781e+01
2.209303665161132812e+01
2.209272384643554688e+01
2.209241485595703125e+01
2.209211158752441406e+01
2.209181404113769531e+01
2.209152030944824219e+01
2.209123229980468750e+01
2.209095001220703125e+01
2.209066772460937500e+01
2.209039688110351562e+01
2.209012794494628906e+01
2.208986091613769531e+01
2.208959960937500000e+01
2.208934402465820312e+01
2.208909416198730469e+01
2.208884429931640625e+01
2.208860015869140625e+01
2.208836174011230469e+01
2.208812522888183594e+01
2.208788871765136719e+01
2.208765792846679688e+01
2.208743095397949219e+01
2.208720397949218750e+01
2.208698081970214844e+01
2.208675956726074219e+01
2.208654022216796875e+01
2.208632278442382812e+01
2.208610725402832031e+01
2.208589363098144531e+01
2.208568191528320312e+01
2.208547019958496094e+01
2.208525848388671875e+01
2.208505249023437500e+01
2.208484268188476562e+01
2.208463668823242188e+01
2.208443069458007812e+01
2.208422279357910156e+01
2.208401679992675781e+01
2.208381080627441406e+01
2.208360290527343750e+01
2.208339691162109375e+01
2.208318901062011719e+01
2.208298301696777344e+01
2.208277511596679688e+01
2.208256721496582031e+01
2.208235931396484375e+01
2.208215141296386719e+01
2.208194541931152344e+01
2.208173942565917969e+01
2.208153533935546875e+01
2.208133316040039062e+01
2.208113288879394531e+01
2.208093070983886719e+01
2.208073425292968750e+01
2.208053970336914062e+01
2.208034706115722656e+01
2.208015632629394531e+01
2.207996559143066406e+01
2.207978057861328125e+01
2.207959747314453125e+01
2.207941436767578125e+01
2.207923126220703125e+01
2.207905197143554688e+01
2.207887268066406250e+01
2.207869529724121094e+01
2.207851982116699219e+01
2.207834625244140625e+01
2.207817077636718750e+01
2.207799530029296875e+01
2.207782554626464844e+01
2.207765579223632812e+01
2.207748413085937500e+01
2.207731819152832031e+01
2.207714843750000000e+01
2.207698249816894531e+01
2.207681655883789062e+01
2.207665252685546875e+01
2.207649230957031250e+01
2.207633209228515625e+01
2.207617187500000000e+01
2.207601547241210938e+01
2.207585906982421875e+01
2.207570648193359375e+01
2.207555389404296875e+01
2.207540512084960938e+01
2.207525634765625000e+01
2.207510948181152344e+01
2.207496261596679688e+01
2.207481384277343750e+01
2.207466697692871094e+01
2.207451820373535156e+01
2.207436752319335938e+01
2.207421493530273438e+01
2.207406425476074219e+01
2.207390975952148438e+01
2.207375526428222656e+01
2.207359695434570312e+01
2.207344055175781250e+01
2.207328224182128906e+01
2.207312583923339844e+01
2.207296943664550781e+01
2.207281494140625000e+01
2.207266235351562500e+01
2.207250976562500000e+01
2.207236099243164062e+01
2.207221031188964844e+01
2.207206535339355469e+01
2.207192039489746094e+01
2.207177543640136719e+01
2.207163619995117188e+01
2.207149505615234375e+01
2.207135581970214844e+01
2.207121658325195312e+01
2.207107734680175781e+01
2.207094001770019531e+01
2.207080078125000000e+01
2.207066345214843750e+01
2.207052612304687500e+01
2.207038688659667969e+01
2.207025146484375000e+01
2.207011222839355469e+01
2.206997489929199219e+01
2.206983757019042969e+01
2.206970024108886719e+01
2.206956291198730469e+01
2.206942558288574219e+01
2.206929016113281250e+01
2.206915283203125000e+01
2.206901741027832031e+01
