2.597868204116821289e+00
2.554365158081054688e+00
2.511512279510498047e+00
2.470801830291748047e+00
2.433014869689941406e+00
2.398831605911254883e+00
2.368888378143310547e+00
2.343702554702758789e+00
2.323578357696533203e+00
2.308548450469970703e+00
2.298283338546752930e+00
2.291991710662841797e+00
2.288590669631958008e+00
2.287000179290771484e+00
2.286369800567626953e+00
2.286100625991821289e+00
2.286229610443115234e+00
2.286875247955322266e+00
2.287687540054321289e+00
2.288849115371704102e+00
2.290313243865966797e+00
2.291972160339355469e+00
2.293684244155883789e+00
2.295325040817260742e+00
2.296887159347534180e+00
2.298480510711669922e+00
2.300101757049560547e+00
2.301423311233520508e+00
2.302245140075683594e+00
2.302527666091918945e+00
2.302382946014404297e+00
2.301975965499877930e+00
2.301475286483764648e+00
2.300986766815185547e+00
2.300534725189208984e+00
2.300126075744628906e+00
2.299767732620239258e+00
2.299231529235839844e+00
2.298576116561889648e+00
2.297969341278076172e+00
2.297469139099121094e+00
2.296952724456787109e+00
2.296476125717163086e+00
2.295968294143676758e+00
2.295409202575683594e+00
2.294773578643798828e+00
2.293982505798339844e+00
2.293074369430541992e+00
2.292130708694458008e+00
2.291150331497192383e+00
2.290093660354614258e+00
2.288968324661254883e+00
2.287868738174438477e+00
2.286872625350952148e+00
2.285908222198486328e+00
2.285015344619750977e+00
2.284181356430053711e+00
2.283482074737548828e+00
2.282800436019897461e+00
2.282154798507690430e+00
2.281511068344116211e+00
2.280891656875610352e+00
2.280234336853027344e+00
2.279592275619506836e+00
2.279006719589233398e+00
2.278451442718505859e+00
2.277913331985473633e+00
2.277398824691772461e+00
2.277128696441650391e+00
2.276758193969726562e+00
2.276683092117309570e+00
2.276239395141601562e+00
2.275805950164794922e+00
2.275650501251220703e+00
2.275453090667724609e+00
2.275438785552978516e+00
2.275236368179321289e+00
2.275170803070068359e+00
2.274911165237426758e+00
2.274972200393676758e+00
2.274627447128295898e+00
2.274527072906494141e+00
2.274420499801635742e+00
2.274538278579711914e+00
2.274477005004882812e+00
2.274202585220336914e+00
2.274248361587524414e+00
2.274101018905639648e+00
2.274383306503295898e+00
2.273961544036865234e+00
2.291587829589843750e+00
2.275481700897216797e+00
2.278219223022460938e+00
2.280332088470458984e+00
2.280077219009399414e+00
2.278188705444335938e+00
2.276218414306640625e+00
2.274869203567504883e+00
2.274050474166870117e+00
2.273584842681884766e+00
2.273545503616333008e+00
2.274282217025756836e+00
2.274717092514038086e+00
2.274872779846191406e+00
2.274799585342407227e+00
2.274897336959838867e+00
2.274891138076782227e+00
2.274775505065917969e+00
2.274623155593872070e+00
2.274485588073730469e+00
2.274323940277099609e+00
2.274190187454223633e+00
2.274178266525268555e+00
2.274057388305664062e+00
2.274063348770141602e+00
2.273979663848876953e+00
2.273846864700317383e+00
2.273723840713500977e+00
2.273639917373657227e+00
2.273899078369140625e+00
2.273767232894897461e+00
2.273800373077392578e+00
2.273913145065307617e+00
2.273982763290405273e+00
2.273978948593139648e+00
2.273904085159301758e+00
2.273787736892700195e+00
2.273945808410644531e+00
2.273785114288330078e+00
2.273188352584838867e+00
2.273787021636962891e+00
2.273633480072021484e+00
2.273216962814331055e+00
2.276552200317382812e+00
2.276674747467041016e+00
2.272734642028808594e+00
2.273471117019653320e+00
2.273409605026245117e+00
2.273267030715942383e+00
2.272948741912841797e+00
2.272585391998291016e+00
2.272543430328369141e+00
2.272597551345825195e+00
2.272688150405883789e+00
2.272769212722778320e+00
2.272827863693237305e+00
2.272917509078979492e+00
2.272929668426513672e+00
2.272814512252807617e+00
2.272858619689941406e+00
2.272633552551269531e+00
2.272321939468383789e+00
2.272099018096923828e+00
2.271833658218383789e+00
2.271620750427246094e+00
2.271471500396728516e+00
2.271379947662353516e+00
2.271278619766235352e+00
2.271197319030761719e+00
2.271127223968505859e+00
2.271075725555419922e+00
2.271117687225341797e+00
2.270947933197021484e+00
2.270904064178466797e+00
2.270859718322753906e+00
2.270810604095458984e+00
2.270703554153442383e+00
2.270600795745849609e+00
2.270482778549194336e+00
2.270419597625732422e+00
2.270307064056396484e+00
2.270166397094726562e+00
2.270055770874023438e+00
2.270176410675048828e+00
2.269919633865356445e+00
2.269948959350585938e+00
2.269719600677490234e+00
2.267711877822875977e+00
2.261758804321289062e+00
2.256666898727416992e+00
2.276862859725952148e+00
2.279136657714843750e+00
2.278480529785156250e+00
2.276416063308715820e+00
2.274255037307739258e+00
2.272462606430053711e+00
2.270771741867065430e+00
2.269238471984863281e+00
2.268524408340454102e+00
2.271232604980468750e+00
2.272341728210449219e+00
2.270046949386596680e+00
2.267470359802246094e+00
2.266964673995971680e+00
2.266890048980712891e+00
2.266349554061889648e+00
2.265806436538696289e+00
2.265841960906982422e+00
2.266096591949462891e+00
2.266327857971191406e+00
2.266515731811523438e+00
2.266612291336059570e+00
2.266685485839843750e+00
2.266850471496582031e+00
2.267036914825439453e+00
2.267154932022094727e+00
2.267174243927001953e+00
2.267243623733520508e+00
2.267423629760742188e+00
2.267642498016357422e+00
2.267877578735351562e+00
2.267839193344116211e+00
2.267698049545288086e+00
2.267605543136596680e+00
2.267591238021850586e+00
2.267503261566162109e+00
2.267249107360839844e+00
2.267018079757690430e+00
2.266921758651733398e+00
2.266979217529296875e+00
2.267030715942382812e+00
2.266839265823364258e+00
2.266549587249755859e+00
2.266377687454223633e+00
2.266207456588745117e+00
2.363519668579101562e+00
2.275472879409790039e+00
2.277779817581176758e+00
2.277939796447753906e+00
2.277943611145019531e+00
2.277626514434814453e+00
2.276960134506225586e+00
2.276256322860717773e+00
2.275783777236938477e+00
2.275764703750610352e+00
2.274855136871337891e+00
2.272589921951293945e+00
2.269969224929809570e+00
2.269757986068725586e+00
2.270780801773071289e+00
2.271071434020996094e+00
2.270464420318603516e+00
2.269365549087524414e+00
2.268491268157958984e+00
2.267152309417724609e+00
2.264614343643188477e+00
2.267193794250488281e+00
2.271183729171752930e+00
2.269130706787109375e+00
2.267517328262329102e+00
2.268891572952270508e+00
2.269410610198974609e+00
2.267900943756103516e+00
2.266815662384033203e+00
2.266999721527099609e+00
2.267197608947753906e+00
2.266672611236572266e+00
2.266150236129760742e+00
2.265900135040283203e+00
2.265834331512451172e+00
2.265730857849121094e+00
2.265523433685302734e+00
2.265217065811157227e+00
2.264899015426635742e+00
2.264413356781005859e+00
2.264007806777954102e+00
2.263746500015258789e+00
2.263532400131225586e+00
2.263331174850463867e+00
2.263151407241821289e+00
2.262934923171997070e+00
2.262680053710937500e+00
2.262466907501220703e+00
2.262556791305541992e+00
2.261881828308105469e+00
2.261553287506103516e+00
2.261361837387084961e+00
2.261229038238525391e+00
2.260821104049682617e+00
2.260527133941650391e+00
2.260322093963623047e+00
2.260097026824951172e+00
2.259840726852416992e+00
2.259555578231811523e+00
2.259285688400268555e+00
2.259501457214355469e+00
2.259006500244140625e+00
2.258908748626708984e+00
2.259054899215698242e+00
2.258706808090209961e+00
2.258698463439941406e+00
2.258491992950439453e+00
2.258451461791992188e+00
2.257905960083007812e+00
2.257750749588012695e+00
2.257476091384887695e+00
2.256875991821289062e+00
2.256963729858398438e+00
2.256756067276000977e+00
2.256923437118530273e+00
