4.256658935546875000e+01
4.187487792968750000e+01
4.100762939453125000e+01
4.012154769897460938e+01
3.912271118164062500e+01
3.797399902343750000e+01
3.652772521972656250e+01
3.505677795410156250e+01
3.344793701171875000e+01
3.173715782165527344e+01
2.984801673889160156e+01
2.774351692199707031e+01
2.563437652587890625e+01
2.383161926269531250e+01
2.204466629028320312e+01
2.026313018798828125e+01
1.866110610961914062e+01
1.736877822875976562e+01
1.615464973449707031e+01
1.523918628692626953e+01
1.449108695983886719e+01
1.388712310791015625e+01
1.341176891326904297e+01
1.305002117156982422e+01
1.278903007507324219e+01
1.261669826507568359e+01
1.252084350585937500e+01
1.249046611785888672e+01
1.251350688934326172e+01
1.257554817199707031e+01
1.265951347351074219e+01
1.274772548675537109e+01
1.282750606536865234e+01
1.289320087432861328e+01
1.294391822814941406e+01
1.297958564758300781e+01
1.299850368499755859e+01
1.299808216094970703e+01
1.297740650177001953e+01
1.293900775909423828e+01
1.288832569122314453e+01
1.283180618286132812e+01
1.277532672882080078e+01
1.272343635559082031e+01
1.267926883697509766e+01
1.264466285705566406e+01
1.262008857727050781e+01
1.260382270812988281e+01
1.259130764007568359e+01
1.257829856872558594e+01
1.256541442871093750e+01
1.255567169189453125e+01
1.255044078826904297e+01
1.254934597015380859e+01
1.255134868621826172e+01
1.255530929565429688e+01
1.256014442443847656e+01
1.256480789184570312e+01
1.256820964813232422e+01
1.256921005249023438e+01
1.256681728363037109e+01
1.256059741973876953e+01
1.255092811584472656e+01
1.253881168365478516e+01
1.252546024322509766e+01
1.251199054718017578e+01
1.249939823150634766e+01
1.248862075805664062e+01
1.247967243194580078e+01
1.246615600585937500e+01
1.244550323486328125e+01
1.242710876464843750e+01
1.241579055786132812e+01
1.240852165222167969e+01
1.240305137634277344e+01
1.240062904357910156e+01
1.240222930908203125e+01
1.240821838378906250e+01
1.242682456970214844e+01
1.252049064636230469e+01
1.268005752563476562e+01
1.242191410064697266e+01
1.233668899536132812e+01
1.229967689514160156e+01
1.232343006134033203e+01
1.250440597534179688e+01
1.234932518005371094e+01
1.221876049041748047e+01
1.217007541656494141e+01
1.216259670257568359e+01
1.218103408813476562e+01
1.218570613861083984e+01
1.215677356719970703e+01
1.214063262939453125e+01
1.214997768402099609e+01
1.217219257354736328e+01
1.219792461395263672e+01
1.222064495086669922e+01
1.223033905029296875e+01
1.222913074493408203e+01
1.223013496398925781e+01
1.223738765716552734e+01
1.224945735931396484e+01
1.226145839691162109e+01
1.226930618286132812e+01
1.227638244628906250e+01
1.228330516815185547e+01
1.228176116943359375e+01
1.226673316955566406e+01
1.224391269683837891e+01
1.222162532806396484e+01
1.220404529571533203e+01
1.218927478790283203e+01
1.217366981506347656e+01
1.215739440917968750e+01
1.214445495605468750e+01
1.213970756530761719e+01
1.214230728149414062e+01
1.214830493927001953e+01
1.215340805053710938e+01
1.215711212158203125e+01
1.215927124023437500e+01
1.216039848327636719e+01
1.216271591186523438e+01
1.216759586334228516e+01
1.217169284820556641e+01
1.217233848571777344e+01
1.216968727111816406e+01
1.216339683532714844e+01
1.215676307678222656e+01
1.215417766571044922e+01
1.215325641632080078e+01
1.215038394927978516e+01
1.214626979827880859e+01
1.214782524108886719e+01
1.215353870391845703e+01
1.215562725067138672e+01
1.215386390686035156e+01
1.214904785156250000e+01
1.214251327514648438e+01
1.213558197021484375e+01
1.213270664215087891e+01
1.213621234893798828e+01
1.214104270935058594e+01
1.214287185668945312e+01
1.214172267913818359e+01
1.213829040527343750e+01
1.213358211517333984e+01
1.212857055664062500e+01
1.212715244293212891e+01
1.212977027893066406e+01
1.213368415832519531e+01
1.213670539855957031e+01
1.213711452484130859e+01
1.213527393341064453e+01
1.213184547424316406e+01
1.212758350372314453e+01
1.212621498107910156e+01
1.212689590454101562e+01
1.212763500213623047e+01
1.212800788879394531e+01
1.208325672149658203e+01
1.174711608886718750e+01
1.174644660949707031e+01
1.175288105010986328e+01
1.176455116271972656e+01
1.177926445007324219e+01
1.179233837127685547e+01
1.179909896850585938e+01
1.179782581329345703e+01
1.178843975067138672e+01
1.177302551269531250e+01
1.175466823577880859e+01
1.173636722564697266e+01
1.172057914733886719e+01
1.171241950988769531e+01
1.171255493164062500e+01
1.171525096893310547e+01
1.171664524078369141e+01
1.171617794036865234e+01
1.171393966674804688e+01
1.171038722991943359e+01
1.170615291595458984e+01
1.170184421539306641e+01
1.169799613952636719e+01
1.169500064849853516e+01
1.169303226470947266e+01
1.169238281250000000e+01
1.169617462158203125e+01
1.170289707183837891e+01
1.170774555206298828e+01
1.170992660522460938e+01
1.170924663543701172e+01
1.170598316192626953e+01
1.170073223114013672e+01
1.169424915313720703e+01
1.168725490570068359e+01
1.168043422698974609e+01
1.167435646057128906e+01
1.166936969757080078e+01
1.166562461853027344e+01
1.166311264038085938e+01
1.166292953491210938e+01
1.166441822052001953e+01
1.166570568084716797e+01
1.166637706756591797e+01
1.166620254516601562e+01
1.166513252258300781e+01
1.166326522827148438e+01
1.166079235076904297e+01
1.165794944763183594e+01
1.165495586395263672e+01
1.165199470520019531e+01
1.164919281005859375e+01
1.164661502838134766e+01
1.164428329467773438e+01
1.164217662811279297e+01
1.164024829864501953e+01
1.163966369628906250e+01
1.163998413085937500e+01
1.163945770263671875e+01
1.163779258728027344e+01
1.163492870330810547e+01
1.163104152679443359e+01
1.162646865844726562e+01
1.162162399291992188e+01
1.161690139770507812e+01
1.161261844635009766e+01
1.160897827148437500e+01
1.160606384277343750e+01
1.160385799407958984e+01
1.160226154327392578e+01
1.160113239288330078e+01
1.160029792785644531e+01
1.159958362579345703e+01
1.159883213043212891e+01
1.159790802001953125e+01
1.159671783447265625e+01
1.159519100189208984e+01
1.159330177307128906e+01
1.159104442596435547e+01
1.158844184875488281e+01
1.158553791046142578e+01
1.158238220214843750e+01
1.157903480529785156e+01
1.157555961608886719e+01
1.157201480865478516e+01
1.156845474243164062e+01
1.156492328643798828e+01
1.156145668029785156e+01
1.155807399749755859e+01
1.155478954315185547e+01
1.155159759521484375e+01
1.154848766326904297e+01
1.154544067382812500e+01
1.154242992401123047e+01
1.153942394256591797e+01
1.153639888763427734e+01
1.153332519531250000e+01
1.153018665313720703e+01
1.152685165405273438e+01
1.152337646484375000e+01
1.152165317535400391e+01
1.152105522155761719e+01
1.151876831054687500e+01
1.151429748535156250e+01
1.150797462463378906e+01
1.150075817108154297e+01
1.149376201629638672e+01
1.148967170715332031e+01
1.148976612091064453e+01
1.149058628082275391e+01
1.148837566375732422e+01
1.148295307159423828e+01
1.147571182250976562e+01
1.147032165527343750e+01
1.146859645843505859e+01
1.146757221221923828e+01
1.146293354034423828e+01
1.145624542236328125e+01
1.144720458984375000e+01
1.145298480987548828e+01
1.147654533386230469e+01
1.150584602355957031e+01
1.153637123107910156e+01
1.155507850646972656e+01
1.155307006835937500e+01
1.152831554412841797e+01
1.149160099029541016e+01
1.145835590362548828e+01
1.143599700927734375e+01
1.142578029632568359e+01
1.142644882202148438e+01
1.143428802490234375e+01
1.144012165069580078e+01
1.145062923431396484e+01
1.147062969207763672e+01
1.148930454254150391e+01
1.149685382843017578e+01
1.149189949035644531e+01
