2.291237592697143555e+00
2.199262380599975586e+00
2.108824253082275391e+00
2.013824462890625000e+00
1.923516392707824707e+00
1.836418032646179199e+00
1.753586411476135254e+00
1.676319122314453125e+00
1.601396679878234863e+00
1.540233135223388672e+00
1.485455632209777832e+00
1.436097741127014160e+00
1.398386120796203613e+00
1.370036602020263672e+00
1.348315715789794922e+00
1.332236647605895996e+00
1.320693850517272949e+00
1.312929153442382812e+00
1.308743834495544434e+00
1.306422591209411621e+00
1.305997490882873535e+00
1.306944966316223145e+00
1.307863235473632812e+00
1.310080647468566895e+00
1.312453150749206543e+00
1.314349055290222168e+00
1.315087556838989258e+00
1.314777493476867676e+00
1.313608884811401367e+00
1.311342358589172363e+00
1.308952808380126953e+00
1.305807352066040039e+00
1.302886247634887695e+00
1.299107670783996582e+00
1.294534087181091309e+00
1.288596749305725098e+00
1.284728527069091797e+00
1.280816555023193359e+00
1.278494238853454590e+00
1.271839261054992676e+00
1.262884855270385742e+00
1.254210352897644043e+00
1.245367169380187988e+00
1.234691023826599121e+00
1.225699543952941895e+00
1.223371386528015137e+00
1.221957802772521973e+00
1.217463135719299316e+00
1.212383866310119629e+00
1.212424516677856445e+00
1.206748247146606445e+00
1.197095632553100586e+00
1.192063808441162109e+00
1.188198328018188477e+00
1.184743046760559082e+00
1.181884407997131348e+00
1.179866552352905273e+00
1.178644657135009766e+00
1.178117990493774414e+00
1.179343342781066895e+00
1.181249141693115234e+00
1.182124614715576172e+00
1.182099699974060059e+00
1.181373953819274902e+00
1.180313467979431152e+00
1.179095387458801270e+00
1.177883982658386230e+00
1.176885485649108887e+00
1.176180124282836914e+00
1.175792574882507324e+00
1.176318764686584473e+00
1.177476406097412109e+00
1.178573966026306152e+00
1.179632902145385742e+00
1.180653929710388184e+00
1.181627631187438965e+00
1.182540297508239746e+00
1.183379054069519043e+00
1.184198021888732910e+00
1.185028672218322754e+00
1.185832500457763672e+00
1.186530709266662598e+00
1.187077045440673828e+00
1.187478065490722656e+00
1.187711954116821289e+00
1.187760114669799805e+00
1.187551498413085938e+00
1.187330484390258789e+00
1.187867045402526855e+00
1.188452005386352539e+00
1.188258528709411621e+00
1.188495278358459473e+00
1.189074516296386719e+00
1.188692927360534668e+00
1.180833578109741211e+00
1.174893260002136230e+00
1.176283359527587891e+00
1.176465630531311035e+00
1.176287293434143066e+00
1.175727128982543945e+00
1.173911094665527344e+00
1.175821065902709961e+00
1.179244041442871094e+00
1.180337786674499512e+00
1.180408596992492676e+00
1.179577350616455078e+00
1.177219510078430176e+00
1.173299670219421387e+00
1.175557851791381836e+00
1.179899096488952637e+00
1.181285977363586426e+00
1.181735277175903320e+00
1.181707143783569336e+00
1.181221485137939453e+00
1.179943323135375977e+00
1.176937103271484375e+00
1.174604892730712891e+00
1.176748752593994141e+00
1.179051041603088379e+00
1.179232239723205566e+00
1.177551031112670898e+00
1.175122022628784180e+00
1.176758766174316406e+00
1.179868102073669434e+00
1.180302143096923828e+00
1.178520321846008301e+00
1.175505638122558594e+00
1.175862669944763184e+00
1.178279519081115723e+00
1.178649902343750000e+00
1.177186012268066406e+00
1.174949288368225098e+00
1.174038767814636230e+00
1.175101876258850098e+00
1.176433086395263672e+00
1.176712393760681152e+00
1.175893425941467285e+00
1.174740910530090332e+00
1.174290418624877930e+00
1.174731612205505371e+00
1.175185799598693848e+00
1.174276947975158691e+00
1.155395984649658203e+00
1.151716232299804688e+00
1.232920408248901367e+00
1.257147550582885742e+00
1.236988425254821777e+00
1.215507626533508301e+00
1.201762676239013672e+00
1.192684531211853027e+00
1.186193943023681641e+00
1.181021928787231445e+00
1.175990343093872070e+00
1.171718716621398926e+00
1.171562075614929199e+00
1.174649953842163086e+00
1.177331209182739258e+00
1.178778648376464844e+00
1.178898096084594727e+00
1.177087187767028809e+00
1.174889087677001953e+00
1.175709843635559082e+00
1.177927494049072266e+00
1.178660035133361816e+00
1.177792787551879883e+00
1.176355242729187012e+00
1.175780415534973145e+00
1.176365256309509277e+00
1.177097082138061523e+00
1.177042007446289062e+00
1.176175475120544434e+00
1.175178527832031250e+00
1.174748420715332031e+00
1.174899101257324219e+00
1.175066232681274414e+00
1.174792170524597168e+00
1.174109458923339844e+00
1.173407793045043945e+00
1.173039674758911133e+00
1.173000335693359375e+00
1.172996401786804199e+00
1.172782540321350098e+00
1.172375917434692383e+00
1.171994805335998535e+00
1.171815395355224609e+00
1.171801328659057617e+00
1.171778440475463867e+00
1.171631574630737305e+00
1.171402812004089355e+00
1.171219706535339355e+00
1.171157479286193848e+00
1.171177625656127930e+00
1.171186923980712891e+00
1.171135425567626953e+00
1.171052813529968262e+00
1.171001791954040527e+00
1.171008467674255371e+00
1.171038031578063965e+00
1.171034812927246094e+00
1.170974850654602051e+00
1.170881748199462891e+00
1.170791864395141602e+00
1.170715570449829102e+00
1.170632600784301758e+00
1.170519948005676270e+00
1.170378565788269043e+00
1.170399308204650879e+00
1.170322775840759277e+00
1.169854760169982910e+00
1.169415593147277832e+00
1.169443130493164062e+00
1.169823765754699707e+00
1.170056819915771484e+00
1.169865608215332031e+00
1.169443607330322266e+00
1.169140815734863281e+00
1.169049501419067383e+00
1.168979883193969727e+00
1.168753623962402344e+00
1.168417811393737793e+00
1.168159127235412598e+00
1.168069720268249512e+00
1.168050765991210938e+00
1.167956113815307617e+00
1.167781949043273926e+00
1.167644023895263672e+00
1.167640686035156250e+00
1.167701005935668945e+00
1.167564868927001953e+00
1.167329072952270508e+00
1.167255043983459473e+00
1.167368650436401367e+00
1.167463064193725586e+00
1.167390823364257812e+00
1.167239904403686523e+00
1.167167305946350098e+00
1.167177677154541016e+00
1.167147994041442871e+00
1.167019128799438477e+00
1.166873931884765625e+00
1.166881442070007324e+00
1.166796326637268066e+00
1.166645050048828125e+00
1.166561245918273926e+00
1.166588664054870605e+00
1.166633725166320801e+00
1.166603922843933105e+00
1.166523575782775879e+00
1.166755914688110352e+00
1.166802763938903809e+00
1.166226625442504883e+00
1.165868282318115234e+00
1.166216492652893066e+00
1.166897892951965332e+00
1.168390631675720215e+00
1.167316079139709473e+00
1.171143054962158203e+00
1.180938005447387695e+00
1.187040209770202637e+00
1.187788724899291992e+00
1.183116793632507324e+00
1.175577521324157715e+00
1.171833395957946777e+00
1.174792766571044922e+00
1.179648280143737793e+00
1.179777264595031738e+00
1.175271034240722656e+00
1.172666072845458984e+00
1.174814343452453613e+00
1.177680850028991699e+00
1.177066802978515625e+00
1.174485206604003906e+00
1.173288702964782715e+00
1.175526976585388184e+00
1.178529858589172363e+00
1.177933096885681152e+00
1.175091505050659180e+00
1.174646258354187012e+00
1.176403045654296875e+00
1.176224946975708008e+00
1.174072384834289551e+00
1.174800872802734375e+00
1.177052378654479980e+00
1.176029562950134277e+00
1.173690915107727051e+00
1.174753427505493164e+00
1.177566885948181152e+00
1.176584482192993164e+00
1.173702001571655273e+00
1.174219608306884766e+00
1.176841855049133301e+00
1.176195979118347168e+00
1.173594713211059570e+00
1.173252582550048828e+00
1.174781322479248047e+00
1.175137758255004883e+00
1.174018621444702148e+00
1.173053503036499023e+00
1.173212051391601562e+00
1.174118876457214355e+00
