4.452701950073242188e+01
4.371636962890625000e+01
4.283664703369140625e+01
4.191099166870117188e+01
4.094336700439453125e+01
3.992867660522460938e+01
3.884830474853515625e+01
3.771884536743164062e+01
3.645293426513671875e+01
3.518946456909179688e+01
3.402330780029296875e+01
3.288000869750976562e+01
3.176296043395996094e+01
3.071892547607421875e+01
2.973336219787597656e+01
2.881848335266113281e+01
2.798568534851074219e+01
2.724294281005859375e+01
2.659528350830078125e+01
2.605646514892578125e+01
2.559627723693847656e+01
2.522315979003906250e+01
2.493208885192871094e+01
2.467690658569335938e+01
2.449176216125488281e+01
2.436529541015625000e+01
2.428338432312011719e+01
2.423237991333007812e+01
2.417856025695800781e+01
2.413798904418945312e+01
2.413470077514648438e+01
2.413720321655273438e+01
2.411137008666992188e+01
2.406082725524902344e+01
2.400298309326171875e+01
2.394894027709960938e+01
2.379228019714355469e+01
2.364132499694824219e+01
2.338773727416992188e+01
2.315573310852050781e+01
2.295195007324218750e+01
2.289237403869628906e+01
2.290776252746582031e+01
2.292026519775390625e+01
2.283499717712402344e+01
2.276054000854492188e+01
2.275028228759765625e+01
2.267780685424804688e+01
2.259554862976074219e+01
2.252077484130859375e+01
2.248231887817382812e+01
2.245670890808105469e+01
2.241650009155273438e+01
2.236739921569824219e+01
2.233211135864257812e+01
2.231042861938476562e+01
2.229510688781738281e+01
2.226318740844726562e+01
2.222000312805175781e+01
2.217996215820312500e+01
2.219149017333984375e+01
2.221255683898925781e+01
2.214631843566894531e+01
2.213014030456542969e+01
2.216700363159179688e+01
2.210782051086425781e+01
2.211379814147949219e+01
2.213010978698730469e+01
2.204792213439941406e+01
2.205689048767089844e+01
2.212910079956054688e+01
2.198949241638183594e+01
2.199250984191894531e+01
2.216978263854980469e+01
2.197348403930664062e+01
2.194906806945800781e+01
2.199631500244140625e+01
2.201856422424316406e+01
2.192088508605957031e+01
2.191587066650390625e+01
2.198077392578125000e+01
2.193835449218750000e+01
2.189222335815429688e+01
2.188691711425781250e+01
2.191103172302246094e+01
2.190962600708007812e+01
2.187117004394531250e+01
2.185847473144531250e+01
2.187001037597656250e+01
2.187472534179687500e+01
2.184968948364257812e+01
2.183741378784179688e+01
2.184241867065429688e+01
2.184380340576171875e+01
2.182634925842285156e+01
2.181678771972656250e+01
2.181975555419921875e+01
2.181370925903320312e+01
2.180484199523925781e+01
2.180848503112792969e+01
2.181116104125976562e+01
2.179998016357421875e+01
2.179273033142089844e+01
2.179443359375000000e+01
2.179446601867675781e+01
2.178603363037109375e+01
2.178116226196289062e+01
2.178227996826171875e+01
2.178117942810058594e+01
2.177597808837890625e+01
2.177195549011230469e+01
2.176925277709960938e+01
2.176624488830566406e+01
2.175369644165039062e+01
2.175084877014160156e+01
2.175480270385742188e+01
2.175395011901855469e+01
2.175024032592773438e+01
2.174384689331054688e+01
2.174751091003417969e+01
2.174321746826171875e+01
2.173509407043457031e+01
2.173890304565429688e+01
2.174577140808105469e+01
2.173119926452636719e+01
2.174468421936035156e+01
2.175168991088867188e+01
2.171652221679687500e+01
2.173382186889648438e+01
2.178938865661621094e+01
2.171130943298339844e+01
2.173154640197753906e+01
2.179042434692382812e+01
2.170366859436035156e+01
2.171941947937011719e+01
2.182129096984863281e+01
2.169229698181152344e+01
2.170463562011718750e+01
2.186974716186523438e+01
2.168171119689941406e+01
2.169207954406738281e+01
2.188421821594238281e+01
2.168360328674316406e+01
2.168518066406250000e+01
2.179231834411621094e+01
2.175495719909667969e+01
2.169383430480957031e+01
2.169128608703613281e+01
2.172374725341796875e+01
2.174297523498535156e+01
2.169989204406738281e+01
2.168867492675781250e+01
2.170244789123535156e+01
2.170934295654296875e+01
2.169970321655273438e+01
2.169276237487792969e+01
2.169207191467285156e+01
2.169577217102050781e+01
2.169359779357910156e+01
2.168868255615234375e+01
2.168892669677734375e+01
2.169227981567382812e+01
2.168663978576660156e+01
2.168065071105957031e+01
2.169283294677734375e+01
2.171208953857421875e+01
2.168265342712402344e+01
2.167619323730468750e+01
2.168839454650878906e+01
2.169495582580566406e+01
2.167859268188476562e+01
2.167863273620605469e+01
2.169702529907226562e+01
2.169307899475097656e+01
2.167705917358398438e+01
2.167424583435058594e+01
2.168342208862304688e+01
2.169686508178710938e+01
2.174440002441406250e+01
2.175637435913085938e+01
2.172053146362304688e+01
2.169188308715820312e+01
2.168213272094726562e+01
2.167234420776367188e+01
2.167805099487304688e+01
2.170158958435058594e+01
2.169342803955078125e+01
2.167453575134277344e+01
2.166746330261230469e+01
2.166970443725585938e+01
2.168324661254882812e+01
2.168438339233398438e+01
2.167312431335449219e+01
2.166901588439941406e+01
2.167225646972656250e+01
2.168008041381835938e+01
2.167973899841308594e+01
2.167207717895507812e+01
2.166987228393554688e+01
2.167165184020996094e+01
2.167276763916015625e+01
2.167197799682617188e+01
2.167075729370117188e+01
2.167012596130371094e+01
2.166995048522949219e+01
2.166946983337402344e+01
2.166511154174804688e+01
2.166260528564453125e+01
2.166569900512695312e+01
2.166631698608398438e+01
2.166303825378417969e+01
2.166330718994140625e+01
2.166617012023925781e+01
2.166332244873046875e+01
2.166007041931152344e+01
2.166217613220214844e+01
2.166676139831542969e+01
2.166038131713867188e+01
2.166309356689453125e+01
2.167032051086425781e+01
2.165756034851074219e+01
2.165922546386718750e+01
2.166872596740722656e+01
2.166222763061523438e+01
2.165951919555664062e+01
2.166173171997070312e+01
2.166541290283203125e+01
2.166045188903808594e+01
2.165711021423339844e+01
2.165932846069335938e+01
2.165873527526855469e+01
2.166384887695312500e+01
2.167138099670410156e+01
2.165487861633300781e+01
2.165724563598632812e+01
2.168493080139160156e+01
2.165688133239746094e+01
2.165567970275878906e+01
2.166408348083496094e+01
2.165709686279296875e+01
2.165449333190917969e+01
2.165805244445800781e+01
2.166087341308593750e+01
2.165699005126953125e+01
2.165566062927246094e+01
2.165679168701171875e+01
2.165386199951171875e+01
2.165654182434082031e+01
2.166469573974609375e+01
2.165264701843261719e+01
2.165392303466796875e+01
2.166928482055664062e+01
2.165492630004882812e+01
2.165617370605468750e+01
2.166762351989746094e+01
2.165229606628417969e+01
2.165355491638183594e+01
2.167096138000488281e+01
2.165240478515625000e+01
2.165280151367187500e+01
2.166588783264160156e+01
2.165237617492675781e+01
2.165228843688964844e+01
2.166260147094726562e+01
2.165445709228515625e+01
2.165067100524902344e+01
2.165327453613281250e+01
2.165631294250488281e+01
2.165183830261230469e+01
2.165200805664062500e+01
2.165245819091796875e+01
2.165032005310058594e+01
2.165147209167480469e+01
2.165081787109375000e+01
2.164969253540039062e+01
2.164987564086914062e+01
2.165106582641601562e+01
2.165105628967285156e+01
2.164892387390136719e+01
2.165068626403808594e+01
2.165011405944824219e+01
2.164883613586425781e+01
2.164883422851562500e+01
2.165005683898925781e+01
2.164932823181152344e+01
2.164850044250488281e+01
2.164881515502929688e+01
2.164819717407226562e+01
2.165045928955078125e+01
2.164952850341796875e+01
2.164806365966796875e+01
2.165009689331054688e+01
2.164813804626464844e+01
2.164767837524414062e+01
2.164891242980957031e+01
2.164754486083984375e+01
2.164813613891601562e+01
2.164859962463378906e+01
2.164705848693847656e+01
2.164871597290039062e+01
