3.668750000000000000e+01
3.600572586059570312e+01
3.529576873779296875e+01
3.451518249511718750e+01
3.365400314331054688e+01
3.276865768432617188e+01
3.189131164550781250e+01
3.099945259094238281e+01
3.007231521606445312e+01
2.910747718811035156e+01
2.808992767333984375e+01
2.706577491760253906e+01
2.605000114440917969e+01
2.501631164550781250e+01
2.384263801574707031e+01
2.277020263671875000e+01
2.192294883728027344e+01
2.116707801818847656e+01
2.049945831298828125e+01
1.991048622131347656e+01
1.939760780334472656e+01
1.896412849426269531e+01
1.864661979675292969e+01
1.832473182678222656e+01
1.804265403747558594e+01
1.781114959716796875e+01
1.761473655700683594e+01
1.745743370056152344e+01
1.736085700988769531e+01
1.728387451171875000e+01
1.722059631347656250e+01
1.717128372192382812e+01
1.712025642395019531e+01
1.707615089416503906e+01
1.705919647216796875e+01
1.705309486389160156e+01
1.704977798461914062e+01
1.704482841491699219e+01
1.703730392456054688e+01
1.702324867248535156e+01
1.699720001220703125e+01
1.696702957153320312e+01
1.694177627563476562e+01
1.691996574401855469e+01
1.689871215820312500e+01
1.687889671325683594e+01
1.686025619506835938e+01
1.684095954895019531e+01
1.681776809692382812e+01
1.678724670410156250e+01
1.676789283752441406e+01
1.672233963012695312e+01
1.669495964050292969e+01
1.666225242614746094e+01
1.662306976318359375e+01
1.658315277099609375e+01
1.655232810974121094e+01
1.650921058654785156e+01
1.646347236633300781e+01
1.636674499511718750e+01
1.626148796081542969e+01
1.624255180358886719e+01
1.622837066650390625e+01
1.621157836914062500e+01
1.619016075134277344e+01
1.617283248901367188e+01
1.616253280639648438e+01
1.615691947937011719e+01
1.615172386169433594e+01
1.614328765869140625e+01
1.613487243652343750e+01
1.612861442565917969e+01
1.612202262878417969e+01
1.611336517333984375e+01
1.610577392578125000e+01
1.609884452819824219e+01
1.609298896789550781e+01
1.608758354187011719e+01
1.608008384704589844e+01
1.607365798950195312e+01
1.606798171997070312e+01
1.606046104431152344e+01
1.605404090881347656e+01
1.604827308654785156e+01
1.603893661499023438e+01
1.603333854675292969e+01
1.603132629394531250e+01
1.602989578247070312e+01
1.602570915222167969e+01
1.602203369140625000e+01
1.601383018493652344e+01
1.600770568847656250e+01
1.600833702087402344e+01
1.600385093688964844e+01
1.599820518493652344e+01
1.599062728881835938e+01
1.598581886291503906e+01
1.598550701141357422e+01
1.598529243469238281e+01
1.598069572448730469e+01
1.597780990600585938e+01
1.597415733337402344e+01
1.597018337249755859e+01
1.596365070343017578e+01
1.595826435089111328e+01
1.595171356201171875e+01
1.594557571411132812e+01
1.593332290649414062e+01
1.593664264678955078e+01
1.593733310699462891e+01
1.593255615234375000e+01
1.592906570434570312e+01
1.592748165130615234e+01
1.592846202850341797e+01
1.592754650115966797e+01
1.592308044433593750e+01
1.591629505157470703e+01
1.590755844116210938e+01
1.590025424957275391e+01
1.589580917358398438e+01
1.589269161224365234e+01
1.589087009429931641e+01
1.589099597930908203e+01
1.589248180389404297e+01
1.589287185668945312e+01
1.589138507843017578e+01
1.588804912567138672e+01
1.588313865661621094e+01
1.587677383422851562e+01
1.587220287322998047e+01
1.586955451965332031e+01
1.586608123779296875e+01
1.586279392242431641e+01
1.586081409454345703e+01
1.586012458801269531e+01
1.586028003692626953e+01
1.586001300811767578e+01
1.585804176330566406e+01
1.585478305816650391e+01
1.585045623779296875e+01
1.584535408020019531e+01
1.584020519256591797e+01
1.583518409729003906e+01
1.583045768737792969e+01
1.582611370086669922e+01
1.582233238220214844e+01
1.581898212432861328e+01
1.581576347351074219e+01
1.581222343444824219e+01
1.580743217468261719e+01
1.580163097381591797e+01
1.579834938049316406e+01
1.579494571685791016e+01
1.579117870330810547e+01
1.578674602508544922e+01
1.578167819976806641e+01
1.577686405181884766e+01
1.577281475067138672e+01
1.576939868927001953e+01
1.576601791381835938e+01
1.576257038116455078e+01
1.575896835327148438e+01
1.575544643402099609e+01
1.575194740295410156e+01
1.574797725677490234e+01
1.574372768402099609e+01
1.573994064331054688e+01
1.573694992065429688e+01
1.573366737365722656e+01
1.572921562194824219e+01
1.572377395629882812e+01
1.571783065795898438e+01
1.571183395385742188e+01
1.570649242401123047e+01
1.570195198059082031e+01
1.569709396362304688e+01
1.569116783142089844e+01
1.568387317657470703e+01
1.567713165283203125e+01
1.567257404327392578e+01
1.566878128051757812e+01
1.566407012939453125e+01
1.565804481506347656e+01
1.565124511718750000e+01
1.564458942413330078e+01
1.563926982879638672e+01
1.563549900054931641e+01
1.563188076019287109e+01
1.562712478637695312e+01
1.562023830413818359e+01
1.561271667480468750e+01
1.560702800750732422e+01
1.560351562500000000e+01
1.560156536102294922e+01
1.559926033020019531e+01
1.559372997283935547e+01
1.558628082275390625e+01
1.558036231994628906e+01
1.557682132720947266e+01
1.557410144805908203e+01
1.557047462463378906e+01
1.556581211090087891e+01
1.556106185913085938e+01
1.555779743194580078e+01
1.555641078948974609e+01
1.555503559112548828e+01
1.555215930938720703e+01
1.554888916015625000e+01
1.554624080657958984e+01
1.554348373413085938e+01
1.554070854187011719e+01
1.553840160369873047e+01
1.553617095947265625e+01
1.553310394287109375e+01
1.552973842620849609e+01
1.552717781066894531e+01
1.552436637878417969e+01
1.552154254913330078e+01
1.551883983612060547e+01
1.551636981964111328e+01
1.551472568511962891e+01
1.551347732543945312e+01
1.551152420043945312e+01
1.550919342041015625e+01
1.550751590728759766e+01
1.550574016571044922e+01
1.550357913970947266e+01
1.550191211700439453e+01
1.550040912628173828e+01
1.549799156188964844e+01
1.549541568756103516e+01
1.549398040771484375e+01
1.549353218078613281e+01
1.549331378936767578e+01
1.549194049835205078e+01
1.548839378356933594e+01
1.548534870147705078e+01
1.548389816284179688e+01
1.548342609405517578e+01
1.548322677612304688e+01
1.548263168334960938e+01
1.548132133483886719e+01
1.547951889038085938e+01
1.547715091705322266e+01
1.547511863708496094e+01
1.547431850433349609e+01
1.547419357299804688e+01
1.547386550903320312e+01
1.547227954864501953e+01
1.547005367279052734e+01
1.546852016448974609e+01
1.546781444549560547e+01
1.546697425842285156e+01
1.546588039398193359e+01
1.546501827239990234e+01
1.546411323547363281e+01
1.546289825439453125e+01
1.546087360382080078e+01
1.545821762084960938e+01
1.545660972595214844e+01
1.545567798614501953e+01
1.545494747161865234e+01
1.545438003540039062e+01
1.545397472381591797e+01
1.545360946655273438e+01
1.545299243927001953e+01
1.545168876647949219e+01
1.545003414154052734e+01
1.544944286346435547e+01
1.545025539398193359e+01
1.545129394531250000e+01
1.545136833190917969e+01
1.544978618621826172e+01
1.544774055480957031e+01
1.544597625732421875e+01
1.544515419006347656e+01
1.544455909729003906e+01
1.544361400604248047e+01
1.544235801696777344e+01
1.544091415405273438e+01
1.543979644775390625e+01
1.543885040283203125e+01
1.543796539306640625e+01
1.543798446655273438e+01
1.543875312805175781e+01
1.548078727722167969e+01
1.562993049621582031e+01
1.574825096130371094e+01
1.558051490783691406e+01
1.552391910552978516e+01
1.550656414031982422e+01
1.550011348724365234e+01
1.549305820465087891e+01
1.550274372100830078e+01
1.551483440399169922e+01
1.551601791381835938e+01
1.549321365356445312e+01
1.544103050231933594e+01
1.541088008880615234e+01
1.538988304138183594e+01
