3.923627853393554688e+01
3.831450653076171875e+01
3.740315628051757812e+01
3.650157928466796875e+01
3.560754394531250000e+01
3.471731185913085938e+01
3.382686233520507812e+01
3.293275451660156250e+01
3.203226470947265625e+01
3.112376213073730469e+01
3.020722389221191406e+01
2.928444099426269531e+01
2.835888671875000000e+01
2.743536758422851562e+01
2.651964187622070312e+01
2.561807823181152344e+01
2.473733901977539062e+01
2.388409042358398438e+01
2.306474876403808594e+01
2.228523063659667969e+01
2.155075645446777344e+01
2.086568069458007812e+01
2.023339080810546875e+01
1.965622711181640625e+01
1.913545608520507812e+01
1.867125892639160156e+01
1.826277160644531250e+01
1.790813064575195312e+01
1.760459709167480469e+01
1.734868049621582031e+01
1.713633728027343750e+01
1.696315956115722656e+01
1.682457542419433594e+01
1.671604537963867188e+01
1.663320732116699219e+01
1.657202148437500000e+01
1.652883911132812500e+01
1.650044822692871094e+01
1.648408126831054688e+01
1.647737312316894531e+01
1.647832298278808594e+01
1.648522377014160156e+01
1.649661254882812500e+01
1.651122474670410156e+01
1.652796363830566406e+01
1.654586410522460938e+01
1.656410789489746094e+01
1.658199119567871094e+01
1.659894752502441406e+01
1.661453247070312500e+01
1.662842559814453125e+01
1.664041519165039062e+01
1.665040397644042969e+01
1.665838050842285156e+01
1.666440773010253906e+01
1.666860961914062500e+01
1.667115783691406250e+01
1.667224311828613281e+01
1.667208290100097656e+01
1.667089271545410156e+01
1.666888809204101562e+01
1.666627502441406250e+01
1.666324043273925781e+01
1.665995597839355469e+01
1.665657234191894531e+01
1.665322113037109375e+01
1.665000343322753906e+01
1.664700889587402344e+01
1.664430236816406250e+01
1.664192962646484375e+01
1.663991355895996094e+01
1.663826751708984375e+01
1.663698577880859375e+01
1.663605499267578125e+01
1.663545036315917969e+01
1.663513946533203125e+01
1.663508605957031250e+01
1.663524818420410156e+01
1.663558578491210938e+01
1.663605880737304688e+01
1.663662719726562500e+01
1.663725662231445312e+01
1.663791465759277344e+01
1.663857078552246094e+01
1.663920783996582031e+01
1.663980102539062500e+01
1.664034080505371094e+01
1.664081764221191406e+01
1.664122390747070312e+01
1.664156150817871094e+01
1.664183044433593750e+01
1.664203262329101562e+01
1.664217376708984375e+01
1.664226341247558594e+01
1.664230537414550781e+01
1.664230918884277344e+01
1.664228248596191406e+01
1.664223289489746094e+01
1.664216613769531250e+01
1.664208984375000000e+01
1.664200782775878906e+01
1.664192771911621094e+01
1.664184761047363281e+01
1.664177322387695312e+01
1.664170646667480469e+01
1.664164924621582031e+01
1.664159965515136719e+01
1.664155960083007812e+01
1.664152908325195312e+01
1.664150619506835938e+01
1.664149093627929688e+01
1.664148521423339844e+01
1.664148330688476562e+01
1.664148521423339844e+01
1.664149284362792969e+01
1.664150238037109375e+01
1.664151382446289062e+01
1.664152717590332031e+01
1.664154243469238281e+01
1.664155769348144531e+01
1.664157104492187500e+01
1.664158630371093750e+01
1.664159965515136719e+01
1.664161109924316406e+01
1.664162254333496094e+01
1.664163398742675781e+01
1.664164352416992188e+01
1.664165115356445312e+01
1.664165687561035156e+01
1.664166259765625000e+01
1.664166831970214844e+01
1.664167404174804688e+01
1.664167785644531250e+01
1.664167976379394531e+01
1.664168357849121094e+01
1.664168548583984375e+01
1.664168930053710938e+01
1.664169120788574219e+01
1.664169311523437500e+01
1.664169692993164062e+01
1.664169692993164062e+01
1.664170074462890625e+01
1.664170265197753906e+01
1.664170455932617188e+01
1.664170837402343750e+01
1.664171218872070312e+01
1.664171409606933594e+01
1.664171981811523438e+01
1.664172172546386719e+01
1.664172554016113281e+01
1.664172935485839844e+01
1.664173316955566406e+01
1.664173698425292969e+01
1.664173889160156250e+01
1.664174461364746094e+01
1.664174652099609375e+01
1.664175224304199219e+01
1.664175415039062500e+01
1.664175605773925781e+01
1.664176177978515625e+01
1.664176559448242188e+01
1.664176940917968750e+01
1.664177131652832031e+01
1.664177322387695312e+01
1.664177894592285156e+01
1.664178085327148438e+01
1.664178466796875000e+01
1.664178657531738281e+01
1.664178848266601562e+01
1.664179229736328125e+01
1.664179420471191406e+01
1.664179801940917969e+01
1.664180183410644531e+01
1.664180374145507812e+01
1.664180564880371094e+01
1.664180946350097656e+01
1.664181137084960938e+01
1.664181327819824219e+01
1.664181518554687500e+01
1.664181900024414062e+01
1.664182281494140625e+01
1.664182662963867188e+01
1.664182853698730469e+01
1.664183044433593750e+01
1.664183235168457031e+01
1.664183425903320312e+01
1.664183616638183594e+01
1.664183998107910156e+01
1.664184379577636719e+01
1.664184570312500000e+01
1.664184761047363281e+01
1.664185142517089844e+01
1.664185333251953125e+01
1.664185523986816406e+01
1.664185714721679688e+01
1.664186096191406250e+01
1.664186096191406250e+01
1.664186477661132812e+01
1.664186477661132812e+01
1.664186859130859375e+01
1.664187049865722656e+01
1.664187240600585938e+01
1.664187431335449219e+01
1.664187622070312500e+01
1.664187812805175781e+01
1.664188194274902344e+01
1.664188194274902344e+01
1.664188575744628906e+01
1.664188766479492188e+01
1.664188957214355469e+01
1.664189338684082031e+01
1.664189338684082031e+01
1.664189529418945312e+01
1.664189720153808594e+01
1.664189910888671875e+01
1.664190292358398438e+01
1.664190292358398438e+01
1.664190673828125000e+01
1.664190864562988281e+01
1.664191055297851562e+01
1.664191055297851562e+01
1.664191246032714844e+01
1.664191436767578125e+01
1.664191627502441406e+01
1.664191818237304688e+01
1.664192008972167969e+01
1.664192199707031250e+01
1.664192390441894531e+01
1.664192771911621094e+01
1.664192962646484375e+01
1.664192962646484375e+01
1.664193153381347656e+01
1.664193344116210938e+01
1.664193534851074219e+01
1.664193725585937500e+01
1.664193725585937500e+01
1.664194107055664062e+01
1.664194107055664062e+01
1.664194297790527344e+01
1.664194488525390625e+01
1.664194679260253906e+01
1.664194869995117188e+01
1.664195060729980469e+01
1.664195251464843750e+01
1.664195251464843750e+01
1.664195442199707031e+01
1.664195632934570312e+01
1.664195823669433594e+01
1.664195823669433594e+01
1.664196205139160156e+01
1.664196395874023438e+01
1.664196395874023438e+01
1.664196586608886719e+01
1.664196777343750000e+01
1.664196968078613281e+01
1.664196968078613281e+01
1.664197349548339844e+01
1.664197349548339844e+01
1.664197540283203125e+01
1.664197731018066406e+01
1.664197731018066406e+01
1.664197921752929688e+01
1.664198112487792969e+01
1.664198303222656250e+01
1.664198303222656250e+01
1.664198493957519531e+01
1.664198684692382812e+01
1.664198875427246094e+01
1.664199066162109375e+01
1.664199066162109375e+01
1.664199066162109375e+01
1.664199447631835938e+01
1.664199447631835938e+01
1.664199638366699219e+01
1.664199829101562500e+01
1.664199829101562500e+01
1.664200019836425781e+01
1.664200019836425781e+01
1.664200210571289062e+01
1.664200401306152344e+01
1.664200592041015625e+01
1.664200782775878906e+01
1.664200782775878906e+01
1.664200973510742188e+01
1.664201164245605469e+01
1.664201164245605469e+01
1.664201164245605469e+01
1.664201545715332031e+01
1.664201545715332031e+01
1.664201545715332031e+01
1.664201736450195312e+01
1.664201736450195312e+01
1.664202117919921875e+01
1.664202117919921875e+01
1.664202117919921875e+01
1.664202308654785156e+01
1.664202499389648438e+01
1.664202499389648438e+01
1.664202880859375000e+01
1.664202880859375000e+01
