1.302565932273864746e+00
1.241823554039001465e+00
1.188956141471862793e+00
1.144109487533569336e+00
1.106476306915283203e+00
1.075148820877075195e+00
1.049374341964721680e+00
1.028546690940856934e+00
1.012146830558776855e+00
9.996222257614135742e-01
9.903375506401062012e-01
9.836385846138000488e-01
9.789516329765319824e-01
9.757446050643920898e-01
9.736415147781372070e-01
9.724311232566833496e-01
9.720098972320556641e-01
9.723305106163024902e-01
9.733391404151916504e-01
9.749435782432556152e-01
9.770129919052124023e-01
9.793875217437744141e-01
9.818937778472900391e-01
9.843625426292419434e-01
9.866427779197692871e-01
9.886116981506347656e-01
9.901786446571350098e-01
9.912912249565124512e-01
9.919325709342956543e-01
9.921169877052307129e-01
9.918847084045410156e-01
9.912881255149841309e-01
9.904301166534423828e-01
9.894019961357116699e-01
9.885486960411071777e-01
9.879964590072631836e-01
9.876360893249511719e-01
9.869149327278137207e-01
9.857113957405090332e-01
9.842735528945922852e-01
9.827369451522827148e-01
9.812256097793579102e-01
9.798249602317810059e-01
9.781131148338317871e-01
9.762896895408630371e-01
9.748895168304443359e-01
9.727301001548767090e-01
9.672096371650695801e-01
9.486092925071716309e-01
9.289286732673645020e-01
9.117656350135803223e-01
9.041623473167419434e-01
9.023260474205017090e-01
9.016470313072204590e-01
8.954605460166931152e-01
8.938723802566528320e-01
8.909056186676025391e-01
8.980661630630493164e-01
9.009864330291748047e-01
8.963199853897094727e-01
8.920815587043762207e-01
8.950284123420715332e-01
8.925570845603942871e-01
8.925511240959167480e-01
8.925224542617797852e-01
8.907887339591979980e-01
8.879703283309936523e-01
8.859500288963317871e-01
8.839364647865295410e-01
8.829204440116882324e-01
8.817287087440490723e-01
8.805668354034423828e-01
8.792945146560668945e-01
8.774315118789672852e-01
8.764808177947998047e-01
8.759161829948425293e-01
8.805406093597412109e-01
8.804723024368286133e-01
8.775284290313720703e-01
8.748312592506408691e-01
8.706919550895690918e-01
8.665126562118530273e-01
8.646485209465026855e-01
8.634510636329650879e-01
8.628694415092468262e-01
8.630712628364562988e-01
8.613756299018859863e-01
8.602595925331115723e-01
8.589906096458435059e-01
8.578995466232299805e-01
8.549339771270751953e-01
8.534863591194152832e-01
8.528277277946472168e-01
8.525002002716064453e-01
8.520981669425964355e-01
8.519066572189331055e-01
8.517951369285583496e-01
8.516221046447753906e-01
8.510906696319580078e-01
8.502895832061767578e-01
8.495684266090393066e-01
8.487583994865417480e-01
8.479143977165222168e-01
8.470228910446166992e-01
8.460525274276733398e-01
8.450794816017150879e-01
8.440628051757812500e-01
8.429577946662902832e-01
8.418524861335754395e-01
8.408241271972656250e-01
8.398663997650146484e-01
8.389927148818969727e-01
8.381725549697875977e-01
8.373811841011047363e-01
8.366237878799438477e-01
8.359480500221252441e-01
8.353031277656555176e-01
8.345605134963989258e-01
8.337904810905456543e-01
8.330784440040588379e-01
8.324260711669921875e-01
8.318458795547485352e-01
8.313207626342773438e-01
8.307859897613525391e-01
8.302533626556396484e-01
8.297735452651977539e-01
8.293362259864807129e-01
8.289451599121093750e-01
8.292073607444763184e-01
8.283162117004394531e-01
8.280672430992126465e-01
8.278077840805053711e-01
8.275796175003051758e-01
8.273873329162597656e-01
8.271088600158691406e-01
8.268575668334960938e-01
8.266134858131408691e-01
8.264055848121643066e-01
8.262525200843811035e-01
8.261533379554748535e-01
8.261010646820068359e-01
8.260734677314758301e-01
8.260409235954284668e-01
8.259839415550231934e-01
8.259150981903076172e-01
8.258433938026428223e-01
8.257685303688049316e-01
8.256879448890686035e-01
8.255985975265502930e-01
8.254970908164978027e-01
8.253837823867797852e-01
8.252638578414916992e-01
8.251421451568603516e-01
8.250247836112976074e-01
8.249142169952392578e-01
8.248102068901062012e-01
8.247095942497253418e-01
8.246073126792907715e-01
8.245000839233398438e-01
8.243889212608337402e-01
8.242760896682739258e-01
8.241635560989379883e-01
8.240531682968139648e-01
8.239455223083496094e-01
8.238399028778076172e-01
8.237357139587402344e-01
8.236338496208190918e-01
8.235360980033874512e-01
8.234454393386840820e-01
8.233591318130493164e-01
8.232790827751159668e-01
8.231965899467468262e-01
8.231111168861389160e-01
8.230234980583190918e-01
8.229367136955261230e-01
8.228524327278137207e-01
8.227707147598266602e-01
8.226897120475769043e-01
8.226101994514465332e-01
8.225318193435668945e-01
8.224571347236633301e-01
8.223842382431030273e-01
8.223134279251098633e-01
8.222436904907226562e-01
8.221741318702697754e-01
8.221078515052795410e-01
8.220413327217102051e-01
8.219743967056274414e-01
8.219053745269775391e-01
8.218340277671813965e-01
8.217617273330688477e-01
8.216956257820129395e-01
8.216323256492614746e-01
8.215705752372741699e-01
8.215094804763793945e-01
8.214452862739562988e-01
8.213821649551391602e-01
8.213189840316772461e-01
8.212569355964660645e-01
8.211947083473205566e-01
8.211308121681213379e-01
8.210670948028564453e-01
8.210014104843139648e-01
8.209381103515625000e-01
8.208719491958618164e-01
8.208091855049133301e-01
8.207466006278991699e-01
8.206832408905029297e-01
8.206264972686767578e-01
8.205630779266357422e-01
8.204966187477111816e-01
8.204299807548522949e-01
8.203667998313903809e-01
8.203052282333374023e-01
8.202391266822814941e-01
8.201728463172912598e-01
8.201064467430114746e-01
8.200460076332092285e-01
8.199859857559204102e-01
8.199245929718017578e-01
8.198676705360412598e-01
8.198117613792419434e-01
8.197562694549560547e-01
8.197034001350402832e-01
8.196464776992797852e-01
8.195833563804626465e-01
8.195307254791259766e-01
8.194744586944580078e-01
8.194292187690734863e-01
8.193756341934204102e-01
8.193362355232238770e-01
8.192731142044067383e-01
8.192084431648254395e-01
8.191291689872741699e-01
8.190668225288391113e-01
8.190003037452697754e-01
8.189470767974853516e-01
8.188942670822143555e-01
8.188354969024658203e-01
8.187729716300964355e-01
8.187116384506225586e-01
8.186571002006530762e-01
8.186022043228149414e-01
8.185495138168334961e-01
8.184890747070312500e-01
8.184335827827453613e-01
8.183719515800476074e-01
8.183155655860900879e-01
8.182596564292907715e-01
8.182039856910705566e-01
8.181391954421997070e-01
8.180699944496154785e-01
8.180390596389770508e-01
8.179389834403991699e-01
8.177987933158874512e-01
8.176787495613098145e-01
8.176601529121398926e-01
8.175805807113647461e-01
8.172852396965026855e-01
8.170627951622009277e-01
8.140329122543334961e-01
8.169282078742980957e-01
8.184600472450256348e-01
8.179361820220947266e-01
8.180690407752990723e-01
8.256279230117797852e-01
8.208608031272888184e-01
8.186940550804138184e-01
8.186500072479248047e-01
8.197333812713623047e-01
8.168887495994567871e-01
8.185526728630065918e-01
8.180951476097106934e-01
8.172366023063659668e-01
8.177302479743957520e-01
8.179814219474792480e-01
8.178068399429321289e-01
8.178222775459289551e-01
8.179746866226196289e-01
8.175590038299560547e-01
8.173466324806213379e-01
8.173587918281555176e-01
8.168826699256896973e-01
8.168366551399230957e-01
8.166604042053222656e-01
8.165649175643920898e-01
8.162766695022583008e-01
8.161407709121704102e-01
8.159304261207580566e-01
8.158401250839233398e-01
8.155621886253356934e-01
8.154143691062927246e-01
8.152183890342712402e-01
8.151606917381286621e-01
8.149772286415100098e-01
8.148864507675170898e-01
8.147781491279602051e-01
8.147145509719848633e-01
8.146104216575622559e-01
8.145191669464111328e-01
