2.753328704833984375e+01
2.686126136779785156e+01
2.616955184936523438e+01
2.548987960815429688e+01
2.480487823486328125e+01
2.405831909179687500e+01
2.328849983215332031e+01
2.250976562500000000e+01
2.173168373107910156e+01
2.096242523193359375e+01
2.020955467224121094e+01
1.948025512695312500e+01
1.878125762939453125e+01
1.811868858337402344e+01
1.749782943725585938e+01
1.692288208007812500e+01
1.640415191650390625e+01
1.592164039611816406e+01
1.549717521667480469e+01
1.512240219116210938e+01
1.479513359069824219e+01
1.451241016387939453e+01
1.427078723907470703e+01
1.406659507751464844e+01
1.389613342285156250e+01
1.375579357147216797e+01
1.364211845397949219e+01
1.355182933807373047e+01
1.348181915283203125e+01
1.342915153503417969e+01
1.339104938507080078e+01
1.336491966247558594e+01
1.334836864471435547e+01
1.333922481536865234e+01
1.333556652069091797e+01
1.333572959899902344e+01
1.334262752532958984e+01
1.334177970886230469e+01
1.334484672546386719e+01
1.334555530548095703e+01
1.334570121765136719e+01
1.345783615112304688e+01
1.333655452728271484e+01
1.331350994110107422e+01
1.329817485809326172e+01
1.329480457305908203e+01
1.325253295898437500e+01
1.306294822692871094e+01
1.283083820343017578e+01
1.259236621856689453e+01
1.236023521423339844e+01
1.217042064666748047e+01
1.201245689392089844e+01
1.181442356109619141e+01
1.163430023193359375e+01
1.148992156982421875e+01
1.136810398101806641e+01
1.126361656188964844e+01
1.117725658416748047e+01
1.110781955718994141e+01
1.106270503997802734e+01
1.103716850280761719e+01
1.102464771270751953e+01
1.101441097259521484e+01
1.099941825866699219e+01
1.098326110839843750e+01
1.097165203094482422e+01
1.096886825561523438e+01
1.095933341979980469e+01
1.095529460906982422e+01
1.095602130889892578e+01
1.096354579925537109e+01
1.096080017089843750e+01
1.093186855316162109e+01
1.091032314300537109e+01
1.089290904998779297e+01
1.088179874420166016e+01
1.087653923034667969e+01
1.087457466125488281e+01
1.087554550170898438e+01
1.087658405303955078e+01
1.087599468231201172e+01
1.087775421142578125e+01
1.088043403625488281e+01
1.088300132751464844e+01
1.088471698760986328e+01
1.088476181030273438e+01
1.088265514373779297e+01
1.087844944000244141e+01
1.087248039245605469e+01
1.086488914489746094e+01
1.085531520843505859e+01
1.084536743164062500e+01
1.083833217620849609e+01
1.083333396911621094e+01
1.083004570007324219e+01
1.082572269439697266e+01
1.082133388519287109e+01
1.081737613677978516e+01
1.081389713287353516e+01
1.081181907653808594e+01
1.080976295471191406e+01
1.080774402618408203e+01
1.080546760559082031e+01
1.080274486541748047e+01
1.079958915710449219e+01
1.079598426818847656e+01
1.079206371307373047e+01
1.078814506530761719e+01
1.078449630737304688e+01
1.078117275238037109e+01
1.077803897857666016e+01
1.077492141723632812e+01
1.077183246612548828e+01
1.076896572113037109e+01
1.076644706726074219e+01
1.076421070098876953e+01
1.076205158233642578e+01
1.076045894622802734e+01
1.076027202606201172e+01
1.075932598114013672e+01
1.075659275054931641e+01
1.075273323059082031e+01
1.074709796905517578e+01
1.074292087554931641e+01
1.074015712738037109e+01
1.073634910583496094e+01
1.073366165161132812e+01
1.073193168640136719e+01
1.073092746734619141e+01
1.072784042358398438e+01
1.072708225250244141e+01
1.072830677032470703e+01
1.072709941864013672e+01
1.072374725341796875e+01
1.072189044952392578e+01
1.071913337707519531e+01
1.071534919738769531e+01
1.071371936798095703e+01
1.071126747131347656e+01
1.071021461486816406e+01
1.070814895629882812e+01
1.072087669372558594e+01
1.070379066467285156e+01
1.070781803131103516e+01
1.071692180633544922e+01
1.072435474395751953e+01
1.072823905944824219e+01
1.072653579711914062e+01
1.073024654388427734e+01
1.073025703430175781e+01
1.072597312927246094e+01
1.071750736236572266e+01
1.070844745635986328e+01
1.069745349884033203e+01
1.068863677978515625e+01
1.068441963195800781e+01
1.068419361114501953e+01
1.068533134460449219e+01
1.068456172943115234e+01
1.068471431732177734e+01
1.068758106231689453e+01
1.069156265258789062e+01
1.069528961181640625e+01
1.068903923034667969e+01
1.021710777282714844e+01
9.722923278808593750e+00
9.186483383178710938e+00
8.672707557678222656e+00
8.215499877929687500e+00
7.828183174133300781e+00
7.513489723205566406e+00
7.264782428741455078e+00
7.078157424926757812e+00
6.952252864837646484e+00
6.863365650177001953e+00
6.799305438995361328e+00
6.760742664337158203e+00
6.762303829193115234e+00
6.847978591918945312e+00
6.727721214294433594e+00
6.722892284393310547e+00
6.728709220886230469e+00
6.744365215301513672e+00
6.764907836914062500e+00
6.787558555603027344e+00
6.813653945922851562e+00
6.832747936248779297e+00
6.854605197906494141e+00
6.879768848419189453e+00
6.887572765350341797e+00
6.902789115905761719e+00
6.910352706909179688e+00
6.912467002868652344e+00
6.919159412384033203e+00
6.911316394805908203e+00
6.907455921173095703e+00
6.904310703277587891e+00
6.898063182830810547e+00
6.892127990722656250e+00
6.888875961303710938e+00
6.885645866394042969e+00
6.874664783477783203e+00
6.871208190917968750e+00
6.876393795013427734e+00
6.859444141387939453e+00
6.857826709747314453e+00
6.870121479034423828e+00
6.859770298004150391e+00
6.848846912384033203e+00
6.849991798400878906e+00
6.875772476196289062e+00
6.845975399017333984e+00
6.848653316497802734e+00
6.854931354522705078e+00
6.858031749725341797e+00
6.847726821899414062e+00
6.855784893035888672e+00
6.844554424285888672e+00
6.857902526855468750e+00
6.848863124847412109e+00
6.852878093719482422e+00
6.852469921112060547e+00
6.847165107727050781e+00
6.849910736083984375e+00
6.850581645965576172e+00
6.845244407653808594e+00
6.851899623870849609e+00
6.848339557647705078e+00
6.846034049987792969e+00
6.860401153564453125e+00
6.847188949584960938e+00
6.845963001251220703e+00
6.850804328918457031e+00
6.846713542938232422e+00
6.846484184265136719e+00
6.847478866577148438e+00
6.840580463409423828e+00
6.837969779968261719e+00
6.839386940002441406e+00
6.837444305419921875e+00
6.835817337036132812e+00
6.835457324981689453e+00
6.834636688232421875e+00
6.835046768188476562e+00
6.835961818695068359e+00
6.834728717803955078e+00
6.834788799285888672e+00
6.836135864257812500e+00
6.836207389831542969e+00
6.836033821105957031e+00
6.836414337158203125e+00
6.836672782897949219e+00
6.836821079254150391e+00
6.836637973785400391e+00
6.836460590362548828e+00
6.836713314056396484e+00
6.836651325225830078e+00
6.836702823638916016e+00
6.838069438934326172e+00
6.837061882019042969e+00
6.837804317474365234e+00
6.837412834167480469e+00
6.839114189147949219e+00
6.837821006774902344e+00
6.837986946105957031e+00
6.840814590454101562e+00
6.838309288024902344e+00
6.838545322418212891e+00
6.838882446289062500e+00
6.838522434234619141e+00
6.840340614318847656e+00
6.838632106781005859e+00
6.838632583618164062e+00
6.837038040161132812e+00
6.836975574493408203e+00
6.838202476501464844e+00
6.837502956390380859e+00
6.836599826812744141e+00
6.836694717407226562e+00
6.754334926605224609e+00
6.453266620635986328e+00
6.127624034881591797e+00
5.850746154785156250e+00
5.655867576599121094e+00
5.543084144592285156e+00
5.497733116149902344e+00
5.493356704711914062e+00
5.505410671234130859e+00
5.515369892120361328e+00
5.519763469696044922e+00
5.519912242889404297e+00
5.521493911743164062e+00
5.527247428894042969e+00
5.539109230041503906e+00
5.556398391723632812e+00
5.572600841522216797e+00
5.587930679321289062e+00
5.598412036895751953e+00
5.603556156158447266e+00
