2.828681707382202148e+00
2.774893999099731445e+00
2.724141359329223633e+00
2.675067663192749023e+00
2.619190692901611328e+00
2.560795783996582031e+00
2.498195648193359375e+00
2.433061361312866211e+00
2.373882293701171875e+00
2.322218418121337891e+00
2.273582696914672852e+00
2.228844881057739258e+00
2.189391613006591797e+00
2.155605077743530273e+00
2.127130746841430664e+00
2.102401733398437500e+00
2.081448078155517578e+00
2.063347578048706055e+00
2.046306610107421875e+00
2.033596515655517578e+00
2.024838209152221680e+00
2.018149852752685547e+00
2.011005640029907227e+00
2.004261970520019531e+00
1.999586462974548340e+00
1.996146321296691895e+00
1.992240905761718750e+00
1.987389326095581055e+00
1.981274366378784180e+00
1.975568175315856934e+00
1.971241474151611328e+00
1.967643499374389648e+00
1.961260437965393066e+00
1.957082986831665039e+00
1.954807281494140625e+00
1.949981093406677246e+00
1.946869492530822754e+00
1.944955229759216309e+00
1.942639946937561035e+00
1.937013030052185059e+00
1.934324026107788086e+00
1.934203863143920898e+00
1.930040121078491211e+00
1.925133943557739258e+00
1.923826575279235840e+00
1.925292611122131348e+00
1.920168042182922363e+00
1.914875268936157227e+00
1.912548422813415527e+00
1.914526700973510742e+00
1.910296440124511719e+00
1.903393507003784180e+00
1.901596426963806152e+00
1.903647780418395996e+00
1.895678997039794922e+00
1.892186522483825684e+00
1.893631458282470703e+00
1.885909676551818848e+00
1.881418108940124512e+00
1.882745146751403809e+00
1.881775021553039551e+00
1.871518254280090332e+00
1.868236899375915527e+00
1.867371678352355957e+00
1.864835381507873535e+00
1.859738826751708984e+00
1.854971170425415039e+00
1.852470755577087402e+00
1.851516604423522949e+00
1.849722385406494141e+00
1.846213817596435547e+00
1.842299461364746094e+00
1.839330434799194336e+00
1.837327480316162109e+00
1.835382342338562012e+00
1.829465627670288086e+00
1.827878713607788086e+00
1.829924106597900391e+00
1.825296759605407715e+00
1.822240233421325684e+00
1.820648789405822754e+00
1.819891095161437988e+00
1.813666820526123047e+00
1.811438798904418945e+00
1.812906384468078613e+00
1.809111714363098145e+00
1.807519078254699707e+00
1.803703546524047852e+00
1.803650617599487305e+00
1.801042795181274414e+00
1.798061728477478027e+00
1.798784017562866211e+00
1.797146081924438477e+00
1.794076681137084961e+00
1.795964121818542480e+00
1.795883059501647949e+00
1.792510151863098145e+00
1.789383292198181152e+00
1.788934946060180664e+00
1.789092183113098145e+00
1.786639690399169922e+00
1.782660245895385742e+00
1.779415369033813477e+00
1.777469277381896973e+00
1.775636553764343262e+00
1.773477673530578613e+00
1.772050738334655762e+00
1.771554946899414062e+00
1.771137356758117676e+00
1.770046472549438477e+00
1.768714547157287598e+00
1.768031120300292969e+00
1.768035888671875000e+00
1.767806649208068848e+00
1.766579031944274902e+00
1.764656186103820801e+00
1.763186216354370117e+00
1.762679576873779297e+00
1.762236833572387695e+00
1.764121413230895996e+00
1.766197323799133301e+00
1.773930668830871582e+00
1.938585400581359863e+00
1.761418223381042480e+00
2.098864555358886719e+00
2.085973978042602539e+00
2.079565525054931641e+00
2.076631069183349609e+00
2.064902782440185547e+00
2.060006856918334961e+00
2.056018590927124023e+00
1.886161446571350098e+00
1.910213470458984375e+00
1.952072858810424805e+00
1.972805857658386230e+00
1.937158703804016113e+00
1.875179886817932129e+00
1.838210344314575195e+00
1.822903633117675781e+00
1.809998869895935059e+00
1.797819137573242188e+00
1.798999071121215820e+00
1.806144356727600098e+00
1.796604156494140625e+00
1.776505470275878906e+00
1.762202143669128418e+00
1.752452731132507324e+00
1.746757268905639648e+00
1.747901320457458496e+00
1.753462910652160645e+00
1.754962444305419922e+00
1.749983191490173340e+00
1.743126869201660156e+00
1.737952589988708496e+00
1.737343311309814453e+00
1.740533828735351562e+00
1.744240641593933105e+00
1.745554804801940918e+00
1.743678689002990723e+00
1.740825772285461426e+00
1.739151358604431152e+00
1.738955855369567871e+00
1.739944934844970703e+00
1.756783843040466309e+00
1.743199586868286133e+00
1.746338725090026855e+00
1.749146938323974609e+00
1.750451087951660156e+00
1.749587774276733398e+00
1.747166395187377930e+00
1.744834303855895996e+00
1.744237065315246582e+00
1.744655013084411621e+00
1.744111776351928711e+00
1.742046952247619629e+00
1.739053726196289062e+00
1.736383557319641113e+00
1.735025525093078613e+00
1.734936714172363281e+00
1.735152959823608398e+00
1.734722852706909180e+00
1.733538866043090820e+00
1.732846379280090332e+00
1.733087420463562012e+00
1.733659386634826660e+00
1.733983874320983887e+00
1.733773350715637207e+00
1.733269333839416504e+00
1.732770085334777832e+00
1.732552051544189453e+00
1.732663750648498535e+00
1.733682394027709961e+00
1.734873294830322266e+00
1.734829902648925781e+00
1.733752131462097168e+00
1.732671976089477539e+00
1.732273697853088379e+00
1.732408404350280762e+00
1.733456015586853027e+00
1.734439849853515625e+00
1.734044432640075684e+00
1.732873678207397461e+00
1.731757521629333496e+00
1.731260180473327637e+00
1.731365323066711426e+00
1.731556415557861328e+00
1.731287240982055664e+00
1.730497241020202637e+00
1.730273485183715820e+00
1.730595588684082031e+00
1.730674862861633301e+00
1.730481028556823730e+00
1.730002284049987793e+00
1.729456663131713867e+00
1.729023575782775879e+00
1.728667855262756348e+00
1.728305697441101074e+00
1.727905035018920898e+00
1.728227615356445312e+00
1.728866815567016602e+00
1.728818178176879883e+00
1.728212237358093262e+00
1.727440953254699707e+00
1.726943016052246094e+00
1.726809859275817871e+00
1.726783156394958496e+00
1.726549267768859863e+00
1.726810216903686523e+00
1.727226018905639648e+00
1.726891756057739258e+00
1.726223230361938477e+00
1.725685477256774902e+00
1.725463628768920898e+00
1.725453376770019531e+00
1.725372314453125000e+00
1.724990367889404297e+00
1.725123524665832520e+00
1.725481390953063965e+00
1.725130319595336914e+00
1.724496364593505859e+00
1.724025249481201172e+00
1.723854422569274902e+00
1.723841071128845215e+00
1.723710417747497559e+00
1.722573757171630859e+00
1.722168564796447754e+00
1.723207831382751465e+00
1.723342776298522949e+00
1.722791671752929688e+00
1.722686767578125000e+00
1.722891330718994141e+00
1.722260475158691406e+00
1.721245527267456055e+00
1.721001029014587402e+00
1.721316337585449219e+00
1.721832513809204102e+00
1.721552491188049316e+00
1.721131682395935059e+00
1.721350669860839844e+00
1.721138596534729004e+00
1.719896793365478516e+00
1.719089150428771973e+00
1.719438910484313965e+00
1.720443964004516602e+00
1.720592141151428223e+00
1.719483613967895508e+00
1.718865156173706055e+00
1.719448447227478027e+00
1.719949841499328613e+00
1.719015717506408691e+00
1.717392802238464355e+00
1.716698646545410156e+00
1.716804981231689453e+00
1.717412710189819336e+00
1.717943787574768066e+00
1.717427611351013184e+00
1.716496944427490234e+00
1.716403245925903320e+00
1.716845154762268066e+00
1.716695904731750488e+00
1.715989708900451660e+00
1.715852618217468262e+00
1.716169714927673340e+00
1.716036677360534668e+00
1.715552091598510742e+00
1.714982390403747559e+00
1.714566230773925781e+00
1.714385390281677246e+00
1.715010643005371094e+00
1.715865850448608398e+00
1.715622067451477051e+00
1.714589476585388184e+00
1.713489651679992676e+00
1.713452816009521484e+00
1.714292407035827637e+00
1.714656591415405273e+00
1.714153528213500977e+00
1.713109850883483887e+00
1.712743282318115234e+00
1.713017344474792480e+00
