4.308427429199218750e+01
4.239725112915039062e+01
4.173328399658203125e+01
4.051059722900390625e+01
3.963254547119140625e+01
3.871109008789062500e+01
3.781247329711914062e+01
3.693477630615234375e+01
3.610255050659179688e+01
3.530638504028320312e+01
3.457188415527343750e+01
3.389398193359375000e+01
3.327692794799804688e+01
3.272566223144531250e+01
3.224287796020507812e+01
3.182874870300292969e+01
3.148108863830566406e+01
3.119578552246093750e+01
3.096737861633300781e+01
3.078968048095703125e+01
3.065633010864257812e+01
3.056118392944335938e+01
3.049851226806640625e+01
3.046310234069824219e+01
3.045021247863769531e+01
3.045552635192871094e+01
3.047510337829589844e+01
3.050533866882324219e+01
3.054296112060546875e+01
3.058505439758300781e+01
3.062907791137695312e+01
3.067289543151855469e+01
3.071478080749511719e+01
3.075341224670410156e+01
3.078785514831542969e+01
3.081753921508789062e+01
3.084219360351562500e+01
3.086182212829589844e+01
3.087663269042968750e+01
3.088700103759765625e+01
3.089345169067382812e+01
3.089663505554199219e+01
3.089734649658203125e+01
3.089624404907226562e+01
3.089372444152832031e+01
3.089074516296386719e+01
3.088788414001464844e+01
3.088121223449707031e+01
3.086646080017089844e+01
3.084444808959960938e+01
3.081913375854492188e+01
3.079506111145019531e+01
3.077468681335449219e+01
3.075833320617675781e+01
3.074569511413574219e+01
3.073644638061523438e+01
3.073027038574218750e+01
3.072678947448730469e+01
3.072557258605957031e+01
3.072615814208984375e+01
3.072805023193359375e+01
3.073076438903808594e+01
3.073382568359375000e+01
3.073681068420410156e+01
3.073937988281250000e+01
3.074134254455566406e+01
3.074263954162597656e+01
3.074336242675781250e+01
3.074364662170410156e+01
3.074365043640136719e+01
3.074351119995117188e+01
3.074332427978515625e+01
3.074315261840820312e+01
3.074302864074707031e+01
3.074295043945312500e+01
3.074290847778320312e+01
3.074286842346191406e+01
3.074279403686523438e+01
3.074264526367187500e+01
3.074238395690917969e+01
3.074198722839355469e+01
3.074143791198730469e+01
3.074073791503906250e+01
3.073990821838378906e+01
3.073897361755371094e+01
3.073797607421875000e+01
3.073695373535156250e+01
3.073593711853027344e+01
3.073496246337890625e+01
3.073404693603515625e+01
3.073320770263671875e+01
3.073244476318359375e+01
3.073175430297851562e+01
3.073112487792968750e+01
3.073054122924804688e+01
3.072999191284179688e+01
3.072945404052734375e+01
3.072891807556152344e+01
3.072837066650390625e+01
3.072780609130859375e+01
3.072722244262695312e+01
3.072661781311035156e+01
3.072599411010742188e+01
3.072535896301269531e+01
3.072471427917480469e+01
3.072406387329101562e+01
3.072341537475585938e+01
3.072276496887207031e+01
3.072211837768554688e+01
3.072147178649902344e+01
3.072082901000976562e+01
3.072018814086914062e+01
3.071953964233398438e+01
3.071889114379882812e+01
3.071823883056640625e+01
3.071758079528808594e+01
3.071691513061523438e+01
3.071624755859375000e+01
3.071557807922363281e+01
3.071490287780761719e+01
3.071422576904296875e+01
3.071355438232421875e+01
3.071287918090820312e+01
3.071221160888671875e+01
3.071154212951660156e+01
3.071087837219238281e+01
3.071021652221679688e+01
3.070955467224121094e+01
3.070890045166015625e+01
3.070824241638183594e+01
3.070759010314941406e+01
3.070693778991699219e+01
3.070628738403320312e+01
3.070563697814941406e+01
3.070498847961425781e+01
3.070434188842773438e+01
3.070369911193847656e+01
3.070305824279785156e+01
3.070241928100585938e+01
3.070178031921386719e+01
3.070114707946777344e+01
3.070051574707031250e+01
3.069988632202148438e+01
3.069926261901855469e+01
3.069864082336425781e+01
3.069802474975585938e+01
3.069740867614746094e+01
3.069679641723632812e+01
3.069618797302246094e+01
3.069558334350585938e+01
3.069498252868652344e+01
3.069438743591308594e+01
3.069379425048828125e+01
3.069320678710937500e+01
3.069261932373046875e+01
3.069203948974609375e+01
3.069146347045898438e+01
3.069089126586914062e+01
3.069032478332519531e+01
3.068976211547851562e+01
3.068920135498046875e+01
3.068864631652832031e+01
3.068809700012207031e+01
3.068755149841308594e+01
3.068700981140136719e+01
3.068647193908691406e+01
3.068593788146972656e+01
3.068540954589843750e+01
3.068488693237304688e+01
3.068436813354492188e+01
3.068385124206542969e+01
3.068334007263183594e+01
3.068283462524414062e+01
3.068233108520507812e+01
3.068183517456054688e+01
3.068134117126464844e+01
3.068085098266601562e+01
3.068036460876464844e+01
3.067988395690917969e+01
3.067940330505371094e+01
3.067893218994140625e+01
3.067846107482910156e+01
3.067799568176269531e+01
3.067753410339355469e+01
3.067707443237304688e+01
3.067662048339843750e+01
3.067617034912109375e+01
3.067572212219238281e+01
3.067527770996093750e+01
3.067483711242675781e+01
3.067439842224121094e+01
3.067396354675292969e+01
3.067353439331054688e+01
3.067310523986816406e+01
3.067268180847167969e+01
3.067226028442382812e+01
3.067184066772460938e+01
3.067142677307128906e+01
3.067101287841796875e+01
3.067060279846191406e+01
3.067019653320312500e+01
3.066979026794433594e+01
3.066938781738281250e+01
3.066898727416992188e+01
3.066859054565429688e+01
3.066819763183593750e+01
3.066780471801757812e+01
3.066741371154785156e+01
3.066702651977539062e+01
3.066663742065429688e+01
3.066625404357910156e+01
3.066587257385253906e+01
3.066549110412597656e+01
3.066511344909667969e+01
3.066473388671875000e+01
3.066436004638671875e+01
3.066398620605468750e+01
3.066361427307128906e+01
3.066324424743652344e+01
3.066287422180175781e+01
3.066250610351562500e+01
3.066214370727539062e+01
3.066177749633789062e+01
3.066141128540039062e+01
3.066105079650878906e+01
3.066068840026855469e+01
3.066032981872558594e+01
3.065996932983398438e+01
3.065961074829101562e+01
3.065925598144531250e+01
3.065889930725097656e+01
3.065854263305664062e+01
3.065818595886230469e+01
3.065783309936523438e+01
3.065748023986816406e+01
3.065712547302246094e+01
3.065677070617675781e+01
3.065641975402832031e+01
3.065606307983398438e+01
3.065580749511718750e+01
3.065545654296875000e+01
3.065489578247070312e+01
3.065443801879882812e+01
3.065405464172363281e+01
3.065372848510742188e+01
3.065344238281250000e+01
3.065317535400390625e+01
3.065289688110351562e+01
3.065259742736816406e+01
3.065225982666015625e+01
3.065188980102539062e+01
3.065149879455566406e+01
3.065111160278320312e+01
3.065126419067382812e+01
3.065069580078125000e+01
3.068452835083007812e+01
3.064945793151855469e+01
3.067988014221191406e+01
3.063401985168457031e+01
3.062776565551757812e+01
3.062453460693359375e+01
3.062345886230468750e+01
3.064623069763183594e+01
3.040886306762695312e+01
2.957859039306640625e+01
2.870378494262695312e+01
2.787100982666015625e+01
2.772319793701171875e+01
2.665501594543457031e+01
2.603833580017089844e+01
2.566548728942871094e+01
2.576467323303222656e+01
2.515039443969726562e+01
2.511885261535644531e+01
2.489455795288085938e+01
2.482552909851074219e+01
2.480839157104492188e+01
2.490665435791015625e+01
2.477816009521484375e+01
2.478306198120117188e+01
2.446967315673828125e+01
2.378436660766601562e+01
2.219789505004882812e+01
2.058138847351074219e+01
1.905760192871093750e+01
1.772325706481933594e+01
1.661367225646972656e+01
1.573126316070556641e+01
1.505887031555175781e+01
1.456748390197753906e+01
1.404772853851318359e+01
1.324645709991455078e+01
1.243117809295654297e+01
1.169315052032470703e+01
1.108866024017333984e+01
1.082204818725585938e+01
1.028220939636230469e+01
1.008682537078857422e+01
1.007161426544189453e+01
1.021033573150634766e+01
