2.700245285034179688e+01
2.663128280639648438e+01
2.624175834655761719e+01
2.578059387207031250e+01
2.514943504333496094e+01
2.426074409484863281e+01
2.324596405029296875e+01
2.210811233520507812e+01
2.107522392272949219e+01
1.999485588073730469e+01
1.888888168334960938e+01
1.777889823913574219e+01
1.668758392333984375e+01
1.564001750946044922e+01
1.466384696960449219e+01
1.379168128967285156e+01
1.301702308654785156e+01
1.235453128814697266e+01
1.178971195220947266e+01
1.142065238952636719e+01
1.125911998748779297e+01
1.113420200347900391e+01
1.097146987915039062e+01
1.076010608673095703e+01
1.052426719665527344e+01
1.030075740814208984e+01
1.011970043182373047e+01
9.993838310241699219e+00
9.916683197021484375e+00
9.873118400573730469e+00
9.850723266601562500e+00
9.844921112060546875e+00
9.840044021606445312e+00
9.829193115234375000e+00
9.815490722656250000e+00
9.801019668579101562e+00
9.789646148681640625e+00
9.779777526855468750e+00
9.771647453308105469e+00
9.765285491943359375e+00
9.760357856750488281e+00
9.756368637084960938e+00
9.752830505371093750e+00
9.749363899230957031e+00
9.745746612548828125e+00
9.742177009582519531e+00
9.739038467407226562e+00
9.736288070678710938e+00
9.733399391174316406e+00
9.729606628417968750e+00
9.726936340332031250e+00
9.724730491638183594e+00
9.721782684326171875e+00
9.718161582946777344e+00
9.713985443115234375e+00
9.709348678588867188e+00
9.704338073730468750e+00
9.699047088623046875e+00
9.693578720092773438e+00
9.688053131103515625e+00
9.682511329650878906e+00
9.676846504211425781e+00
9.671037673950195312e+00
9.665200233459472656e+00
9.659309387207031250e+00
9.653267860412597656e+00
9.647049903869628906e+00
9.640723228454589844e+00
9.634322166442871094e+00
9.627769470214843750e+00
9.621085166931152344e+00
9.614236831665039062e+00
9.607125282287597656e+00
9.599797248840332031e+00
9.592300415039062500e+00
9.584631919860839844e+00
9.576786994934082031e+00
9.568691253662109375e+00
9.560395240783691406e+00
9.551983833312988281e+00
9.543482780456542969e+00
9.534846305847167969e+00
9.524082183837890625e+00
9.402235031127929688e+00
9.150041580200195312e+00
8.805299758911132812e+00
8.474514007568359375e+00
8.195111274719238281e+00
7.981764316558837891e+00
7.832840442657470703e+00
7.740977287292480469e+00
7.703095436096191406e+00
7.688974380493164062e+00
7.689476013183593750e+00
7.658920288085937500e+00
7.669136524200439453e+00
7.657924652099609375e+00
7.668403625488281250e+00
7.681348323822021484e+00
7.688882350921630859e+00
7.690079212188720703e+00
7.686602115631103516e+00
7.683153152465820312e+00
7.690363407135009766e+00
7.695798397064208984e+00
7.673152923583984375e+00
7.675287246704101562e+00
7.661384582519531250e+00
7.643892765045166016e+00
7.632333278656005859e+00
7.619257450103759766e+00
7.606607913970947266e+00
7.594258785247802734e+00
7.588059425354003906e+00
7.581819057464599609e+00
7.568758487701416016e+00
7.556611537933349609e+00
7.547174453735351562e+00
7.540259361267089844e+00
7.535953521728515625e+00
7.535360813140869141e+00
7.536528587341308594e+00
7.525527954101562500e+00
7.519748210906982422e+00
7.534167289733886719e+00
7.514412403106689453e+00
7.511898040771484375e+00
7.528438568115234375e+00
7.508674621582031250e+00
7.505420684814453125e+00
7.502389907836914062e+00
7.504540443420410156e+00
7.513439178466796875e+00
7.517808437347412109e+00
7.508336067199707031e+00
7.497250080108642578e+00
7.495953559875488281e+00
7.488741874694824219e+00
7.484074115753173828e+00
7.497573852539062500e+00
7.470468521118164062e+00
7.433328151702880859e+00
7.444262504577636719e+00
7.440911293029785156e+00
7.444114685058593750e+00
7.458696842193603516e+00
7.446956634521484375e+00
7.441182613372802734e+00
7.441126823425292969e+00
7.441336631774902344e+00
7.454698562622070312e+00
7.475630760192871094e+00
7.447003841400146484e+00
7.438743114471435547e+00
7.437786579132080078e+00
7.446152687072753906e+00
7.444916248321533203e+00
7.437076568603515625e+00
7.448810100555419922e+00
7.434570312500000000e+00
7.431645393371582031e+00
7.440083026885986328e+00
7.448520183563232422e+00
7.430692672729492188e+00
7.428726673126220703e+00
7.438097953796386719e+00
7.448237895965576172e+00
7.427079200744628906e+00
7.425944328308105469e+00
7.423067569732666016e+00
7.433088302612304688e+00
7.442798137664794922e+00
7.434471130371093750e+00
7.435247898101806641e+00
7.428256034851074219e+00
7.424065113067626953e+00
7.426781654357910156e+00
7.420152187347412109e+00
7.421241283416748047e+00
7.416585445404052734e+00
7.415611267089843750e+00
7.415450572967529297e+00
7.413760185241699219e+00
7.414553642272949219e+00
7.413242340087890625e+00
7.413310050964355469e+00
7.411668300628662109e+00
7.411369800567626953e+00
7.409370422363281250e+00
7.408842086791992188e+00
7.406949043273925781e+00
7.405909538269042969e+00
7.404673576354980469e+00
7.403296947479248047e+00
7.402676582336425781e+00
7.401309490203857422e+00
7.400938987731933594e+00
7.399638652801513672e+00
7.399227619171142578e+00
7.397998332977294922e+00
7.397340774536132812e+00
7.396272182464599609e+00
7.395281791687011719e+00
7.394439220428466797e+00
7.393251419067382812e+00
7.392551422119140625e+00
7.391425132751464844e+00
7.390675544738769531e+00
7.389773368835449219e+00
7.388844966888427734e+00
7.388091087341308594e+00
7.387022018432617188e+00
7.386136531829833984e+00
7.384923934936523438e+00
7.383115768432617188e+00
7.377576828002929688e+00
7.369641304016113281e+00
7.371004104614257812e+00
7.361352920532226562e+00
7.342076778411865234e+00
7.354012489318847656e+00
7.354620456695556641e+00
7.332073211669921875e+00
7.323245048522949219e+00
7.318628787994384766e+00
7.325668334960937500e+00
7.312578678131103516e+00
7.310262680053710938e+00
7.304223060607910156e+00
7.304006576538085938e+00
7.296981811523437500e+00
7.294221401214599609e+00
7.292870044708251953e+00
7.291378498077392578e+00
7.291004657745361328e+00
7.285791873931884766e+00
7.281233310699462891e+00
7.277075767517089844e+00
7.273449897766113281e+00
7.269641876220703125e+00
7.264009952545166016e+00
7.260587692260742188e+00
7.259327411651611328e+00
7.255004405975341797e+00
7.248736858367919922e+00
7.243820190429687500e+00
7.239383697509765625e+00
7.232689380645751953e+00
7.229424953460693359e+00
7.224275112152099609e+00
7.203128337860107422e+00
7.219292640686035156e+00
7.233522891998291016e+00
7.261189460754394531e+00
7.471969127655029297e+00
7.299592494964599609e+00
7.324471473693847656e+00
7.302560329437255859e+00
7.234236717224121094e+00
7.223134994506835938e+00
7.273420810699462891e+00
7.209605693817138672e+00
7.221959590911865234e+00
7.235318660736083984e+00
7.219376087188720703e+00
7.200860977172851562e+00
7.197655677795410156e+00
7.200078487396240234e+00
7.197345256805419922e+00
7.203931808471679688e+00
7.219492912292480469e+00
7.196911811828613281e+00
7.206077575683593750e+00
7.305341720581054688e+00
7.205026626586914062e+00
7.200877666473388672e+00
7.198935508728027344e+00
7.250780105590820312e+00
7.189219474792480469e+00
7.188732624053955078e+00
7.229961872100830078e+00
7.189003467559814453e+00
7.183672904968261719e+00
7.186114311218261719e+00
7.194229125976562500e+00
7.181353092193603516e+00
7.176807880401611328e+00
7.183130741119384766e+00
7.196165561676025391e+00
7.178496360778808594e+00
7.175950527191162109e+00
7.199625492095947266e+00
7.196934700012207031e+00
7.215800762176513672e+00
7.214976787567138672e+00
7.180214405059814453e+00
7.181592464447021484e+00
7.177759170532226562e+00
7.240901470184326172e+00
7.192557811737060547e+00
