4.780570220947265625e+01
4.717234039306640625e+01
4.651394271850585938e+01
4.583166885375976562e+01
4.512774658203125000e+01
4.440458297729492188e+01
4.366485977172851562e+01
4.291167068481445312e+01
4.214851760864257812e+01
4.137937164306640625e+01
4.060858154296875000e+01
3.984085464477539062e+01
3.908116149902343750e+01
3.833464431762695312e+01
3.760646057128906250e+01
3.690169143676757812e+01
3.622511291503906250e+01
3.558110427856445312e+01
3.497346878051757812e+01
3.440531158447265625e+01
3.387895202636718750e+01
3.339586257934570312e+01
3.295667648315429688e+01
3.256119537353515625e+01
3.220848846435546875e+01
3.189700126647949219e+01
3.162465667724609375e+01
3.138900566101074219e+01
3.118734741210937500e+01
3.101683425903320312e+01
3.087457656860351562e+01
3.075769996643066406e+01
3.066341590881347656e+01
3.058904647827148438e+01
3.053205299377441406e+01
3.049005508422851562e+01
3.046084403991699219e+01
3.044237899780273438e+01
3.043279075622558594e+01
3.043039894104003906e+01
3.043369483947753906e+01
3.044133949279785156e+01
3.045216560363769531e+01
3.046517372131347656e+01
3.047951698303222656e+01
3.049448776245117188e+01
3.050951576232910156e+01
3.052415275573730469e+01
3.053804969787597656e+01
3.055097007751464844e+01
3.056273841857910156e+01
3.057326126098632812e+01
3.058249664306640625e+01
3.059044837951660156e+01
3.059716033935546875e+01
3.060269927978515625e+01
3.060715675354003906e+01
3.061063003540039062e+01
3.061322593688964844e+01
3.061505508422851562e+01
3.061622619628906250e+01
3.061684226989746094e+01
3.061700820922851562e+01
3.061680793762207031e+01
3.061632156372070312e+01
3.061562919616699219e+01
3.061479187011718750e+01
3.061386489868164062e+01
3.061289215087890625e+01
3.061191368103027344e+01
3.061095619201660156e+01
3.061004257202148438e+01
3.060919761657714844e+01
3.060842323303222656e+01
3.060773277282714844e+01
3.060712814331054688e+01
3.060660743713378906e+01
3.060617446899414062e+01
3.060581779479980469e+01
3.060553550720214844e+01
3.060531997680664062e+01
3.060516357421875000e+01
3.060506057739257812e+01
3.060500335693359375e+01
3.060498428344726562e+01
3.060499572753906250e+01
3.060503196716308594e+01
3.060508537292480469e+01
3.060515594482421875e+01
3.060523223876953125e+01
3.060531425476074219e+01
3.060539627075195312e+01
3.060548210144042969e+01
3.060556221008300781e+01
3.060563850402832031e+01
3.060570907592773438e+01
3.060577011108398438e+01
3.060582733154296875e+01
3.060587692260742188e+01
3.060591697692871094e+01
3.060595130920410156e+01
3.060597991943359375e+01
3.060600090026855469e+01
3.060601806640625000e+01
3.060602760314941406e+01
3.060603523254394531e+01
3.060603713989257812e+01
3.060603523254394531e+01
3.060603523254394531e+01
3.060603141784667969e+01
3.060602188110351562e+01
3.060601425170898438e+01
3.060600471496582031e+01
3.060599899291992188e+01
3.060598945617675781e+01
3.060597991943359375e+01
3.060597229003906250e+01
3.060596275329589844e+01
3.060595512390136719e+01
3.060595130920410156e+01
3.060594177246093750e+01
3.060593795776367188e+01
3.060593414306640625e+01
3.060593032836914062e+01
3.060592460632324219e+01
3.060592079162597656e+01
3.060591697692871094e+01
3.060591697692871094e+01
3.060591506958007812e+01
3.060591316223144531e+01
3.060591316223144531e+01
3.060591316223144531e+01
3.060590744018554688e+01
3.060590744018554688e+01
3.060590744018554688e+01
3.060590744018554688e+01
3.060590744018554688e+01
3.060590744018554688e+01
3.060590553283691406e+01
3.060590362548828125e+01
3.060590362548828125e+01
3.060590362548828125e+01
3.060590362548828125e+01
3.060590362548828125e+01
3.060590362548828125e+01
3.060589981079101562e+01
3.060589981079101562e+01
3.060589981079101562e+01
3.060589981079101562e+01
3.060589981079101562e+01
3.060589599609375000e+01
3.060589599609375000e+01
3.060589599609375000e+01
3.060589599609375000e+01
3.060589218139648438e+01
3.060589218139648438e+01
3.060589218139648438e+01
3.060589218139648438e+01
3.060589218139648438e+01
3.060589218139648438e+01
3.060588645935058594e+01
3.060588645935058594e+01
3.060588645935058594e+01
3.060588455200195312e+01
3.060588264465332031e+01
3.060588264465332031e+01
3.060588264465332031e+01
3.060588264465332031e+01
3.060588264465332031e+01
3.060588264465332031e+01
3.060587882995605469e+01
3.060587882995605469e+01
3.060587882995605469e+01
3.060587882995605469e+01
3.060587692260742188e+01
3.060587692260742188e+01
3.060587692260742188e+01
3.060587501525878906e+01
3.060587501525878906e+01
3.060587501525878906e+01
3.060587501525878906e+01
3.060587501525878906e+01
3.060587501525878906e+01
3.060587310791015625e+01
3.060587120056152344e+01
3.060587120056152344e+01
3.060587120056152344e+01
3.060587120056152344e+01
3.060586738586425781e+01
3.060587120056152344e+01
3.060586738586425781e+01
3.060586738586425781e+01
3.060586547851562500e+01
3.060586547851562500e+01
3.060586357116699219e+01
3.060586357116699219e+01
3.060586357116699219e+01
3.060586357116699219e+01
3.060586357116699219e+01
3.060586357116699219e+01
3.060586357116699219e+01
3.060586166381835938e+01
3.060586166381835938e+01
3.060586166381835938e+01
3.060586166381835938e+01
3.060585975646972656e+01
3.060585975646972656e+01
3.060585784912109375e+01
3.060585784912109375e+01
3.060585784912109375e+01
3.060585784912109375e+01
3.060585784912109375e+01
3.060585784912109375e+01
3.060585784912109375e+01
3.060585784912109375e+01
3.060585594177246094e+01
3.060585594177246094e+01
3.060585594177246094e+01
3.060585594177246094e+01
3.060585403442382812e+01
3.060585403442382812e+01
3.060585403442382812e+01
3.060585403442382812e+01
3.060585403442382812e+01
3.060585403442382812e+01
3.060585212707519531e+01
3.060585212707519531e+01
3.060585212707519531e+01
3.060585212707519531e+01
3.060584831237792969e+01
3.060584831237792969e+01
3.060584831237792969e+01
3.060584831237792969e+01
3.060584831237792969e+01
3.060584831237792969e+01
3.060584640502929688e+01
3.060584640502929688e+01
3.060584640502929688e+01
3.060584640502929688e+01
3.060584640502929688e+01
3.060584449768066406e+01
3.060584449768066406e+01
3.060584449768066406e+01
3.060584449768066406e+01
3.060584449768066406e+01
3.060584449768066406e+01
3.060584449768066406e+01
3.060584449768066406e+01
3.060584449768066406e+01
3.060584449768066406e+01
3.060584449768066406e+01
3.060584449768066406e+01
3.060584259033203125e+01
3.060584259033203125e+01
3.060584449768066406e+01
3.060584259033203125e+01
3.060584068298339844e+01
3.060584068298339844e+01
3.060584068298339844e+01
3.060584068298339844e+01
3.060584068298339844e+01
3.060584068298339844e+01
3.060584068298339844e+01
3.060584068298339844e+01
3.060583877563476562e+01
3.060583877563476562e+01
3.060583686828613281e+01
3.060583686828613281e+01
3.060583686828613281e+01
3.060583686828613281e+01
3.060583686828613281e+01
3.060583686828613281e+01
3.060583686828613281e+01
3.060583686828613281e+01
3.060583686828613281e+01
3.060583686828613281e+01
3.060583686828613281e+01
3.060583686828613281e+01
3.060583686828613281e+01
3.060583686828613281e+01
3.060583686828613281e+01
3.060583686828613281e+01
3.060583686828613281e+01
3.060583686828613281e+01
3.060583686828613281e+01
3.060583496093750000e+01
3.060583305358886719e+01
3.060583305358886719e+01
3.060583305358886719e+01
3.060583305358886719e+01
3.060583305358886719e+01
3.060583305358886719e+01
3.060583305358886719e+01
3.060583305358886719e+01
3.060583305358886719e+01
3.060583305358886719e+01
3.060583305358886719e+01
3.060583305358886719e+01
3.060583305358886719e+01
3.060583305358886719e+01
