2.272558212280273438e+01
2.237948989868164062e+01
2.204881095886230469e+01
2.172958564758300781e+01
2.141878128051757812e+01
2.111418533325195312e+01
2.081385040283203125e+01
2.051661109924316406e+01
2.022252273559570312e+01
1.993282699584960938e+01
1.964967155456542969e+01
1.937578773498535156e+01
1.911418914794921875e+01
1.886790275573730469e+01
1.863969993591308594e+01
1.843185997009277344e+01
1.824593162536621094e+01
1.808259963989257812e+01
1.794162559509277344e+01
1.782193565368652344e+01
1.772182273864746094e+01
1.763923072814941406e+01
1.757200813293457031e+01
1.751815032958984375e+01
1.747588157653808594e+01
1.744367980957031250e+01
1.742022323608398438e+01
1.740431022644042969e+01
1.739480018615722656e+01
1.739056205749511719e+01
1.739047241210937500e+01
1.739345550537109375e+01
1.739848899841308594e+01
1.740465736389160156e+01
1.741119575500488281e+01
1.741748428344726562e+01
1.742307662963867188e+01
1.742768478393554688e+01
1.743116569519042969e+01
1.743348693847656250e+01
1.743472099304199219e+01
1.743499183654785156e+01
1.743447113037109375e+01
1.743334579467773438e+01
1.743180465698242188e+01
1.743002128601074219e+01
1.742814636230468750e+01
1.742631149291992188e+01
1.742461776733398438e+01
1.742313575744628906e+01
1.742190933227539062e+01
1.742097091674804688e+01
1.742032051086425781e+01
1.741994476318359375e+01
1.741982650756835938e+01
1.741992950439453125e+01
1.742021751403808594e+01
1.742065238952636719e+01
1.742118644714355469e+01
1.742178535461425781e+01
1.742241287231445312e+01
1.742303276062011719e+01
1.742362022399902344e+01
1.742415237426757812e+01
1.742462158203125000e+01
1.742501258850097656e+01
1.742532348632812500e+01
1.742555618286132812e+01
1.742571258544921875e+01
1.742580413818359375e+01
1.742584037780761719e+01
1.742582893371582031e+01
1.742578125000000000e+01
1.742570877075195312e+01
1.742561912536621094e+01
1.742552566528320312e+01
1.742543029785156250e+01
1.742534446716308594e+01
1.742527008056640625e+01
1.742520332336425781e+01
1.742515754699707031e+01
1.742512321472167969e+01
1.742510414123535156e+01
1.742510032653808594e+01
1.742510414123535156e+01
1.742511940002441406e+01
1.742513847351074219e+01
1.742516517639160156e+01
1.742519378662109375e+01
1.742522048950195312e+01
1.742524909973144531e+01
1.742527389526367188e+01
1.742529487609863281e+01
1.742531204223632812e+01
1.742532730102539062e+01
1.742533683776855469e+01
1.742534255981445312e+01
1.742534446716308594e+01
1.742534446716308594e+01
1.742534255981445312e+01
1.742533683776855469e+01
1.742533111572265625e+01
1.742532539367675781e+01
1.742531776428222656e+01
1.742531013488769531e+01
1.742530632019042969e+01
1.742529869079589844e+01
1.742529296875000000e+01
1.742528915405273438e+01
1.742528724670410156e+01
1.742528343200683594e+01
1.742527961730957031e+01
1.742527961730957031e+01
1.742527961730957031e+01
1.742527961730957031e+01
1.742527961730957031e+01
1.742527961730957031e+01
1.742527961730957031e+01
1.742528152465820312e+01
1.742528343200683594e+01
1.742528343200683594e+01
1.742528533935546875e+01
1.742528724670410156e+01
1.742528724670410156e+01
1.742528724670410156e+01
1.742528915405273438e+01
1.742529106140136719e+01
1.742529296875000000e+01
1.742529296875000000e+01
1.742529487609863281e+01
1.742529487609863281e+01
1.742529487609863281e+01
1.742529678344726562e+01
1.742529678344726562e+01
1.742529678344726562e+01
1.742529869079589844e+01
1.742529869079589844e+01
1.742529869079589844e+01
1.742530059814453125e+01
1.742530250549316406e+01
1.742530250549316406e+01
1.742530250549316406e+01
1.742530250549316406e+01
1.742530441284179688e+01
1.742530632019042969e+01
1.742530632019042969e+01
1.742530632019042969e+01
1.742530632019042969e+01
1.742530632019042969e+01
1.742530632019042969e+01
1.742530632019042969e+01
1.742530632019042969e+01
1.742530632019042969e+01
1.742530822753906250e+01
1.742530822753906250e+01
1.742530822753906250e+01
1.742531013488769531e+01
1.742531204223632812e+01
1.742531204223632812e+01
1.742531204223632812e+01
1.742531204223632812e+01
1.742531204223632812e+01
1.742531394958496094e+01
1.742531585693359375e+01
1.742531585693359375e+01
1.742531585693359375e+01
1.742531585693359375e+01
1.742531585693359375e+01
1.742531585693359375e+01
1.742531585693359375e+01
1.742531776428222656e+01
1.742531776428222656e+01
1.742531776428222656e+01
1.742531776428222656e+01
1.742531776428222656e+01
1.742531776428222656e+01
1.742531776428222656e+01
1.742531967163085938e+01
1.742531967163085938e+01
1.742531967163085938e+01
1.742532157897949219e+01
1.742532157897949219e+01
1.742532157897949219e+01
1.742532157897949219e+01
1.742532157897949219e+01
1.742532348632812500e+01
1.742532348632812500e+01
1.742532348632812500e+01
1.742532539367675781e+01
1.742532539367675781e+01
1.742532539367675781e+01
1.742532539367675781e+01
1.742532539367675781e+01
1.742532539367675781e+01
1.742532539367675781e+01
1.742532730102539062e+01
1.742532730102539062e+01
1.742532730102539062e+01
1.742532730102539062e+01
1.742532730102539062e+01
1.742532730102539062e+01
1.742532730102539062e+01
1.742532730102539062e+01
1.742532730102539062e+01
1.742532920837402344e+01
1.742533111572265625e+01
1.742533111572265625e+01
1.742533111572265625e+01
1.742533111572265625e+01
1.742533111572265625e+01
1.742533111572265625e+01
1.742533111572265625e+01
1.742533111572265625e+01
1.742533111572265625e+01
1.742533111572265625e+01
1.742533302307128906e+01
1.742533493041992188e+01
1.742533493041992188e+01
1.742533493041992188e+01
1.742533493041992188e+01
1.742533493041992188e+01
1.742533493041992188e+01
1.742533493041992188e+01
1.742533493041992188e+01
1.742533493041992188e+01
1.742533493041992188e+01
1.742533493041992188e+01
1.742533493041992188e+01
1.742533683776855469e+01
1.742533683776855469e+01
1.742533683776855469e+01
1.742533683776855469e+01
1.742533683776855469e+01
1.742533683776855469e+01
1.742533683776855469e+01
1.742533683776855469e+01
1.742533683776855469e+01
1.742533683776855469e+01
1.742534065246582031e+01
1.742533874511718750e+01
1.742533874511718750e+01
1.742533874511718750e+01
1.742533874511718750e+01
1.742534065246582031e+01
1.742533874511718750e+01
1.742534065246582031e+01
1.742534065246582031e+01
1.742534065246582031e+01
1.742534065246582031e+01
1.742534065246582031e+01
1.742534065246582031e+01
1.742534255981445312e+01
1.742534255981445312e+01
1.742534255981445312e+01
1.742534255981445312e+01
1.742534255981445312e+01
1.742534446716308594e+01
1.742534446716308594e+01
1.742534446716308594e+01
1.742534446716308594e+01
1.742534446716308594e+01
1.742534446716308594e+01
1.742534446716308594e+01
1.742534446716308594e+01
1.742534446716308594e+01
1.742534446716308594e+01
1.742534446716308594e+01
1.742534446716308594e+01
1.742534446716308594e+01
1.742534446716308594e+01
1.742534446716308594e+01
1.742534446716308594e+01
1.742534446716308594e+01
1.742534446716308594e+01
1.742534446716308594e+01
1.742534637451171875e+01
1.742534637451171875e+01
1.742534637451171875e+01
1.742534828186035156e+01
1.742534828186035156e+01
1.742534637451171875e+01
1.742534637451171875e+01
1.742534637451171875e+01
1.742534828186035156e+01
1.742534828186035156e+01
1.742534828186035156e+01
1.742534828186035156e+01
1.742534828186035156e+01
1.742534828186035156e+01
1.742535018920898438e+01
1.742535018920898438e+01
1.742535018920898438e+01
1.742535018920898438e+01
1.742535018920898438e+01
1.742535018920898438e+01
1.742535209655761719e+01
1.742535209655761719e+01
1.742535209655761719e+01
1.742535209655761719e+01
1.742535209655761719e+01
