4.263641357421875000e+01
4.191583633422851562e+01
4.116602325439453125e+01
4.038864517211914062e+01
3.957112884521484375e+01
3.868376541137695312e+01
3.764801025390625000e+01
3.633047103881835938e+01
3.476290893554687500e+01
3.330978012084960938e+01
3.181328773498535156e+01
3.028337478637695312e+01
2.875916671752929688e+01
2.721410942077636719e+01
2.559576225280761719e+01
2.362930107116699219e+01
2.204995346069335938e+01
2.053365516662597656e+01
1.915214920043945312e+01
1.791613388061523438e+01
1.683992576599121094e+01
1.594785118103027344e+01
1.523175048828125000e+01
1.466163921356201172e+01
1.422843456268310547e+01
1.390221786499023438e+01
1.364458751678466797e+01
1.344166469573974609e+01
1.328563785552978516e+01
1.317039775848388672e+01
1.308610534667968750e+01
1.302118968963623047e+01
1.296856307983398438e+01
1.282479286193847656e+01
1.277089977264404297e+01
1.262841796875000000e+01
1.241586112976074219e+01
1.198364639282226562e+01
1.184255123138427734e+01
1.175157165527343750e+01
1.171344947814941406e+01
1.174960708618164062e+01
1.177027988433837891e+01
1.168362140655517578e+01
1.172892093658447266e+01
1.180665683746337891e+01
1.188796615600585938e+01
1.188828372955322266e+01
1.191134929656982422e+01
1.194091987609863281e+01
1.198270893096923828e+01
1.197963523864746094e+01
1.191519832611083984e+01
1.186523818969726562e+01
1.189938354492187500e+01
1.196190166473388672e+01
1.197563362121582031e+01
1.199137401580810547e+01
1.199568462371826172e+01
1.198932075500488281e+01
1.195897960662841797e+01
1.191335773468017578e+01
1.186817264556884766e+01
1.173270988464355469e+01
1.160620212554931641e+01
1.151124954223632812e+01
1.144213485717773438e+01
1.137894058227539062e+01
1.136097526550292969e+01
1.135271835327148438e+01
1.137365341186523438e+01
1.134863662719726562e+01
1.130152225494384766e+01
1.120818710327148438e+01
1.113837814331054688e+01
1.111134147644042969e+01
1.132969188690185547e+01
1.112009334564208984e+01
1.110758399963378906e+01
1.148535537719726562e+01
1.141581630706787109e+01
1.114659500122070312e+01
1.076372623443603516e+01
1.071045303344726562e+01
1.074685287475585938e+01
1.134920215606689453e+01
1.145317554473876953e+01
1.136860752105712891e+01
1.114454269409179688e+01
1.066677379608154297e+01
1.064842796325683594e+01
1.068459892272949219e+01
1.075266265869140625e+01
1.083563137054443359e+01
1.092240619659423828e+01
1.102355957031250000e+01
1.100427532196044922e+01
1.080320835113525391e+01
1.063971805572509766e+01
1.059196853637695312e+01
1.057488155364990234e+01
1.059345245361328125e+01
1.066990470886230469e+01
1.085937881469726562e+01
1.087465000152587891e+01
1.079310131072998047e+01
1.070614528656005859e+01
1.065821170806884766e+01
1.062473011016845703e+01
1.059396934509277344e+01
1.049696636199951172e+01
1.041366863250732422e+01
1.041037559509277344e+01
1.040022945404052734e+01
1.040338230133056641e+01
1.035034275054931641e+01
1.030568504333496094e+01
1.038741016387939453e+01
1.040275669097900391e+01
1.044855403900146484e+01
1.037502670288085938e+01
1.029624748229980469e+01
1.027711772918701172e+01
1.026140880584716797e+01
1.024477005004882812e+01
1.021982765197753906e+01
1.017452621459960938e+01
1.012057495117187500e+01
1.008395576477050781e+01
1.006232452392578125e+01
1.004329776763916016e+01
1.001819229125976562e+01
9.992553710937500000e+00
9.972917556762695312e+00
9.957873344421386719e+00
9.943688392639160156e+00
9.928754806518554688e+00
9.910317420959472656e+00
9.884634017944335938e+00
9.856739044189453125e+00
9.831340789794921875e+00
9.805433273315429688e+00
9.777221679687500000e+00
9.747561454772949219e+00
9.714854240417480469e+00
9.682947158813476562e+00
9.655805587768554688e+00
9.630215644836425781e+00
9.593527793884277344e+00
9.547392845153808594e+00
9.511809349060058594e+00
9.486024856567382812e+00
9.457820892333984375e+00
9.425369262695312500e+00
9.398998260498046875e+00
9.381790161132812500e+00
9.373782157897949219e+00
9.368168830871582031e+00
9.360416412353515625e+00
9.348396301269531250e+00
9.341934204101562500e+00
9.339744567871093750e+00
9.346631050109863281e+00
9.352509498596191406e+00
9.356945037841796875e+00
9.350596427917480469e+00
9.355129241943359375e+00
9.370959281921386719e+00
9.386273384094238281e+00
9.384735107421875000e+00
9.376590728759765625e+00
9.373605728149414062e+00
9.373870849609375000e+00
9.348968505859375000e+00
8.689392089843750000e+00
8.305044174194335938e+00
8.283748626708984375e+00
8.297927856445312500e+00
8.307826042175292969e+00
8.120096206665039062e+00
7.954936504364013672e+00
7.941616058349609375e+00
7.950796604156494141e+00
7.948878765106201172e+00
7.946019649505615234e+00
7.937905788421630859e+00
7.925802707672119141e+00
7.911284446716308594e+00
7.896459579467773438e+00
7.879709720611572266e+00
7.860122203826904297e+00
7.830792903900146484e+00
7.810668468475341797e+00
7.796083927154541016e+00
7.786505222320556641e+00
7.777219295501708984e+00
7.762958049774169922e+00
7.757803916931152344e+00
7.757758617401123047e+00
7.752266407012939453e+00
7.745760917663574219e+00
7.740053176879882812e+00
7.737138748168945312e+00
7.735331535339355469e+00
7.731053829193115234e+00
7.736705303192138672e+00
7.726959228515625000e+00
7.726890563964843750e+00
7.719928741455078125e+00
7.716899394989013672e+00
7.715703010559082031e+00
7.715992450714111328e+00
7.708287715911865234e+00
7.705917835235595703e+00
7.704398155212402344e+00
7.708663940429687500e+00
7.703621387481689453e+00
7.696594238281250000e+00
7.712875366210937500e+00
7.712993144989013672e+00
7.690727233886718750e+00
7.688995361328125000e+00
7.691333770751953125e+00
7.702538490295410156e+00
7.682072639465332031e+00
7.688018321990966797e+00
7.679982185363769531e+00
7.684709548950195312e+00
7.676964282989501953e+00
7.686923980712890625e+00
7.672873497009277344e+00
7.669453620910644531e+00
7.667726039886474609e+00
7.665494441986083984e+00
7.666553497314453125e+00
7.661041259765625000e+00
7.671611309051513672e+00
7.659972667694091797e+00
7.658097743988037109e+00
7.659409046173095703e+00
7.670588970184326172e+00
7.656143188476562500e+00
7.653059482574462891e+00
7.651547431945800781e+00
7.649903297424316406e+00
7.646358013153076172e+00
7.646004199981689453e+00
7.656450271606445312e+00
7.649557590484619141e+00
7.640828132629394531e+00
7.640974521636962891e+00
7.644184112548828125e+00
7.636209011077880859e+00
7.636686801910400391e+00
7.635769844055175781e+00
7.648967742919921875e+00
7.635670661926269531e+00
7.631707668304443359e+00
7.632225990295410156e+00
7.640313625335693359e+00
7.629023551940917969e+00
7.629642963409423828e+00
7.632427215576171875e+00
7.627711772918701172e+00
7.626655578613281250e+00
7.627064228057861328e+00
7.643488883972167969e+00
7.644670963287353516e+00
7.626869678497314453e+00
7.625378608703613281e+00
7.626847743988037109e+00
7.654086112976074219e+00
7.621355533599853516e+00
7.625038623809814453e+00
7.623387813568115234e+00
7.634727001190185547e+00
7.621747493743896484e+00
7.620126724243164062e+00
7.625537872314453125e+00
7.634023666381835938e+00
7.617105960845947266e+00
7.618467330932617188e+00
7.620985984802246094e+00
7.630154609680175781e+00
7.617716312408447266e+00
7.619988441467285156e+00
7.618793487548828125e+00
7.618944168090820312e+00
7.619259357452392578e+00
7.628213882446289062e+00
7.619489192962646484e+00
7.616220951080322266e+00
7.618713855743408203e+00
7.616356849670410156e+00
7.613877773284912109e+00
7.622247695922851562e+00
7.614113807678222656e+00
7.627398014068603516e+00
7.623231887817382812e+00
7.613796710968017578e+00
