4.279634475708007812e+01
4.215490341186523438e+01
4.149417114257812500e+01
4.080516815185546875e+01
4.008298110961914062e+01
3.932510375976562500e+01
3.852924728393554688e+01
3.769511032104492188e+01
3.682406234741210938e+01
3.591870880126953125e+01
3.498260498046875000e+01
3.402020263671875000e+01
3.303680419921875000e+01
3.203850936889648438e+01
3.103214454650878906e+01
3.002512931823730469e+01
2.902533340454101562e+01
2.804085540771484375e+01
2.707981300354003906e+01
2.615008354187011719e+01
2.525902557373046875e+01
2.441323852539062500e+01
2.361833763122558594e+01
2.287875175476074219e+01
2.219762039184570312e+01
2.157674789428710938e+01
2.101661872863769531e+01
2.051651000976562500e+01
2.007463455200195312e+01
1.968832588195800781e+01
1.935426521301269531e+01
1.906866455078125000e+01
1.882745933532714844e+01
1.862647628784179688e+01
1.846155166625976562e+01
1.832862663269042969e+01
1.822382354736328125e+01
1.814347457885742188e+01
1.808416366577148438e+01
1.804272651672363281e+01
1.801626586914062500e+01
1.800214958190917969e+01
1.799799919128417969e+01
1.800170135498046875e+01
1.801138687133789062e+01
1.802542495727539062e+01
1.804242324829101562e+01
1.806119346618652344e+01
1.808075714111328125e+01
1.810032081604003906e+01
1.811925506591796875e+01
1.813708686828613281e+01
1.815347290039062500e+01
1.816817855834960938e+01
1.818107604980468750e+01
1.819211196899414062e+01
1.820129776000976562e+01
1.820869827270507812e+01
1.821441650390625000e+01
1.821858406066894531e+01
1.822134780883789062e+01
1.822286796569824219e+01
1.822331047058105469e+01
1.822283172607421875e+01
1.822159194946289062e+01
1.821973800659179688e+01
1.821740531921386719e+01
1.821471786499023438e+01
1.821178245544433594e+01
1.820870018005371094e+01
1.820555496215820312e+01
1.820240974426269531e+01
1.819932746887207031e+01
1.819635200500488281e+01
1.819351768493652344e+01
1.819085121154785156e+01
1.818837356567382812e+01
1.818608665466308594e+01
1.818400382995605469e+01
1.818211746215820312e+01
1.818042755126953125e+01
1.817892265319824219e+01
1.817759513854980469e+01
1.817642974853515625e+01
1.817541503906250000e+01
1.817453575134277344e+01
1.817378044128417969e+01
1.817313194274902344e+01
1.817257499694824219e+01
1.817210006713867188e+01
1.817169761657714844e+01
1.817135047912597656e+01
1.817105102539062500e+01
1.817079353332519531e+01
1.817056465148925781e+01
1.817036056518554688e+01
1.817017555236816406e+01
1.817000389099121094e+01
1.816983985900878906e+01
1.816968154907226562e+01
1.816952705383300781e+01
1.816937255859375000e+01
1.816921997070312500e+01
1.816906547546386719e+01
1.816890907287597656e+01
1.816875076293945312e+01
1.816858863830566406e+01
1.816842651367187500e+01
1.816826438903808594e+01
1.816809844970703125e+01
1.816793251037597656e+01
1.816776657104492188e+01
1.816760063171386719e+01
1.816743659973144531e+01
1.816727256774902344e+01
1.816711235046386719e+01
1.816695404052734375e+01
1.816679763793945312e+01
1.816664505004882812e+01
1.816649436950683594e+01
1.816634941101074219e+01
1.816620635986328125e+01
1.816606712341308594e+01
1.816593360900878906e+01
1.816580200195312500e+01
1.816567420959472656e+01
1.816555213928222656e+01
1.816543006896972656e+01
1.816531562805175781e+01
1.816520309448242188e+01
1.816509437561035156e+01
1.816498756408691406e+01
1.816488265991210938e+01
1.816478347778320312e+01
1.816468620300292969e+01
1.816458892822265625e+01
1.816449546813964844e+01
1.816440582275390625e+01
1.816431427001953125e+01
1.816422843933105469e+01
1.816414260864257812e+01
1.816405677795410156e+01
1.816397476196289062e+01
1.816389274597167969e+01
1.816381263732910156e+01
1.816373443603515625e+01
1.816365623474121094e+01
1.816357994079589844e+01
1.816350364685058594e+01
1.816342926025390625e+01
1.816335487365722656e+01
1.816328239440917969e+01
1.816320991516113281e+01
1.816313743591308594e+01
1.816306686401367188e+01
1.816299629211425781e+01
1.816292572021484375e+01
1.816285896301269531e+01
1.816279029846191406e+01
1.816272163391113281e+01
1.816265487670898438e+01
1.816259002685546875e+01
1.816252136230468750e+01
1.816245651245117188e+01
1.816239166259765625e+01
1.816232681274414062e+01
1.816226196289062500e+01
1.816219711303710938e+01
1.816213607788085938e+01
1.816207313537597656e+01
1.816201019287109375e+01
1.816194915771484375e+01
1.816188621520996094e+01
1.816182518005371094e+01
1.816176605224609375e+01
1.816170310974121094e+01
1.816164398193359375e+01
1.816158294677734375e+01
1.816152191162109375e+01
1.816146278381347656e+01
1.816140365600585938e+01
1.816134452819824219e+01
1.816128349304199219e+01
1.816122817993164062e+01
1.816116905212402344e+01
1.816111183166503906e+01
1.816105270385742188e+01
1.816099739074707031e+01
1.816093826293945312e+01
1.816088294982910156e+01
1.816082382202148438e+01
1.816076660156250000e+01
1.816071128845214844e+01
1.816065406799316406e+01
1.816059684753417969e+01
1.816054153442382812e+01
1.816048431396484375e+01
1.816042900085449219e+01
1.816037368774414062e+01
1.816031837463378906e+01
1.816026115417480469e+01
1.816020774841308594e+01
1.816015052795410156e+01
1.816009712219238281e+01
1.816004180908203125e+01
1.815998649597167969e+01
1.815993118286132812e+01
1.815987586975097656e+01
1.815982055664062500e+01
1.815976715087890625e+01
1.815971374511718750e+01
1.815965843200683594e+01
1.815960502624511719e+01
1.815954971313476562e+01
1.815949630737304688e+01
1.815944099426269531e+01
1.815938758850097656e+01
1.815933227539062500e+01
1.815927886962890625e+01
1.815922546386718750e+01
1.815917396545410156e+01
1.815911865234375000e+01
1.815906524658203125e+01
1.815900993347167969e+01
1.815895652770996094e+01
1.815890312194824219e+01
1.815885162353515625e+01
1.815879821777343750e+01
1.815874481201171875e+01
1.815869140625000000e+01
1.815863800048828125e+01
1.815858459472656250e+01
1.815853118896484375e+01
1.815847778320312500e+01
1.815842628479003906e+01
1.815837097167968750e+01
1.815831947326660156e+01
1.815826606750488281e+01
1.815821266174316406e+01
1.815816116333007812e+01
1.815810775756835938e+01
1.815805435180664062e+01
1.815800094604492188e+01
1.815794754028320312e+01
1.815789604187011719e+01
1.815784263610839844e+01
1.815778923034667969e+01
1.815773773193359375e+01
1.815768432617187500e+01
1.815763282775878906e+01
1.815757942199707031e+01
1.815752792358398438e+01
1.815747261047363281e+01
1.815742111206054688e+01
1.815736770629882812e+01
1.815731620788574219e+01
1.815726280212402344e+01
1.815720939636230469e+01
1.815715789794921875e+01
1.815710449218750000e+01
1.815705299377441406e+01
1.815699958801269531e+01
1.815694618225097656e+01
1.815689277648925781e+01
1.815683937072753906e+01
1.815678405761718750e+01
1.815672874450683594e+01
1.815666580200195312e+01
1.815659141540527344e+01
1.815648460388183594e+01
1.815650558471679688e+01
1.815649032592773438e+01
1.815644264221191406e+01
1.815639305114746094e+01
1.815634346008300781e+01
1.815629196166992188e+01
1.815623855590820312e+01
1.815618515014648438e+01
1.815613174438476562e+01
1.815607643127441406e+01
1.815602302551269531e+01
1.815596771240234375e+01
1.815591239929199219e+01
1.815585708618164062e+01
1.815580368041992188e+01
1.815574645996093750e+01
1.815569305419921875e+01
1.815563964843750000e+01
1.815558433532714844e+01
1.815552902221679688e+01
1.815547561645507812e+01
1.815542030334472656e+01
1.815536689758300781e+01
1.815531349182128906e+01
1.815525817871093750e+01
1.815520477294921875e+01
1.815515136718750000e+01
1.815509796142578125e+01
1.815504455566406250e+01
1.815499305725097656e+01
