3.779404830932617188e+01
3.712211990356445312e+01
3.636619949340820312e+01
3.556526565551757812e+01
3.474460220336914062e+01
3.388540267944335938e+01
3.297812652587890625e+01
3.194130516052246094e+01
3.084692001342773438e+01
2.969240188598632812e+01
2.853744697570800781e+01
2.743630599975585938e+01
2.634428977966308594e+01
2.527131462097167969e+01
2.423149871826171875e+01
2.323868751525878906e+01
2.230549812316894531e+01
2.144258689880371094e+01
2.065819931030273438e+01
1.995788192749023438e+01
1.934432983398437500e+01
1.881740379333496094e+01
1.837439918518066406e+01
1.801044273376464844e+01
1.771903038024902344e+01
1.749256515502929688e+01
1.732284736633300781e+01
1.720145606994628906e+01
1.712012672424316406e+01
1.707126045227050781e+01
1.704793548583984375e+01
1.706422424316406250e+01
1.716587638854980469e+01
1.717574119567871094e+01
1.714035606384277344e+01
1.717242050170898438e+01
1.716918182373046875e+01
1.708006286621093750e+01
1.701117897033691406e+01
1.698824119567871094e+01
1.698203659057617188e+01
1.689056205749511719e+01
1.669437217712402344e+01
1.652548980712890625e+01
1.640253829956054688e+01
1.630442237854003906e+01
1.621996879577636719e+01
1.614933204650878906e+01
1.609517288208007812e+01
1.604036903381347656e+01
1.594521617889404297e+01
1.582172679901123047e+01
1.573104572296142578e+01
1.564286804199218750e+01
1.557162189483642578e+01
1.554731941223144531e+01
1.555763530731201172e+01
1.555933666229248047e+01
1.555336761474609375e+01
1.556435489654541016e+01
1.557060432434082031e+01
1.547992897033691406e+01
1.539818191528320312e+01
1.534750175476074219e+01
1.532867240905761719e+01
1.532951545715332031e+01
1.531782817840576172e+01
1.526952457427978516e+01
1.522561931610107422e+01
1.520199108123779297e+01
1.518960475921630859e+01
1.518227195739746094e+01
1.517653751373291016e+01
1.516806983947753906e+01
1.515790081024169922e+01
1.515025615692138672e+01
1.514408302307128906e+01
1.513766193389892578e+01
1.513449764251708984e+01
1.513496398925781250e+01
1.513279342651367188e+01
1.513875484466552734e+01
1.515842628479003906e+01
1.515467453002929688e+01
1.511837959289550781e+01
1.509768199920654297e+01
1.509000301361083984e+01
1.508847618103027344e+01
1.509004020690917969e+01
1.508695983886718750e+01
1.508031558990478516e+01
1.508938407897949219e+01
1.627138328552246094e+01
1.513218975067138672e+01
1.506823921203613281e+01
1.506633758544921875e+01
1.506527042388916016e+01
1.507728767395019531e+01
1.513155746459960938e+01
1.514062690734863281e+01
1.508205795288085938e+01
1.505442523956298828e+01
1.505011940002441406e+01
1.505471324920654297e+01
1.505834579467773438e+01
1.505462646484375000e+01
1.509858036041259766e+01
1.550252056121826172e+01
1.511170387268066406e+01
1.504464817047119141e+01
1.504947757720947266e+01
1.505448246002197266e+01
1.505518436431884766e+01
1.505405521392822266e+01
1.505300903320312500e+01
1.505275726318359375e+01
1.505347537994384766e+01
1.505472183227539062e+01
1.505593585968017578e+01
1.505760383605957031e+01
1.505940532684326172e+01
1.505885696411132812e+01
1.505457401275634766e+01
1.505184555053710938e+01
1.504987049102783203e+01
1.504798889160156250e+01
1.504651355743408203e+01
1.504464435577392578e+01
1.504170894622802734e+01
1.503885841369628906e+01
1.503747653961181641e+01
1.503742408752441406e+01
1.503768444061279297e+01
1.503786563873291016e+01
1.503816223144531250e+01
1.503836059570312500e+01
1.503850078582763672e+01
1.503856277465820312e+01
1.503815555572509766e+01
1.503717327117919922e+01
1.503551292419433594e+01
1.503401660919189453e+01
1.503436374664306641e+01
1.503530025482177734e+01
1.503415298461914062e+01
1.503151130676269531e+01
1.502980804443359375e+01
1.502939891815185547e+01
1.502902317047119141e+01
1.502774906158447266e+01
1.502565765380859375e+01
1.502369499206542969e+01
1.502245998382568359e+01
1.502100944519042969e+01
1.501901626586914062e+01
1.501763057708740234e+01
1.501668167114257812e+01
1.501532363891601562e+01
1.501424217224121094e+01
1.501373577117919922e+01
1.501289844512939453e+01
1.501217651367187500e+01
1.501151752471923828e+01
1.501056480407714844e+01
1.500985050201416016e+01
1.500942230224609375e+01
1.500895977020263672e+01
1.500865459442138672e+01
1.500830364227294922e+01
1.500782966613769531e+01
1.500739669799804688e+01
1.500688934326171875e+01
1.500631427764892578e+01
1.500559139251708984e+01
1.500469112396240234e+01
1.500388431549072266e+01
1.500318908691406250e+01
1.500257110595703125e+01
1.500194168090820312e+01
1.500136947631835938e+01
1.500107192993164062e+01
1.500089359283447266e+01
1.500047206878662109e+01
1.499987316131591797e+01
1.499936389923095703e+01
1.499898147583007812e+01
1.499862384796142578e+01
1.499824237823486328e+01
1.499781513214111328e+01
1.499736976623535156e+01
1.499694156646728516e+01
1.499655055999755859e+01
1.499618339538574219e+01
1.499580574035644531e+01
1.499541664123535156e+01
1.499503231048583984e+01
1.499465942382812500e+01
1.499429321289062500e+01
1.499393367767333984e+01
1.499357414245605469e+01
1.499321651458740234e+01
1.499286556243896484e+01
1.499252319335937500e+01
1.499218940734863281e+01
1.499185752868652344e+01
1.499152565002441406e+01
1.499120140075683594e+01
1.499088287353515625e+01
1.499056625366210938e+01
1.499025344848632812e+01
1.498994731903076172e+01
1.498964309692382812e+01
1.498934459686279297e+01
1.498905277252197266e+01
1.498876380920410156e+01
1.498847961425781250e+01
1.498819923400878906e+01
1.498792266845703125e+01
1.498765087127685547e+01
1.498738193511962891e+01
1.498711681365966797e+01
1.498685455322265625e+01
1.498659610748291016e+01
1.498634147644042969e+01
1.498608970642089844e+01
1.498583984375000000e+01
1.498559379577636719e+01
1.498535251617431641e+01
1.498511028289794922e+01
1.498487377166748047e+01
1.498463821411132812e+01
1.498440456390380859e+01
1.498417377471923828e+01
1.498394489288330078e+01
1.498371887207031250e+01
1.498349475860595703e+01
1.498327255249023438e+01
1.498305130004882812e+01
1.498283290863037109e+01
1.498261642456054688e+01
1.498240184783935547e+01
1.498218917846679688e+01
1.498197650909423828e+01
1.498176670074462891e+01
1.498155879974365234e+01
1.498135185241699219e+01
1.498114681243896484e+01
1.498094272613525391e+01
1.498073959350585938e+01
1.498053836822509766e+01
1.498034000396728516e+01
1.498014068603515625e+01
1.497994327545166016e+01
1.497974681854248047e+01
1.497955131530761719e+01
1.497935771942138672e+01
1.497916507720947266e+01
1.497897148132324219e+01
1.497878170013427734e+01
1.497859096527099609e+01
1.497840213775634766e+01
1.497821235656738281e+01
1.497802543640136719e+01
1.497783851623535156e+01
1.497765254974365234e+01
1.497746753692626953e+01
1.497728347778320312e+01
1.497709846496582031e+01
1.497691535949707031e+01
1.497673320770263672e+01
1.497655105590820312e+01
1.497636985778808594e+01
1.497618865966796875e+01
1.497600841522216797e+01
1.497582817077636719e+01
1.497564888000488281e+01
1.497547149658203125e+01
1.497529220581054688e+01
1.497511386871337891e+01
1.497493648529052734e+01
1.497475910186767578e+01
1.497458267211914062e+01
1.497440814971923828e+01
1.497423171997070312e+01
1.497405624389648438e+01
1.497500896453857422e+01
1.497673511505126953e+01
1.497667217254638672e+01
1.498496913909912109e+01
1.497442913055419922e+01
1.497313117980957031e+01
1.497432041168212891e+01
1.497561168670654297e+01
1.497577857971191406e+01
1.497589111328125000e+01
1.498002338409423828e+01
1.497287940979003906e+01
1.497222614288330078e+01
1.497475528717041016e+01
1.497454261779785156e+01
