3.828491973876953125e+01
3.754357147216796875e+01
3.679682540893554688e+01
3.604198455810546875e+01
3.527610015869140625e+01
3.449652099609375000e+01
3.370364379882812500e+01
3.289714431762695312e+01
3.207604980468750000e+01
3.120547103881835938e+01
3.027579116821289062e+01
2.930617141723632812e+01
2.825850486755371094e+01
2.728427314758300781e+01
2.624018859863281250e+01
2.515849876403808594e+01
2.437553787231445312e+01
2.379227256774902344e+01
2.334224319458007812e+01
2.299359512329101562e+01
2.273233222961425781e+01
2.254420280456542969e+01
2.241610336303710938e+01
2.233850097656250000e+01
2.230224990844726562e+01
2.229745101928710938e+01
2.231641197204589844e+01
2.235350418090820312e+01
2.240375518798828125e+01
2.246267890930175781e+01
2.252625656127929688e+01
2.259097290039062500e+01
2.265386009216308594e+01
2.271254539489746094e+01
2.276525497436523438e+01
2.281077766418457031e+01
2.284844970703125000e+01
2.287806701660156250e+01
2.289980888366699219e+01
2.291416549682617188e+01
2.292183685302734375e+01
2.292368125915527344e+01
2.292061805725097656e+01
2.291360282897949219e+01
2.290356445312500000e+01
2.289143371582031250e+01
2.287852478027343750e+01
2.286540794372558594e+01
2.285635566711425781e+01
2.286498451232910156e+01
2.303353691101074219e+01
2.301527023315429688e+01
2.296300125122070312e+01
2.292221641540527344e+01
2.285791015625000000e+01
2.276067352294921875e+01
2.259146881103515625e+01
2.253081321716308594e+01
2.260532951354980469e+01
2.271511650085449219e+01
2.252015113830566406e+01
2.233130836486816406e+01
2.227923774719238281e+01
2.241716957092285156e+01
2.271282577514648438e+01
2.271690368652343750e+01
2.248942375183105469e+01
2.220111846923828125e+01
2.211375045776367188e+01
2.209774589538574219e+01
2.210492706298828125e+01
2.213055992126464844e+01
2.216814231872558594e+01
2.221554946899414062e+01
2.234514808654785156e+01
2.240348052978515625e+01
2.237397575378417969e+01
2.229715728759765625e+01
2.223122978210449219e+01
2.222117805480957031e+01
2.226252555847167969e+01
2.226890754699707031e+01
2.219049072265625000e+01
2.220205879211425781e+01
2.219162940979003906e+01
2.209751129150390625e+01
2.207639122009277344e+01
2.209542655944824219e+01
2.198543548583984375e+01
2.195275878906250000e+01
2.198541259765625000e+01
2.188363075256347656e+01
2.183059310913085938e+01
2.180309867858886719e+01
2.181454277038574219e+01
2.184857559204101562e+01
2.172370338439941406e+01
2.172518539428710938e+01
2.197749710083007812e+01
2.166349792480468750e+01
2.163652801513671875e+01
2.163690567016601562e+01
2.165534973144531250e+01
2.168549919128417969e+01
2.172326660156250000e+01
2.177513885498046875e+01
2.188688850402832031e+01
2.194598007202148438e+01
2.182841682434082031e+01
2.180632019042968750e+01
2.180698966979980469e+01
2.181601524353027344e+01
2.181484222412109375e+01
2.178264808654785156e+01
2.175029182434082031e+01
2.172155761718750000e+01
2.169567680358886719e+01
2.168418121337890625e+01
2.168481254577636719e+01
2.168548393249511719e+01
2.167827224731445312e+01
2.165229415893554688e+01
2.162752723693847656e+01
2.160840606689453125e+01
2.159380149841308594e+01
2.158302879333496094e+01
2.157563972473144531e+01
2.157075309753417969e+01
2.157250213623046875e+01
2.157988357543945312e+01
2.158746147155761719e+01
2.159220886230468750e+01
2.159133720397949219e+01
2.158667182922363281e+01
2.158038520812988281e+01
2.157416534423828125e+01
2.157411384582519531e+01
2.157930946350097656e+01
2.158548736572265625e+01
2.159447860717773438e+01
2.159777832031250000e+01
2.159556770324707031e+01
2.159024047851562500e+01
2.157615470886230469e+01
2.156785202026367188e+01
2.156352043151855469e+01
2.155313301086425781e+01
2.153616714477539062e+01
2.152191352844238281e+01
2.144061088562011719e+01
2.115104866027832031e+01
2.070533943176269531e+01
2.068807029724121094e+01
2.069164276123046875e+01
2.071431541442871094e+01
2.074826812744140625e+01
2.075329589843750000e+01
2.072039794921875000e+01
2.070487976074218750e+01
2.069962882995605469e+01
2.070463180541992188e+01
2.071645545959472656e+01
2.072415924072265625e+01
2.072249031066894531e+01
2.071233940124511719e+01
2.069947242736816406e+01
2.068881607055664062e+01
2.068175315856933594e+01
2.067842864990234375e+01
2.067606353759765625e+01
2.067128562927246094e+01
2.066441726684570312e+01
2.065641403198242188e+01
2.064934921264648438e+01
2.064415931701660156e+01
2.063965606689453125e+01
2.063375473022460938e+01
2.063018226623535156e+01
2.062238693237304688e+01
2.062783432006835938e+01
2.098496818542480469e+01
2.171862220764160156e+01
2.059399414062500000e+01
2.058436775207519531e+01
2.059500312805175781e+01
2.076339721679687500e+01
2.330034065246582031e+01
2.387124061584472656e+01
2.438500976562500000e+01
2.302073669433593750e+01
2.276656723022460938e+01
2.143652343750000000e+01
2.057639503479003906e+01
2.056546211242675781e+01
2.056244659423828125e+01
2.056015777587890625e+01
2.056109809875488281e+01
2.056912422180175781e+01
2.058581352233886719e+01
2.060963058471679688e+01
2.063972663879394531e+01
2.067634391784667969e+01
2.071815872192382812e+01
2.074490165710449219e+01
2.073794555664062500e+01
2.071639251708984375e+01
2.069278144836425781e+01
2.067134475708007812e+01
2.065304946899414062e+01
2.063794898986816406e+01
2.062579727172851562e+01
2.061625099182128906e+01
2.060886192321777344e+01
2.060324478149414062e+01
2.059910964965820312e+01
2.059618186950683594e+01
2.059423255920410156e+01
2.059306907653808594e+01
2.059252548217773438e+01
2.059245300292968750e+01
2.059270286560058594e+01
2.059313774108886719e+01
2.059362220764160156e+01
2.059404182434082031e+01
2.059446525573730469e+01
2.059493827819824219e+01
2.059517097473144531e+01
2.059495735168457031e+01
2.059430122375488281e+01
2.059326934814453125e+01
2.059210014343261719e+01
2.059081649780273438e+01
2.058932113647460938e+01
2.058785057067871094e+01
2.058642005920410156e+01
2.058491897583007812e+01
2.058354759216308594e+01
2.058229827880859375e+01
2.058103370666503906e+01
2.057979011535644531e+01
2.057872200012207031e+01
2.057793426513671875e+01
2.057723045349121094e+01
2.057647323608398438e+01
2.057567596435546875e+01
2.057485580444335938e+01
2.057402992248535156e+01
2.057321357727050781e+01
2.057253837585449219e+01
2.057207870483398438e+01
2.057167243957519531e+01
2.057119178771972656e+01
2.057065010070800781e+01
2.057017135620117188e+01
2.056973075866699219e+01
2.056922531127929688e+01
2.056877326965332031e+01
2.056835556030273438e+01
2.056109428405761719e+01
2.055241394042968750e+01
2.054825782775878906e+01
2.054710006713867188e+01
2.054804039001464844e+01
2.055056381225585938e+01
2.055454063415527344e+01
2.055977821350097656e+01
2.056597328186035156e+01
2.057293128967285156e+01
2.058137130737304688e+01
2.059713745117187500e+01
2.062154960632324219e+01
2.064074516296386719e+01
2.063468360900878906e+01
2.060983848571777344e+01
2.058788871765136719e+01
2.057239723205566406e+01
2.057257843017578125e+01
2.058368873596191406e+01
2.059168434143066406e+01
2.059229278564453125e+01
2.058514213562011719e+01
2.057634925842285156e+01
2.056906127929687500e+01
2.056334686279296875e+01
2.055887413024902344e+01
2.055542755126953125e+01
2.055291557312011719e+01
2.055124664306640625e+01
2.055348587036132812e+01
2.055981445312500000e+01
2.056633758544921875e+01
2.057209777832031250e+01
2.057519340515136719e+01
2.057407188415527344e+01
2.057001304626464844e+01
2.056550598144531250e+01
2.056170654296875000e+01
2.055875396728515625e+01
2.055653190612792969e+01
2.055491256713867188e+01
