2.615099906921386719e+01
2.583074760437011719e+01
2.543941688537597656e+01
2.497427940368652344e+01
2.449274253845214844e+01
2.400759506225585938e+01
2.351725769042968750e+01
2.301977920532226562e+01
2.251464271545410156e+01
2.200346374511718750e+01
2.148911476135253906e+01
2.097567558288574219e+01
2.046869087219238281e+01
1.997518157958984375e+01
1.950321388244628906e+01
1.906113243103027344e+01
1.865670776367187500e+01
1.829632949829101562e+01
1.798428344726562500e+01
1.772219657897949219e+01
1.750914001464843750e+01
1.734180259704589844e+01
1.721529579162597656e+01
1.712401199340820312e+01
1.706236648559570312e+01
1.702536010742187500e+01
1.700817871093750000e+01
1.700734901428222656e+01
1.701940536499023438e+01
1.704132270812988281e+01
1.707032012939453125e+01
1.710383987426757812e+01
1.713955307006835938e+01
1.717537879943847656e+01
1.720956802368164062e+01
1.724073028564453125e+01
1.726787185668945312e+01
1.729680061340332031e+01
1.732056236267089844e+01
1.733199691772460938e+01
1.739274978637695312e+01
1.734312629699707031e+01
1.733675193786621094e+01
1.732430458068847656e+01
1.731204795837402344e+01
1.730500221252441406e+01
1.728252792358398438e+01
1.721652793884277344e+01
1.714018058776855469e+01
1.709372901916503906e+01
1.705955886840820312e+01
1.704142379760742188e+01
1.705412483215332031e+01
1.707704162597656250e+01
1.694987869262695312e+01
1.689953994750976562e+01
1.687454986572265625e+01
1.686496925354003906e+01
1.687244415283203125e+01
1.688409996032714844e+01
1.685775947570800781e+01
1.681481170654296875e+01
1.679818725585937500e+01
1.678176879882812500e+01
1.674262809753417969e+01
1.673642158508300781e+01
1.674356651306152344e+01
1.670538330078125000e+01
1.668460655212402344e+01
1.670090293884277344e+01
1.674896621704101562e+01
1.674484062194824219e+01
1.672317314147949219e+01
1.670422744750976562e+01
1.668729019165039062e+01
1.666253089904785156e+01
1.664138793945312500e+01
1.662690353393554688e+01
1.662887763977050781e+01
1.662838172912597656e+01
1.661000251770019531e+01
1.660437583923339844e+01
1.660832786560058594e+01
1.660762023925781250e+01
1.651988983154296875e+01
1.623154640197753906e+01
1.589211845397949219e+01
1.554915809631347656e+01
1.521936225891113281e+01
1.491756248474121094e+01
1.464964866638183594e+01
1.441523838043212891e+01
1.421841812133789062e+01
1.405408191680908203e+01
1.391811656951904297e+01
1.381270027160644531e+01
1.373380088806152344e+01
1.367236518859863281e+01
1.362334537506103516e+01
1.358722400665283203e+01
1.356280040740966797e+01
1.354691314697265625e+01
1.353563499450683594e+01
1.352741813659667969e+01
1.352262306213378906e+01
1.351947021484375000e+01
1.351513385772705078e+01
1.351147365570068359e+01
1.350998878479003906e+01
1.351023387908935547e+01
1.351184844970703125e+01
1.351425933837890625e+01
1.351237010955810547e+01
1.351971626281738281e+01
1.357385730743408203e+01
1.355761337280273438e+01
1.354047203063964844e+01
1.352410221099853516e+01
1.351504325866699219e+01
1.351235294342041016e+01
1.352049255371093750e+01
1.358371353149414062e+01
1.353815078735351562e+01
1.353638362884521484e+01
1.353803157806396484e+01
1.352247047424316406e+01
1.351382732391357422e+01
1.351185989379882812e+01
1.351793766021728516e+01
1.352245903015136719e+01
1.352258968353271484e+01
1.351559352874755859e+01
1.324559020996093750e+01
1.287616348266601562e+01
1.243768215179443359e+01
1.213884162902832031e+01
1.184911823272705078e+01
1.154342842102050781e+01
1.132641792297363281e+01
1.120407199859619141e+01
1.113757038116455078e+01
1.109587383270263672e+01
1.109228229522705078e+01
1.107316493988037109e+01
1.108510303497314453e+01
1.107005691528320312e+01
1.107043361663818359e+01
1.108902835845947266e+01
1.108201313018798828e+01
1.111349678039550781e+01
1.122873020172119141e+01
1.107345294952392578e+01
1.095750808715820312e+01
1.083830165863037109e+01
1.052928352355957031e+01
1.025855731964111328e+01
1.009195899963378906e+01
1.000182151794433594e+01
9.964954376220703125e+00
9.962478637695312500e+00
9.959016799926757812e+00
9.958359718322753906e+00
9.885116577148437500e+00
9.750651359558105469e+00
9.749670028686523438e+00
9.787315368652343750e+00
1.010104274749755859e+01
1.015580177307128906e+01
1.003632354736328125e+01
9.968697547912597656e+00
9.939692497253417969e+00
9.932544708251953125e+00
9.926383972167968750e+00
9.847021102905273438e+00
9.731896400451660156e+00
9.702699661254882812e+00
9.702960968017578125e+00
9.715690612792968750e+00
9.691677093505859375e+00
9.691947937011718750e+00
9.708066940307617188e+00
9.727373123168945312e+00
9.716621398925781250e+00
9.701783180236816406e+00
9.697274208068847656e+00
9.695412635803222656e+00
9.696553230285644531e+00
9.695063591003417969e+00
9.686293601989746094e+00
9.685651779174804688e+00
9.684285163879394531e+00
9.682476997375488281e+00
9.679881095886230469e+00
9.675576210021972656e+00
9.668481826782226562e+00
9.662796020507812500e+00
9.659235000610351562e+00
9.659804344177246094e+00
9.663153648376464844e+00
9.666059494018554688e+00
9.668216705322265625e+00
9.670187950134277344e+00
9.666591644287109375e+00
9.662206649780273438e+00
9.658164978027343750e+00
9.647459983825683594e+00
9.644888877868652344e+00
9.652238845825195312e+00
9.668745040893554688e+00
9.701121330261230469e+00
9.753610610961914062e+00
9.865844726562500000e+00
9.774996757507324219e+00
9.730908393859863281e+00
9.703501701354980469e+00
9.681150436401367188e+00
9.646016120910644531e+00
9.625235557556152344e+00
9.614882469177246094e+00
9.619543075561523438e+00
9.649000167846679688e+00
9.629020690917968750e+00
9.623245239257812500e+00
9.631258964538574219e+00
9.729132652282714844e+00
9.644018173217773438e+00
9.647981643676757812e+00
9.651547431945800781e+00
9.662845611572265625e+00
9.672654151916503906e+00
9.670197486877441406e+00
9.660988807678222656e+00
9.649505615234375000e+00
9.638434410095214844e+00
9.626935005187988281e+00
9.617228507995605469e+00
9.611663818359375000e+00
9.608997344970703125e+00
9.607113838195800781e+00
9.607296943664550781e+00
9.610089302062988281e+00
9.614264488220214844e+00
9.616336822509765625e+00
9.618047714233398438e+00
9.618018150329589844e+00
9.615927696228027344e+00
9.612117767333984375e+00
9.608078002929687500e+00
9.604856491088867188e+00
9.602463722229003906e+00
9.600914001464843750e+00
9.600374221801757812e+00
9.600251197814941406e+00
9.598279953002929688e+00
9.611373901367187500e+00
9.624114990234375000e+00
9.645448684692382812e+00
9.640777587890625000e+00
9.614769935607910156e+00
9.599654197692871094e+00
9.597649574279785156e+00
9.599707603454589844e+00
9.600137710571289062e+00
9.593113899230957031e+00
9.703207015991210938e+00
9.695315361022949219e+00
9.679332733154296875e+00
9.582861900329589844e+00
9.584692955017089844e+00
9.585811614990234375e+00
9.593276023864746094e+00
9.597173690795898438e+00
9.593329429626464844e+00
9.576375007629394531e+00
9.671235084533691406e+00
9.823995590209960938e+00
9.826167106628417969e+00
9.817155838012695312e+00
9.803710937500000000e+00
9.793936729431152344e+00
9.789003372192382812e+00
9.786439895629882812e+00
9.783802032470703125e+00
9.780330657958984375e+00
9.777000427246093750e+00
9.774396896362304688e+00
9.772447586059570312e+00
9.771310806274414062e+00
9.769596099853515625e+00
9.766741752624511719e+00
9.763558387756347656e+00
9.760293960571289062e+00
9.757513046264648438e+00
9.755427360534667969e+00
9.753717422485351562e+00
9.752322196960449219e+00
9.751345634460449219e+00
9.750475883483886719e+00
9.749438285827636719e+00
9.748190879821777344e+00
