2.116352081298828125e+00
2.000737905502319336e+00
1.897786259651184082e+00
1.805875778198242188e+00
1.725929379463195801e+00
1.657983183860778809e+00
1.601319074630737305e+00
1.555092215538024902e+00
1.518619060516357422e+00
1.491202831268310547e+00
1.471842527389526367e+00
1.459100484848022461e+00
1.435714364051818848e+00
1.398760676383972168e+00
1.360460162162780762e+00
1.325272560119628906e+00
1.295928478240966797e+00
1.273949027061462402e+00
1.259646892547607422e+00
1.252105116844177246e+00
1.249466538429260254e+00
1.249754786491394043e+00
1.251626968383789062e+00
1.255896568298339844e+00
1.259945273399353027e+00
1.268015861511230469e+00
1.269926428794860840e+00
1.264642953872680664e+00
1.263325929641723633e+00
1.263702869415283203e+00
1.265435338020324707e+00
1.267354726791381836e+00
1.267653822898864746e+00
1.265560150146484375e+00
1.262013792991638184e+00
1.258627414703369141e+00
1.255899667739868164e+00
1.253928899765014648e+00
1.252524495124816895e+00
1.251270174980163574e+00
1.249550223350524902e+00
1.247152686119079590e+00
1.244559168815612793e+00
1.242440342903137207e+00
1.241083383560180664e+00
1.240424633026123047e+00
1.240302205085754395e+00
1.239939093589782715e+00
1.239605903625488281e+00
1.239090800285339355e+00
1.238428354263305664e+00
1.237750887870788574e+00
1.236973404884338379e+00
1.236031651496887207e+00
1.235440492630004883e+00
1.235206723213195801e+00
1.235313653945922852e+00
1.236491560935974121e+00
1.246510148048400879e+00
1.246419906616210938e+00
1.239176869392395020e+00
1.229033112525939941e+00
1.219281554222106934e+00
1.210924506187438965e+00
1.203498244285583496e+00
1.196973323822021484e+00
1.191482663154602051e+00
1.186109423637390137e+00
1.181890487670898438e+00
1.178777098655700684e+00
1.177538275718688965e+00
1.177264213562011719e+00
1.172493696212768555e+00
1.167715191841125488e+00
1.164794802665710449e+00
1.162551045417785645e+00
1.160572767257690430e+00
1.158367156982421875e+00
1.155563831329345703e+00
1.152465462684631348e+00
1.149478197097778320e+00
1.146829605102539062e+00
1.144502282142639160e+00
1.142347931861877441e+00
1.140255570411682129e+00
1.138174176216125488e+00
1.135959863662719727e+00
1.133368492126464844e+00
1.130736470222473145e+00
1.127835035324096680e+00
1.124824643135070801e+00
1.122133731842041016e+00
1.119717597961425781e+00
1.117582917213439941e+00
1.115245699882507324e+00
1.112106800079345703e+00
1.109372735023498535e+00
1.106979608535766602e+00
1.104767799377441406e+00
1.102758049964904785e+00
1.100400209426879883e+00
1.098103165626525879e+00
1.096088409423828125e+00
1.094246029853820801e+00
1.092457532882690430e+00
1.090780496597290039e+00
1.089280724525451660e+00
1.087875008583068848e+00
1.086561441421508789e+00
1.085371851921081543e+00
1.084295153617858887e+00
1.083328723907470703e+00
1.082437634468078613e+00
1.081638932228088379e+00
1.080904722213745117e+00
1.080210804939270020e+00
1.079558253288269043e+00
1.078960418701171875e+00
1.078435778617858887e+00
1.078010082244873047e+00
1.077656865119934082e+00
1.077266931533813477e+00
1.076858639717102051e+00
1.076445460319519043e+00
1.076043725013732910e+00
1.075711488723754883e+00
1.075450062751770020e+00
1.075246930122375488e+00
1.075105428695678711e+00
1.075000643730163574e+00
1.074898838996887207e+00
1.074790239334106445e+00
1.074658751487731934e+00
1.074493288993835449e+00
1.074306368827819824e+00
1.074112534523010254e+00
1.073923349380493164e+00
1.073752522468566895e+00
1.073608279228210449e+00
1.073483705520629883e+00
1.073373913764953613e+00
1.073275685310363770e+00
1.073183894157409668e+00
1.073097348213195801e+00
1.073014378547668457e+00
1.072929739952087402e+00
1.072854399681091309e+00
1.072782516479492188e+00
1.072709679603576660e+00
1.072644710540771484e+00
1.072576999664306641e+00
1.072510838508605957e+00
1.072445511817932129e+00
1.072384715080261230e+00
1.072331786155700684e+00
1.072286725044250488e+00
1.072252035140991211e+00
1.072224736213684082e+00
1.072204828262329102e+00
1.072188973426818848e+00
1.072176694869995117e+00
1.072165250778198242e+00
1.072155117988586426e+00
1.072144865989685059e+00
1.072136044502258301e+00
1.072136878967285156e+00
1.072145342826843262e+00
1.072158575057983398e+00
1.072163343429565430e+00
1.072159767150878906e+00
1.072144865989685059e+00
1.072126388549804688e+00
1.072129249572753906e+00
1.072153449058532715e+00
1.072140812873840332e+00
1.072085022926330566e+00
1.072019815444946289e+00
1.071952581405639648e+00
1.071890592575073242e+00
1.071838617324829102e+00
1.071797966957092285e+00
1.071771621704101562e+00
1.071756005287170410e+00
1.071759819984436035e+00
1.071768641471862793e+00
1.071800708770751953e+00
1.071822285652160645e+00
1.071752905845642090e+00
1.071719408035278320e+00
1.071764111518859863e+00
1.071761608123779297e+00
1.071660876274108887e+00
1.071592688560485840e+00
1.071609616279602051e+00
1.071672916412353516e+00
1.071738839149475098e+00
1.071734309196472168e+00
1.071738958358764648e+00
1.071825504302978516e+00
1.071912646293640137e+00
1.071895241737365723e+00
1.071831226348876953e+00
1.071854352951049805e+00
1.071939468383789062e+00
1.072011828422546387e+00
1.071991443634033203e+00
1.071971416473388672e+00
1.072021722793579102e+00
1.072081565856933594e+00
1.072177529335021973e+00
1.072316527366638184e+00
1.072348833084106445e+00
1.072314381599426270e+00
1.072468161582946777e+00
1.072730779647827148e+00
1.072794079780578613e+00
1.072686314582824707e+00
1.072511076927185059e+00
1.072370529174804688e+00
1.072320699691772461e+00
1.072387695312500000e+00
1.072542428970336914e+00
1.072716236114501953e+00
1.072849631309509277e+00
1.072906136512756348e+00
1.072874903678894043e+00
1.072805285453796387e+00
1.072744846343994141e+00
1.072714328765869141e+00
1.072742819786071777e+00
1.072831988334655762e+00
1.072957634925842285e+00
1.073094964027404785e+00
1.073166847229003906e+00
1.073163270950317383e+00
1.073227882385253906e+00
1.073346734046936035e+00
1.073346138000488281e+00
1.073224544525146484e+00
1.073254823684692383e+00
1.073403954505920410e+00
1.073459148406982422e+00
1.073456287384033203e+00
1.073458194732666016e+00
1.073497653007507324e+00
1.073549628257751465e+00
1.073588490486145020e+00
1.073621749877929688e+00
1.073612689971923828e+00
1.073600053787231445e+00
1.073702931404113770e+00
1.073877096176147461e+00
1.073948502540588379e+00
1.073960781097412109e+00
1.074094772338867188e+00
1.074188709259033203e+00
1.074061274528503418e+00
1.073936581611633301e+00
1.073967337608337402e+00
1.074077486991882324e+00
1.074130535125732422e+00
1.074087262153625488e+00
1.074026823043823242e+00
1.074143052101135254e+00
1.074409842491149902e+00
1.074565768241882324e+00
1.074512839317321777e+00
1.074406623840332031e+00
1.074385762214660645e+00
1.074431061744689941e+00
1.074475765228271484e+00
1.074519753456115723e+00
1.074576854705810547e+00
1.074613451957702637e+00
1.074665069580078125e+00
1.074776172637939453e+00
1.074839353561401367e+00
1.074890971183776855e+00
1.074898600578308105e+00
1.074934244155883789e+00
1.074974656105041504e+00
1.074983477592468262e+00
1.074974656105041504e+00
1.075056910514831543e+00
1.075207710266113281e+00
1.075222253799438477e+00
1.075230717658996582e+00
1.075292348861694336e+00
1.075342416763305664e+00
1.075333237648010254e+00
1.075340867042541504e+00
1.075384497642517090e+00
1.075495600700378418e+00
1.075553536415100098e+00
1.075534582138061523e+00
1.075721621513366699e+00
1.075921177864074707e+00
1.075826525688171387e+00
1.075640916824340820e+00
1.075502753257751465e+00
