3.614876985549926758e+00
3.483813285827636719e+00
3.358077526092529297e+00
3.250655412673950195e+00
3.156805753707885742e+00
3.071248054504394531e+00
2.995662450790405273e+00
2.928162336349487305e+00
2.868210315704345703e+00
2.812644958496093750e+00
2.762584924697875977e+00
2.714633464813232422e+00
2.670304536819458008e+00
2.630625009536743164e+00
2.594567298889160156e+00
2.560876131057739258e+00
2.531471252441406250e+00
2.505622625350952148e+00
2.484011650085449219e+00
2.463096141815185547e+00
2.445400714874267578e+00
2.434814453125000000e+00
2.421156406402587891e+00
2.410104990005493164e+00
2.393338203430175781e+00
2.370679855346679688e+00
2.357251644134521484e+00
2.340960502624511719e+00
2.331997394561767578e+00
2.314476251602172852e+00
2.306729078292846680e+00
2.294075489044189453e+00
2.284989595413208008e+00
2.267021417617797852e+00
2.257300853729248047e+00
2.247564792633056641e+00
2.236696720123291016e+00
2.226015567779541016e+00
2.221578836441040039e+00
2.220006227493286133e+00
2.202075958251953125e+00
2.160552978515625000e+00
2.105715036392211914e+00
2.115121126174926758e+00
2.089595317840576172e+00
2.077752590179443359e+00
2.089473247528076172e+00
2.085465908050537109e+00
2.070845365524291992e+00
2.061913490295410156e+00
2.061661481857299805e+00
2.048106431961059570e+00
2.043742895126342773e+00
2.041861772537231445e+00
2.035217046737670898e+00
2.029780149459838867e+00
2.026921510696411133e+00
2.022086143493652344e+00
2.018174409866333008e+00
2.014781951904296875e+00
2.010505199432373047e+00
2.007768630981445312e+00
2.004384279251098633e+00
2.001948833465576172e+00
1.999119639396667480e+00
1.996530413627624512e+00
1.994094729423522949e+00
1.991981387138366699e+00
1.987618684768676758e+00
1.977295041084289551e+00
1.934584140777587891e+00
1.997293233871459961e+00
1.933704137802124023e+00
1.946825742721557617e+00
1.959066987037658691e+00
1.942624211311340332e+00
1.928623080253601074e+00
1.919851899147033691e+00
1.917410373687744141e+00
1.912802696228027344e+00
1.910407304763793945e+00
1.906347751617431641e+00
1.903898239135742188e+00
1.900289773941040039e+00
1.897704362869262695e+00
1.894410371780395508e+00
1.891373276710510254e+00
1.886795163154602051e+00
1.880649089813232422e+00
1.873996019363403320e+00
1.873413085937500000e+00
1.869505643844604492e+00
1.866751313209533691e+00
1.864286303520202637e+00
1.860881447792053223e+00
1.857804417610168457e+00
1.856062412261962891e+00
1.851927518844604492e+00
1.850219607353210449e+00
1.847441673278808594e+00
1.844962358474731445e+00
1.843097567558288574e+00
1.841428637504577637e+00
1.838499069213867188e+00
1.836997866630554199e+00
1.835932374000549316e+00
1.833009481430053711e+00
1.832267999649047852e+00
1.830452680587768555e+00
1.828632116317749023e+00
1.827801346778869629e+00
1.828372478485107422e+00
1.825811028480529785e+00
1.826062083244323730e+00
1.820455789566040039e+00
1.819045424461364746e+00
1.817140579223632812e+00
1.817046761512756348e+00
1.818090319633483887e+00
1.821098208427429199e+00
1.822204709053039551e+00
1.823212862014770508e+00
1.822749853134155273e+00
1.819590210914611816e+00
1.812862157821655273e+00
1.827042698860168457e+00
1.832343816757202148e+00
1.896925926208496094e+00
1.823825716972351074e+00
1.838546872138977051e+00
1.836274623870849609e+00
1.840510368347167969e+00
1.838816881179809570e+00
1.834029078483581543e+00
1.830820441246032715e+00
1.828375816345214844e+00
1.826471805572509766e+00
1.826386094093322754e+00
1.825802922248840332e+00
1.825308442115783691e+00
1.824240326881408691e+00
1.822034478187561035e+00
1.819919109344482422e+00
1.817596554756164551e+00
1.815538763999938965e+00
1.813650369644165039e+00
1.811973333358764648e+00
1.810459017753601074e+00
1.809007406234741211e+00
1.807638406753540039e+00
1.806185603141784668e+00
1.804593205451965332e+00
1.802124977111816406e+00
1.799285888671875000e+00
1.799298167228698730e+00
1.799007892608642578e+00
1.797059297561645508e+00
1.797744393348693848e+00
1.796662807464599609e+00
1.795909523963928223e+00
1.794982910156250000e+00
1.793679952621459961e+00
1.793470263481140137e+00
1.792400002479553223e+00
1.791462302207946777e+00
1.790718913078308105e+00
1.789641737937927246e+00
1.788669347763061523e+00
1.788112401962280273e+00
1.787049293518066406e+00
1.786097526550292969e+00
1.785269498825073242e+00
1.784175515174865723e+00
1.783172607421875000e+00
1.781993508338928223e+00
1.780725240707397461e+00
1.778977513313293457e+00
1.777516722679138184e+00
1.776222109794616699e+00
1.775133728981018066e+00
1.774224162101745605e+00
1.773154973983764648e+00
1.772501826286315918e+00
1.771901488304138184e+00
1.771093249320983887e+00
1.770416140556335449e+00
1.771803140640258789e+00
1.770303249359130859e+00
1.773540496826171875e+00
1.769071936607360840e+00
1.770999312400817871e+00
1.788316488265991211e+00
1.773779034614562988e+00
1.846406221389770508e+00
1.844901680946350098e+00
1.845176935195922852e+00
1.893691539764404297e+00
1.920884728431701660e+00
1.915222764015197754e+00
1.899877429008483887e+00
1.884539365768432617e+00
1.866858839988708496e+00
1.873798727989196777e+00
1.842293143272399902e+00
1.827559709548950195e+00
1.823979854583740234e+00
1.821947455406188965e+00
1.819023489952087402e+00
1.816270351409912109e+00
1.814934968948364258e+00
1.814014792442321777e+00
1.816136240959167480e+00
1.816404700279235840e+00
1.813675045967102051e+00
1.811996340751647949e+00
1.811358094215393066e+00
1.810421466827392578e+00
1.809131026268005371e+00
1.807343482971191406e+00
1.804909706115722656e+00
1.804899215698242188e+00
1.803157925605773926e+00
1.802573442459106445e+00
1.802326202392578125e+00
1.801270484924316406e+00
1.801407575607299805e+00
1.800969481468200684e+00
1.800828695297241211e+00
1.800683856010437012e+00
1.800343155860900879e+00
1.800292968750000000e+00
1.799960017204284668e+00
1.799925804138183594e+00
1.799699544906616211e+00
1.799639105796813965e+00
1.799502849578857422e+00
1.799415826797485352e+00
1.799319386482238770e+00
1.799204230308532715e+00
1.799128413200378418e+00
1.799027562141418457e+00
1.798962235450744629e+00
1.798854351043701172e+00
1.798764586448669434e+00
1.798640966415405273e+00
1.798522353172302246e+00
1.798378109931945801e+00
1.798239946365356445e+00
1.798098921775817871e+00
1.797969579696655273e+00
1.797842621803283691e+00
1.797725439071655273e+00
1.797615647315979004e+00
1.797516465187072754e+00
1.797424197196960449e+00
1.797340512275695801e+00
1.797263264656066895e+00
1.797191143035888672e+00
1.797119736671447754e+00
1.797048568725585938e+00
1.796976566314697266e+00
1.796904087066650391e+00
1.796830177307128906e+00
1.796755671501159668e+00
1.796681404113769531e+00
1.796607613563537598e+00
1.796533465385437012e+00
1.796459674835205078e+00
1.796386361122131348e+00
1.796313405036926270e+00
1.796240448951721191e+00
1.796167969703674316e+00
1.796096086502075195e+00
1.796024799346923828e+00
1.795953869819641113e+00
1.795883893966674805e+00
1.795814633369445801e+00
1.795746326446533203e+00
1.795678853988647461e+00
1.795612335205078125e+00
1.795547008514404297e+00
1.795482635498046875e+00
1.795418500900268555e+00
1.795355081558227539e+00
1.795292139053344727e+00
1.795228719711303711e+00
1.795165419578552246e+00
1.795101284980773926e+00
1.795035719871520996e+00
1.794967174530029297e+00
1.794890999794006348e+00
1.794799447059631348e+00
1.794694542884826660e+00
1.794601440429687500e+00
1.794511795043945312e+00
1.794436931610107422e+00
1.794433593750000000e+00
1.794506311416625977e+00
1.794604063034057617e+00
1.794647812843322754e+00
