4.221661376953125000e+01
4.179380798339843750e+01
4.137435150146484375e+01
4.095619964599609375e+01
4.053581619262695312e+01
4.011038589477539062e+01
3.967797470092773438e+01
3.923793792724609375e+01
3.879076766967773438e+01
3.833781051635742188e+01
3.788118362426757812e+01
3.742361068725585938e+01
3.696831893920898438e+01
3.651891326904296875e+01
3.607919692993164062e+01
3.565301132202148438e+01
3.524400329589843750e+01
3.485540771484375000e+01
3.448989868164062500e+01
3.414946365356445312e+01
3.383300399780273438e+01
3.355293655395507812e+01
3.332656478881835938e+01
3.313941955566406250e+01
3.298258972167968750e+01
3.284788131713867188e+01
3.273081970214843750e+01
3.263422393798828125e+01
3.255424118041992188e+01
3.248897552490234375e+01
3.243663406372070312e+01
3.239566802978515625e+01
3.236471557617187500e+01
3.234257888793945312e+01
3.232808685302734375e+01
3.231996154785156250e+01
3.231685256958007812e+01
3.231742095947265625e+01
3.232041931152343750e+01
3.232479858398437500e+01
3.232973480224609375e+01
3.233459091186523438e+01
3.229800796508789062e+01
3.207780838012695312e+01
3.169507026672363281e+01
3.123291969299316406e+01
3.073880195617675781e+01
3.024119949340820312e+01
2.975904273986816406e+01
2.930485534667968750e+01
2.888614273071289062e+01
2.850625419616699219e+01
2.816563415527343750e+01
2.786321449279785156e+01
2.759711074829101562e+01
2.734546852111816406e+01
2.710641098022460938e+01
2.670839881896972656e+01
2.629885101318359375e+01
2.591161346435546875e+01
2.557185745239257812e+01
2.529234695434570312e+01
2.507636833190917969e+01
2.492007446289062500e+01
2.481499099731445312e+01
2.475046348571777344e+01
2.471561622619628906e+01
2.470071601867675781e+01
2.469792938232421875e+01
2.470162582397460938e+01
2.470823097229003906e+01
2.471581077575683594e+01
2.472347450256347656e+01
2.473089599609375000e+01
2.473794364929199219e+01
2.474451446533203125e+01
2.475048828125000000e+01
2.475578498840332031e+01
2.476038360595703125e+01
2.476437377929687500e+01
2.476787948608398438e+01
2.477101325988769531e+01
2.477378463745117188e+01
2.477614021301269531e+01
2.477797889709472656e+01
2.477925109863281250e+01
2.477992820739746094e+01
2.478002738952636719e+01
2.477955245971679688e+01
2.477850532531738281e+01
2.477688407897949219e+01
2.477473449707031250e+01
2.477215194702148438e+01
2.476928520202636719e+01
2.476631546020507812e+01
2.476342201232910156e+01
2.476076507568359375e+01
2.475846672058105469e+01
2.475659561157226562e+01
2.475517082214355469e+01
2.475416564941406250e+01
2.475352096557617188e+01
2.475314903259277344e+01
2.475296020507812500e+01
2.475284957885742188e+01
2.475272750854492188e+01
2.475252151489257812e+01
2.475218200683593750e+01
2.475167274475097656e+01
2.475098800659179688e+01
2.475013923645019531e+01
2.474915122985839844e+01
2.474805259704589844e+01
2.474687576293945312e+01
2.474564933776855469e+01
2.474439620971679688e+01
2.474313163757324219e+01
2.474186897277832031e+01
2.474061203002929688e+01
2.473935890197753906e+01
2.473811721801757812e+01
2.473687171936035156e+01
2.473563194274902344e+01
2.473439025878906250e+01
2.473315238952636719e+01
2.473191452026367188e+01
2.473068428039550781e+01
2.472945976257324219e+01
2.472824287414550781e+01
2.472703170776367188e+01
2.472583198547363281e+01
2.472463798522949219e+01
2.472344398498535156e+01
2.472224998474121094e+01
2.472105026245117188e+01
2.471984100341796875e+01
2.471862220764160156e+01
2.471738815307617188e+01
2.471614074707031250e+01
2.471487998962402344e+01
2.471360588073730469e+01
2.471232223510742188e+01
2.471103477478027344e+01
2.470973777770996094e+01
2.470844078063964844e+01
2.470714378356933594e+01
2.470585250854492188e+01
2.470456314086914062e+01
2.470327949523925781e+01
2.470200347900390625e+01
2.470073127746582031e+01
2.469947052001953125e+01
2.469821739196777344e+01
2.469697189331054688e+01
2.469573783874511719e+01
2.469451522827148438e+01
2.469330215454101562e+01
2.469210052490234375e+01
2.469091796875000000e+01
2.468974685668945312e+01
2.468858528137207031e+01
2.468744277954101562e+01
2.468632125854492188e+01
2.468521308898925781e+01
2.468411827087402344e+01
2.468304634094238281e+01
2.468198776245117188e+01
2.468095207214355469e+01
2.467993164062500000e+01
2.467893409729003906e+01
2.467795372009277344e+01
2.467699050903320312e+01
2.467604827880859375e+01
2.467512702941894531e+01
2.467422485351562500e+01
2.467334175109863281e+01
2.467248344421386719e+01
2.467164421081542969e+01
2.467082214355468750e+01
2.467001914978027344e+01
2.466924095153808594e+01
2.466847801208496094e+01
2.466773796081542969e+01
2.466701507568359375e+01
2.466631126403808594e+01
2.466562652587890625e+01
2.466496276855468750e+01
2.466431236267089844e+01
2.466368103027343750e+01
2.466306877136230469e+01
2.466247177124023438e+01
2.466189384460449219e+01
2.466132926940917969e+01
2.466078186035156250e+01
2.466025161743164062e+01
2.465973663330078125e+01
2.465923500061035156e+01
2.465874671936035156e+01
2.465827560424804688e+01
2.465781784057617188e+01
2.465737533569335938e+01
2.465694236755371094e+01
2.465652465820312500e+01
2.465612220764160156e+01
2.465572738647460938e+01
2.465534400939941406e+01
2.465497970581054688e+01
2.465461921691894531e+01
2.465427398681640625e+01
2.465394020080566406e+01
2.465361213684082031e+01
2.465329551696777344e+01
2.465299224853515625e+01
2.465269851684570312e+01
2.465241432189941406e+01
2.465213394165039062e+01
2.465186500549316406e+01
2.465160751342773438e+01
2.465135574340820312e+01
2.465111351013183594e+01
2.465087890625000000e+01
2.465065383911132812e+01
2.465043258666992188e+01
2.465022087097167969e+01
2.465001296997070312e+01
2.464981651306152344e+01
2.464962196350097656e+01
2.464943695068359375e+01
2.464925384521484375e+01
2.464908027648925781e+01
2.464891433715820312e+01
2.464874839782714844e+01
2.464859199523925781e+01
2.464843750000000000e+01
2.464828872680664062e+01
2.464814376831054688e+01
2.464800453186035156e+01
2.464787483215332031e+01
2.464774322509765625e+01
2.464761352539062500e+01
2.464749336242675781e+01
2.464737701416015625e+01
2.464726257324218750e+01
2.464714813232421875e+01
2.464704322814941406e+01
2.464693832397460938e+01
2.464683723449707031e+01
2.464673995971679688e+01
2.464664077758789062e+01
2.464655113220214844e+01
2.464646148681640625e+01
2.464637374877929688e+01
2.464628601074218750e+01
2.464620399475097656e+01
2.464612388610839844e+01
2.464604759216308594e+01
2.464597320556640625e+01
2.464589881896972656e+01
2.464582633972167969e+01
2.464575576782226562e+01
2.464568901062011719e+01
2.464562225341796875e+01
2.464555549621582031e+01
2.464549446105957031e+01
2.464543151855468750e+01
2.464537048339843750e+01
2.464531326293945312e+01
2.464525794982910156e+01
2.464520072937011719e+01
2.464514350891113281e+01
2.464509201049804688e+01
2.464504051208496094e+01
2.464498710632324219e+01
2.464493751525878906e+01
2.464488601684570312e+01
2.464484024047851562e+01
2.464479446411132812e+01
2.464474678039550781e+01
2.464470100402832031e+01
2.464465713500976562e+01
2.464461326599121094e+01
2.464456748962402344e+01
2.464452934265136719e+01
2.464448738098144531e+01
2.464444923400878906e+01
2.464440727233886719e+01
2.464436721801757812e+01
2.464432907104492188e+01
2.464428901672363281e+01
2.464425277709960938e+01
2.464421844482421875e+01
2.464417839050292969e+01
2.464414215087890625e+01
2.464410781860351562e+01
2.464407348632812500e+01
2.464403724670410156e+01
2.464400482177734375e+01
2.464397048950195312e+01
2.464393997192382812e+01
2.464390373229980469e+01
