2.073457479476928711e+00
2.038256168365478516e+00
2.005886077880859375e+00
1.977491736412048340e+00
1.952899932861328125e+00
1.932005405426025391e+00
1.913160085678100586e+00
1.895282864570617676e+00
1.881513237953186035e+00
1.865727424621582031e+00
1.844153165817260742e+00
1.804183721542358398e+00
1.762383699417114258e+00
1.720953822135925293e+00
1.681429386138916016e+00
1.645304679870605469e+00
1.613205194473266602e+00
1.584858775138854980e+00
1.560226440429687500e+00
1.538726210594177246e+00
1.521238803863525391e+00
1.505936622619628906e+00
1.492982029914855957e+00
1.483097553253173828e+00
1.475432515144348145e+00
1.469342708587646484e+00
1.464112162590026855e+00
1.461874842643737793e+00
1.463152170181274414e+00
1.458321809768676758e+00
1.456777572631835938e+00
1.455968379974365234e+00
1.455816626548767090e+00
1.456040740013122559e+00
1.456489086151123047e+00
1.456386208534240723e+00
1.455944657325744629e+00
1.455251336097717285e+00
1.454496026039123535e+00
1.453845143318176270e+00
1.453278899192810059e+00
1.452718496322631836e+00
1.452207088470458984e+00
1.451736092567443848e+00
1.451307773590087891e+00
1.450915813446044922e+00
1.450575351715087891e+00
1.450259685516357422e+00
1.449983835220336914e+00
1.449524760246276855e+00
1.449161529541015625e+00
1.448792338371276855e+00
1.448398351669311523e+00
1.448055386543273926e+00
1.447658181190490723e+00
1.447097182273864746e+00
1.446732997894287109e+00
1.446143388748168945e+00
1.439850449562072754e+00
1.441218614578247070e+00
1.437654495239257812e+00
1.432518601417541504e+00
1.430304169654846191e+00
1.430000901222229004e+00
1.425896883010864258e+00
1.424727916717529297e+00
1.424119710922241211e+00
1.421472668647766113e+00
1.420621514320373535e+00
1.420420050621032715e+00
1.417834401130676270e+00
1.417229890823364258e+00
1.417470216751098633e+00
1.415611267089843750e+00
1.414925217628479004e+00
1.414306998252868652e+00
1.412958025932312012e+00
1.412106871604919434e+00
1.411533117294311523e+00
1.411045670509338379e+00
1.410538315773010254e+00
1.410004734992980957e+00
1.409600734710693359e+00
1.409212112426757812e+00
1.408665060997009277e+00
1.408132076263427734e+00
1.407508492469787598e+00
1.406748533248901367e+00
1.405862092971801758e+00
1.404955148696899414e+00
1.404037952423095703e+00
1.403276443481445312e+00
1.402480483055114746e+00
1.401681780815124512e+00
1.401074171066284180e+00
1.400485992431640625e+00
1.400649666786193848e+00
1.399464011192321777e+00
1.406222820281982422e+00
1.415288448333740234e+00
1.406412482261657715e+00
1.398610830307006836e+00
1.401759624481201172e+00
1.398216247558593750e+00
1.396381974220275879e+00
1.397800803184509277e+00
1.399364113807678223e+00
1.394801735877990723e+00
1.395809888839721680e+00
1.396396160125732422e+00
1.395246148109436035e+00
1.396348953247070312e+00
1.396513223648071289e+00
1.396447658538818359e+00
1.397001385688781738e+00
1.398381948471069336e+00
1.397787690162658691e+00
1.397726893424987793e+00
1.397775650024414062e+00
1.399321198463439941e+00
1.397857666015625000e+00
1.397642016410827637e+00
1.397587656974792480e+00
1.398890733718872070e+00
1.397045850753784180e+00
1.396705389022827148e+00
1.396632194519042969e+00
1.396142482757568359e+00
1.395581603050231934e+00
1.395121812820434570e+00
1.394849658012390137e+00
1.394078969955444336e+00
1.393745183944702148e+00
1.393513917922973633e+00
1.393162369728088379e+00
1.392719388008117676e+00
1.393007874488830566e+00
1.393763542175292969e+00
1.392462849617004395e+00
1.393179297447204590e+00
1.397019505500793457e+00
1.393438458442687988e+00
1.395948171615600586e+00
1.398808479309082031e+00
1.395167589187622070e+00
1.397621989250183105e+00
1.407289505004882812e+00
1.398114442825317383e+00
1.407073140144348145e+00
1.402694344520568848e+00
1.407367229461669922e+00
1.406615853309631348e+00
1.434894323348999023e+00
1.398129940032958984e+00
1.471406936645507812e+00
1.399720907211303711e+00
1.416254043579101562e+00
1.405989050865173340e+00
1.401357769966125488e+00
1.402377367019653320e+00
1.404288530349731445e+00
1.399458646774291992e+00
1.424066901206970215e+00
1.393013954162597656e+00
1.391188502311706543e+00
1.389670252799987793e+00
1.388374924659729004e+00
1.386898517608642578e+00
1.385479331016540527e+00
1.384271979331970215e+00
1.383168697357177734e+00
1.382405757904052734e+00
1.382184863090515137e+00
1.381950139999389648e+00
1.381499409675598145e+00
1.381108760833740234e+00
1.381262660026550293e+00
1.381559252738952637e+00
1.381575226783752441e+00
1.381782650947570801e+00
1.382148504257202148e+00
1.382473111152648926e+00
1.382516384124755859e+00
1.382749199867248535e+00
1.382878780364990234e+00
1.382889747619628906e+00
1.382960438728332520e+00
1.382927179336547852e+00
1.383028030395507812e+00
1.382946372032165527e+00
1.382892370223999023e+00
1.382885456085205078e+00
1.382883191108703613e+00
1.382725715637207031e+00
1.382506132125854492e+00
1.382290720939636230e+00
1.382169842720031738e+00
1.382027506828308105e+00
1.381895780563354492e+00
1.381817340850830078e+00
1.381690502166748047e+00
1.381506800651550293e+00
1.381412506103515625e+00
1.381373286247253418e+00
1.381431698799133301e+00
1.381374716758728027e+00
1.381220698356628418e+00
1.381157040596008301e+00
1.381138205528259277e+00
1.381003260612487793e+00
1.380771517753601074e+00
1.380624055862426758e+00
1.380683660507202148e+00
1.380644440650939941e+00
1.380250453948974609e+00
1.380018472671508789e+00
1.379871010780334473e+00
1.379910945892333984e+00
1.379923939704895020e+00
1.379681110382080078e+00
1.379453063011169434e+00
1.379382729530334473e+00
1.379393100738525391e+00
1.379148006439208984e+00
1.379059791564941406e+00
1.378635406494140625e+00
1.378587484359741211e+00
1.377981305122375488e+00
1.377338171005249023e+00
1.376999855041503906e+00
1.376652121543884277e+00
1.376714587211608887e+00
1.376111388206481934e+00
1.376053094863891602e+00
1.375588297843933105e+00
1.375973701477050781e+00
1.375643372535705566e+00
1.376785635948181152e+00
1.376300692558288574e+00
1.376985311508178711e+00
1.376528024673461914e+00
1.376686215400695801e+00
1.375179171562194824e+00
1.373703598976135254e+00
1.373290657997131348e+00
1.373416066169738770e+00
1.373663425445556641e+00
1.373809099197387695e+00
1.373386859893798828e+00
1.372579216957092285e+00
1.372483730316162109e+00
1.371403455734252930e+00
1.370668411254882812e+00
1.370622873306274414e+00
1.371116399765014648e+00
1.370777845382690430e+00
1.372063279151916504e+00
1.373401403427124023e+00
1.375047206878662109e+00
1.377906084060668945e+00
1.378067493438720703e+00
1.369926929473876953e+00
1.368433117866516113e+00
1.371691584587097168e+00
1.370906710624694824e+00
1.368218064308166504e+00
1.367222666740417480e+00
1.367129325866699219e+00
1.368171095848083496e+00
1.369376301765441895e+00
1.369716644287109375e+00
1.370850920677185059e+00
1.372037529945373535e+00
1.368498682975769043e+00
1.366702795028686523e+00
1.365314245223999023e+00
1.365213513374328613e+00
1.365944504737854004e+00
1.366139054298400879e+00
1.368443846702575684e+00
1.370298981666564941e+00
1.375662207603454590e+00
1.379372954368591309e+00
1.371137261390686035e+00
1.364416480064392090e+00
1.366106629371643066e+00
1.372559070587158203e+00
1.366433620452880859e+00
1.363848328590393066e+00
1.367169737815856934e+00
1.370455861091613770e+00
1.364979982376098633e+00
1.363466501235961914e+00
1.362952709197998047e+00
1.364356517791748047e+00
1.363342285156250000e+00
1.361880421638488770e+00
1.358178615570068359e+00
1.347330212593078613e+00
1.322780370712280273e+00
