4.235724639892578125e+01
4.182627487182617188e+01
4.127939605712890625e+01
4.071804428100585938e+01
4.014318084716796875e+01
3.955627441406250000e+01
3.895891952514648438e+01
3.835290527343750000e+01
3.774021148681640625e+01
3.712303543090820312e+01
3.650379180908203125e+01
3.588519287109375000e+01
3.527037811279296875e+01
3.466275787353515625e+01
3.399875259399414062e+01
3.332192611694335938e+01
3.263799667358398438e+01
3.195995712280273438e+01
3.128373908996582031e+01
3.062872314453125000e+01
3.000611686706542969e+01
2.940842628479003906e+01
2.883369636535644531e+01
2.827248573303222656e+01
2.774127388000488281e+01
2.724973297119140625e+01
2.676046752929687500e+01
2.630127906799316406e+01
2.592003822326660156e+01
2.541809654235839844e+01
2.510157394409179688e+01
2.488739204406738281e+01
2.472069358825683594e+01
2.457444763183593750e+01
2.444387054443359375e+01
2.434015655517578125e+01
2.425368881225585938e+01
2.419924736022949219e+01
2.423917198181152344e+01
2.418165779113769531e+01
2.419685745239257812e+01
2.418960189819335938e+01
2.422287940979003906e+01
2.424422645568847656e+01
2.444917678833007812e+01
2.447299575805664062e+01
2.441419601440429688e+01
2.427246475219726562e+01
2.414198684692382812e+01
2.423971557617187500e+01
2.361800765991210938e+01
2.330151748657226562e+01
2.304658317565917969e+01
2.269454765319824219e+01
2.242940902709960938e+01
2.224526214599609375e+01
2.193956947326660156e+01
2.176529884338378906e+01
2.162884140014648438e+01
2.152266693115234375e+01
2.143213844299316406e+01
2.145559310913085938e+01
2.234938430786132812e+01
2.202904510498046875e+01
2.106648063659667969e+01
2.013039779663085938e+01
1.925914001464843750e+01
1.839383125305175781e+01
1.772807121276855469e+01
1.674478149414062500e+01
1.600033950805664062e+01
1.531307792663574219e+01
1.470812225341796875e+01
1.435943984985351562e+01
1.364518642425537109e+01
1.320911693572998047e+01
1.300103282928466797e+01
1.250001907348632812e+01
1.222101879119873047e+01
1.199226951599121094e+01
1.179876041412353516e+01
1.163466262817382812e+01
1.149829101562500000e+01
1.139401817321777344e+01
1.131311893463134766e+01
1.125438117980957031e+01
1.119352912902832031e+01
1.114236640930175781e+01
1.110653114318847656e+01
1.108389282226562500e+01
1.107236957550048828e+01
1.106556129455566406e+01
1.106203651428222656e+01
1.106224727630615234e+01
1.106536865234375000e+01
1.106896018981933594e+01
1.107009315490722656e+01
1.105848026275634766e+01
1.099750232696533203e+01
1.097823619842529297e+01
1.103107166290283203e+01
1.105896854400634766e+01
1.106962776184082031e+01
1.106916332244873047e+01
1.106052494049072266e+01
1.103862380981445312e+01
1.099437427520751953e+01
1.096564006805419922e+01
1.100030803680419922e+01
1.103901672363281250e+01
1.126727581024169922e+01
1.154044055938720703e+01
1.193154239654541016e+01
1.195724391937255859e+01
1.139135360717773438e+01
1.111603260040283203e+01
1.094116401672363281e+01
1.086511039733886719e+01
1.065727806091308594e+01
1.068385791778564453e+01
1.070386409759521484e+01
1.070608806610107422e+01
1.069116687774658203e+01
1.066136264801025391e+01
1.062181091308593750e+01
1.058122158050537109e+01
1.054516410827636719e+01
1.051170730590820312e+01
1.048177814483642578e+01
1.045880222320556641e+01
1.044189262390136719e+01
1.042650508880615234e+01
1.038731479644775391e+01
1.033521556854248047e+01
1.033812141418457031e+01
1.037593078613281250e+01
1.041289997100830078e+01
1.042677021026611328e+01
1.043099689483642578e+01
1.042929458618164062e+01
1.041681385040283203e+01
1.040597152709960938e+01
1.041538619995117188e+01
1.044304847717285156e+01
1.046221160888671875e+01
1.044835376739501953e+01
1.043164348602294922e+01
1.042147922515869141e+01
1.041844081878662109e+01
1.042084980010986328e+01
1.042356204986572266e+01
1.042211723327636719e+01
1.041991996765136719e+01
1.043042945861816406e+01
1.043130302429199219e+01
1.042106723785400391e+01
1.041824054718017578e+01
1.041748428344726562e+01
1.041854572296142578e+01
1.041958904266357422e+01
1.041907215118408203e+01
1.041841506958007812e+01
1.041779804229736328e+01
1.041712093353271484e+01
1.041763877868652344e+01
1.042110538482666016e+01
1.043709850311279297e+01
1.043836688995361328e+01
1.044418716430664062e+01
1.043215084075927734e+01
1.041787910461425781e+01
1.041458606719970703e+01
1.041629409790039062e+01
1.041849517822265625e+01
1.041900634765625000e+01
1.041759681701660156e+01
1.041579818725585938e+01
1.041532707214355469e+01
1.041632366180419922e+01
1.041851520538330078e+01
1.042279434204101562e+01
1.043110179901123047e+01
1.043596553802490234e+01
1.044723701477050781e+01
1.044995498657226562e+01
1.043281650543212891e+01
1.042402935028076172e+01
1.041947174072265625e+01
1.041631698608398438e+01
1.041468143463134766e+01
1.041362190246582031e+01
1.041403293609619141e+01
1.041703701019287109e+01
1.042116451263427734e+01
1.042460632324218750e+01
1.042765522003173828e+01
1.043033790588378906e+01
1.043200492858886719e+01
1.043291282653808594e+01
1.043338680267333984e+01
1.043328952789306641e+01
1.043274593353271484e+01
1.043211936950683594e+01
1.043146800994873047e+01
1.043075561523437500e+01
1.043010330200195312e+01
1.042980861663818359e+01
1.043105125427246094e+01
1.043482398986816406e+01
1.043744754791259766e+01
1.044050502777099609e+01
1.044523906707763672e+01
1.044355297088623047e+01
1.043562412261962891e+01
1.042979145050048828e+01
1.042777633666992188e+01
1.042802429199218750e+01
1.042891120910644531e+01
1.042960453033447266e+01
1.043011379241943359e+01
1.043087673187255859e+01
1.043228626251220703e+01
1.043433666229248047e+01
1.043657684326171875e+01
1.043839836120605469e+01
1.043940639495849609e+01
1.043960475921630859e+01
1.043928527832031250e+01
1.043882656097412109e+01
1.043849945068359375e+01
1.043836498260498047e+01
1.043830204010009766e+01
1.043818283081054688e+01
1.043801116943359375e+01
1.043790245056152344e+01
1.043798828125000000e+01
1.043834972381591797e+01
1.043897724151611328e+01
1.043978595733642578e+01
1.044068336486816406e+01
1.044170570373535156e+01
1.044348526000976562e+01
1.044558334350585938e+01
1.044710540771484375e+01
1.044840812683105469e+01
1.045069026947021484e+01
1.045420551300048828e+01
1.045627784729003906e+01
1.045785522460937500e+01
1.046008205413818359e+01
1.045880794525146484e+01
1.045637321472167969e+01
1.051990890502929688e+01
1.052889823913574219e+01
1.055795764923095703e+01
1.060116100311279297e+01
1.065191173553466797e+01
1.070548248291015625e+01
1.076312732696533203e+01
1.083652973175048828e+01
1.087969875335693359e+01
1.088688564300537109e+01
1.090186786651611328e+01
1.091361713409423828e+01
1.091460800170898438e+01
1.091187763214111328e+01
1.090765476226806641e+01
1.090233135223388672e+01
1.089535331726074219e+01
1.088274669647216797e+01
1.086795711517333984e+01
1.085677051544189453e+01
1.084897518157958984e+01
1.084082126617431641e+01
1.083101749420166016e+01
1.082311344146728516e+01
1.081839179992675781e+01
1.081437587738037109e+01
1.081032943725585938e+01
1.080806922912597656e+01
1.080750942230224609e+01
1.080711078643798828e+01
1.080700683593750000e+01
1.081529712677001953e+01
1.083428287506103516e+01
1.085953330993652344e+01
1.088337135314941406e+01
1.090239524841308594e+01
1.089729404449462891e+01
1.125723457336425781e+01
1.563239955902099609e+01
1.271730899810791016e+01
1.070288181304931641e+01
1.063075447082519531e+01
1.099950885772705078e+01
1.102179050445556641e+01
1.107612323760986328e+01
1.119106483459472656e+01
1.133334064483642578e+01
1.130803108215332031e+01
