4.500073623657226562e+01
4.450513076782226562e+01
4.399282455444335938e+01
4.344705963134765625e+01
4.282594299316406250e+01
4.216004562377929688e+01
4.145390319824218750e+01
4.070997619628906250e+01
3.993064498901367188e+01
3.911806488037109375e+01
3.827370834350585938e+01
3.739201354980468750e+01
3.646598052978515625e+01
3.551290130615234375e+01
3.440188598632812500e+01
3.325244522094726562e+01
3.183607864379882812e+01
3.008647727966308594e+01
2.862196731567382812e+01
2.724551200866699219e+01
2.603113365173339844e+01
2.511078071594238281e+01
2.438298034667968750e+01
2.379687118530273438e+01
2.332621383666992188e+01
2.295731925964355469e+01
2.267942619323730469e+01
2.247922515869140625e+01
2.234228515625000000e+01
2.225820922851562500e+01
2.221841621398925781e+01
2.221652603149414062e+01
2.224600219726562500e+01
2.337507247924804688e+01
2.237163543701171875e+01
2.256901168823242188e+01
2.253939819335937500e+01
2.253704643249511719e+01
2.275655746459960938e+01
2.244305419921875000e+01
2.219544410705566406e+01
2.205940246582031250e+01
2.204680824279785156e+01
2.237051963806152344e+01
2.171107864379882812e+01
2.141753768920898438e+01
2.123875999450683594e+01
2.111686706542968750e+01
2.103261566162109375e+01
2.101888275146484375e+01
2.112838172912597656e+01
2.125716018676757812e+01
2.121022605895996094e+01
2.108927536010742188e+01
2.075837135314941406e+01
2.015144157409667969e+01
1.953805923461914062e+01
1.916311264038085938e+01
1.882252693176269531e+01
1.836569786071777344e+01
1.787108421325683594e+01
1.741442871093750000e+01
1.704484748840332031e+01
1.675179672241210938e+01
1.656223487854003906e+01
1.652774238586425781e+01
1.661978149414062500e+01
1.636363410949707031e+01
1.616768455505371094e+01
1.610576248168945312e+01
1.615323066711425781e+01
1.623950195312500000e+01
1.606670570373535156e+01
1.597986412048339844e+01
1.603761672973632812e+01
1.611015319824218750e+01
1.600795173645019531e+01
1.593234348297119141e+01
1.599163627624511719e+01
1.602207374572753906e+01
1.594197654724121094e+01
1.589518070220947266e+01
1.592527389526367188e+01
1.589888095855712891e+01
1.590034389495849609e+01
1.592416763305664062e+01
1.584594535827636719e+01
1.582223606109619141e+01
1.580511760711669922e+01
1.576890087127685547e+01
1.580705165863037109e+01
1.577223110198974609e+01
1.577001571655273438e+01
1.574263763427734375e+01
1.570709323883056641e+01
1.570754146575927734e+01
1.567693519592285156e+01
1.570329093933105469e+01
1.566118049621582031e+01
1.568648529052734375e+01
1.565771675109863281e+01
1.566034698486328125e+01
1.564176082611083984e+01
1.564582061767578125e+01
1.561835193634033203e+01
1.563285827636718750e+01
1.563063049316406250e+01
1.564773368835449219e+01
1.561592102050781250e+01
1.563857555389404297e+01
1.558981132507324219e+01
1.558855724334716797e+01
1.554660511016845703e+01
1.558236789703369141e+01
1.554680728912353516e+01
1.558427047729492188e+01
1.548665714263916016e+01
1.557909870147705078e+01
1.551902961730957031e+01
1.556630325317382812e+01
1.550636291503906250e+01
1.555020904541015625e+01
1.545174407958984375e+01
1.542885017395019531e+01
1.537629699707031250e+01
1.537617778778076172e+01
1.534647655487060547e+01
1.543477153778076172e+01
1.534280872344970703e+01
1.540575599670410156e+01
1.533824729919433594e+01
1.534318256378173828e+01
1.527152824401855469e+01
1.552875709533691406e+01
1.536658668518066406e+01
1.537563991546630859e+01
1.532256889343261719e+01
1.537100410461425781e+01
1.537809371948242188e+01
1.540775871276855469e+01
1.570352363586425781e+01
1.546798515319824219e+01
1.543622779846191406e+01
1.546834564208984375e+01
1.536999797821044922e+01
1.538989639282226562e+01
1.532418918609619141e+01
1.661699867248535156e+01
1.531427764892578125e+01
1.533628654479980469e+01
1.539236640930175781e+01
1.529297065734863281e+01
1.527270412445068359e+01
1.523542404174804688e+01
1.522642421722412109e+01
1.524585342407226562e+01
1.520777893066406250e+01
1.524676322937011719e+01
1.517775630950927734e+01
1.514991950988769531e+01
1.521825885772705078e+01
1.515124225616455078e+01
1.509733867645263672e+01
1.563005542755126953e+01
1.517753124237060547e+01
1.515940189361572266e+01
1.514822387695312500e+01
1.514220905303955078e+01
1.513733005523681641e+01
1.514510154724121094e+01
1.515619277954101562e+01
1.517168045043945312e+01
1.517505359649658203e+01
1.583859729766845703e+01
1.519198513031005859e+01
1.521880054473876953e+01
1.526793766021728516e+01
1.528565311431884766e+01
1.528386878967285156e+01
1.529477977752685547e+01
1.566857051849365234e+01
1.545766067504882812e+01
1.536304092407226562e+01
1.533885860443115234e+01
1.518242073059082031e+01
1.532413101196289062e+01
1.522210788726806641e+01
1.505245494842529297e+01
1.522520828247070312e+01
1.538710021972656250e+01
1.572656536102294922e+01
1.554354953765869141e+01
1.553610134124755859e+01
1.547113323211669922e+01
1.695660972595214844e+01
1.547410392761230469e+01
1.545247173309326172e+01
1.543660163879394531e+01
1.542700386047363281e+01
1.542508506774902344e+01
1.543161392211914062e+01
1.544836139678955078e+01
1.575112438201904297e+01
1.645300292968750000e+01
1.545720100402832031e+01
1.543122386932373047e+01
1.540987014770507812e+01
1.537924957275390625e+01
1.535277366638183594e+01
1.540491771697998047e+01
1.541619205474853516e+01
1.540087795257568359e+01
1.540121936798095703e+01
1.582798004150390625e+01
1.534354496002197266e+01
1.534602069854736328e+01
1.532960796356201172e+01
1.528815174102783203e+01
1.538850975036621094e+01
1.520272922515869141e+01
1.518748188018798828e+01
1.516586208343505859e+01
1.513937091827392578e+01
1.535477542877197266e+01
1.507759857177734375e+01
1.505007171630859375e+01
1.493960380554199219e+01
1.551688194274902344e+01
1.495045185089111328e+01
1.503729248046875000e+01
1.496431732177734375e+01
1.506265258789062500e+01
1.498767280578613281e+01
1.495576381683349609e+01
1.491160297393798828e+01
1.491148567199707031e+01
1.512258815765380859e+01
1.500579833984375000e+01
1.503945732116699219e+01
1.504875469207763672e+01
1.496270465850830078e+01
1.565401649475097656e+01
1.499578952789306641e+01
1.500344371795654297e+01
1.486366653442382812e+01
1.541530704498291016e+01
1.490200996398925781e+01
1.493397235870361328e+01
1.491003131866455078e+01
1.509338951110839844e+01
1.500000858306884766e+01
1.486769008636474609e+01
1.478621673583984375e+01
1.484381389617919922e+01
1.478390693664550781e+01
1.477701854705810547e+01
1.476795005798339844e+01
1.476517200469970703e+01
1.477558517456054688e+01
1.476495170593261719e+01
1.480187511444091797e+01
1.477403259277343750e+01
1.476091670989990234e+01
1.479979228973388672e+01
1.476291656494140625e+01
1.474731731414794922e+01
1.479849243164062500e+01
1.473989868164062500e+01
1.472629261016845703e+01
1.477702617645263672e+01
1.474669075012207031e+01
1.471626472473144531e+01
1.482586479187011719e+01
1.477783012390136719e+01
1.475306034088134766e+01
1.483232116699218750e+01
1.471933174133300781e+01
1.472909259796142578e+01
1.481230163574218750e+01
1.476832294464111328e+01
1.473506450653076172e+01
1.481063079833984375e+01
1.473531913757324219e+01
1.474444580078125000e+01
1.475843143463134766e+01
1.472185420989990234e+01
1.471788597106933594e+01
1.475874233245849609e+01
1.472789669036865234e+01
1.471883296966552734e+01
1.476365375518798828e+01
1.472789669036865234e+01
1.471844577789306641e+01
1.475067901611328125e+01
1.471518421173095703e+01
1.471584129333496094e+01
1.473746871948242188e+01
1.471831703186035156e+01
1.471222400665283203e+01
1.475042057037353516e+01
