1.874342727661132812e+01
1.830134773254394531e+01
1.786564254760742188e+01
1.741426277160644531e+01
1.694630813598632812e+01
1.646516799926757812e+01
1.598835754394531250e+01
1.551618099212646484e+01
1.505498790740966797e+01
1.462034034729003906e+01
1.421070003509521484e+01
1.384287071228027344e+01
1.351835632324218750e+01
1.323717498779296875e+01
1.299843978881835938e+01
1.279975414276123047e+01
1.263736724853515625e+01
1.250705432891845703e+01
1.240472888946533203e+01
1.232682323455810547e+01
1.227030086517333984e+01
1.223243045806884766e+01
1.221052837371826172e+01
1.220182704925537109e+01
1.220347976684570312e+01
1.221269512176513672e+01
1.222689533233642578e+01
1.224382400512695312e+01
1.226156997680664062e+01
1.227846145629882812e+01
1.229308700561523438e+01
1.230431747436523438e+01
1.231141090393066406e+01
1.231430625915527344e+01
1.231365585327148438e+01
1.231200313568115234e+01
1.230927658081054688e+01
1.230430126190185547e+01
1.229784679412841797e+01
1.229040622711181641e+01
1.228237724304199219e+01
1.227411365509033203e+01
1.226594352722167969e+01
1.225815773010253906e+01
1.225184059143066406e+01
1.224615669250488281e+01
1.224073791503906250e+01
1.222916793823242188e+01
1.221403694152832031e+01
1.220626068115234375e+01
1.217499732971191406e+01
1.215293979644775391e+01
1.213405323028564453e+01
1.211042308807373047e+01
1.208768844604492188e+01
1.206969451904296875e+01
1.206847095489501953e+01
1.205541229248046875e+01
1.203935050964355469e+01
1.200800895690917969e+01
1.196957302093505859e+01
1.192696857452392578e+01
1.188915634155273438e+01
1.184466075897216797e+01
1.181082248687744141e+01
1.178257465362548828e+01
1.176171493530273438e+01
1.174203109741210938e+01
1.167097473144531250e+01
1.151569938659667969e+01
1.125670814514160156e+01
1.097471427917480469e+01
1.070022106170654297e+01
1.045432567596435547e+01
1.025217723846435547e+01
1.011040019989013672e+01
1.001787757873535156e+01
9.970211029052734375e+00
9.956116676330566406e+00
9.957122802734375000e+00
9.971113204956054688e+00
9.983328819274902344e+00
9.985346794128417969e+00
9.975120544433593750e+00
9.954324722290039062e+00
9.925515174865722656e+00
9.890686988830566406e+00
9.852938652038574219e+00
9.814600944519042969e+00
9.777460098266601562e+00
9.741669654846191406e+00
9.707896232604980469e+00
9.675579071044921875e+00
9.624086380004882812e+00
9.568396568298339844e+00
9.534792900085449219e+00
9.513120651245117188e+00
9.495172500610351562e+00
9.477669715881347656e+00
9.460146903991699219e+00
9.442107200622558594e+00
9.424882888793945312e+00
9.407895088195800781e+00
9.395271301269531250e+00
9.385679244995117188e+00
9.378808021545410156e+00
9.371801376342773438e+00
9.366788864135742188e+00
9.362400054931640625e+00
9.357524871826171875e+00
9.351990699768066406e+00
9.346414566040039062e+00
9.341381072998046875e+00
9.336760520935058594e+00
9.332353591918945312e+00
9.327649116516113281e+00
9.322875022888183594e+00
9.317350387573242188e+00
9.313320159912109375e+00
9.310812950134277344e+00
9.309045791625976562e+00
9.307154655456542969e+00
9.305296897888183594e+00
9.303536415100097656e+00
9.301762580871582031e+00
9.299886703491210938e+00
9.297890663146972656e+00
9.295731544494628906e+00
9.293430328369140625e+00
9.291171073913574219e+00
9.289050102233886719e+00
9.286997795104980469e+00
9.284956932067871094e+00
9.282909393310546875e+00
9.280815124511718750e+00
9.278624534606933594e+00
9.276163101196289062e+00
9.273311614990234375e+00
9.270309448242187500e+00
9.267339706420898438e+00
9.264412879943847656e+00
9.261527061462402344e+00
9.258512496948242188e+00
9.255411148071289062e+00
9.252356529235839844e+00
9.249223709106445312e+00
9.245239257812500000e+00
9.238780021667480469e+00
9.236658096313476562e+00
9.232108116149902344e+00
9.231032371520996094e+00
9.229489326477050781e+00
9.225345611572265625e+00
9.227390289306640625e+00
9.219563484191894531e+00
9.223388671875000000e+00
9.223237037658691406e+00
9.221360206604003906e+00
9.220088005065917969e+00
9.219112396240234375e+00
9.217761039733886719e+00
9.215689659118652344e+00
9.209488868713378906e+00
9.211562156677246094e+00
9.214130401611328125e+00
9.214141845703125000e+00
9.216416358947753906e+00
9.212911605834960938e+00
9.210778236389160156e+00
9.208151817321777344e+00
9.205185890197753906e+00
9.202113151550292969e+00
9.198974609375000000e+00
9.195479393005371094e+00
9.191836357116699219e+00
9.188167572021484375e+00
9.184376716613769531e+00
9.180643081665039062e+00
9.177008628845214844e+00
9.173460960388183594e+00
9.169983863830566406e+00
9.166502952575683594e+00
9.163071632385253906e+00
9.159626960754394531e+00
9.156145095825195312e+00
9.152583122253417969e+00
9.148903846740722656e+00
9.148597717285156250e+00
9.144811630249023438e+00
9.141510963439941406e+00
9.139395713806152344e+00
9.139582633972167969e+00
9.148224830627441406e+00
9.151287078857421875e+00
9.147548675537109375e+00
9.145532608032226562e+00
9.144535064697265625e+00
9.438342094421386719e+00
9.137639999389648438e+00
9.148260116577148438e+00
9.153443336486816406e+00
9.151115417480468750e+00
9.145031929016113281e+00
9.141361236572265625e+00
9.141936302185058594e+00
9.142510414123535156e+00
9.139798164367675781e+00
9.136264801025390625e+00
9.134093284606933594e+00
9.132501602172851562e+00
9.130824089050292969e+00
9.128959655761718750e+00
9.127255439758300781e+00
9.125605583190917969e+00
9.124097824096679688e+00
9.122621536254882812e+00
9.120946884155273438e+00
9.119203567504882812e+00
9.117804527282714844e+00
9.116666793823242188e+00
9.115371704101562500e+00
9.113780975341796875e+00
9.112062454223632812e+00
9.110445976257324219e+00
9.108992576599121094e+00
9.107613563537597656e+00
9.106228828430175781e+00
9.104908943176269531e+00
9.103740692138671875e+00
9.102654457092285156e+00
9.101568222045898438e+00
9.100531578063964844e+00
9.099613189697265625e+00
9.098786354064941406e+00
9.097990989685058594e+00
9.097239494323730469e+00
9.096553802490234375e+00
9.095876693725585938e+00
9.095171928405761719e+00
9.094444274902343750e+00
9.093726158142089844e+00
9.093021392822265625e+00
9.092340469360351562e+00
9.091678619384765625e+00
9.092577934265136719e+00
9.091034889221191406e+00
9.090826034545898438e+00
9.090536117553710938e+00
9.090128898620605469e+00
9.089585304260253906e+00
9.088940620422363281e+00
9.088274002075195312e+00
9.087656021118164062e+00
9.087120056152343750e+00
9.086673736572265625e+00
9.086297035217285156e+00
9.085997581481933594e+00
9.085775375366210938e+00
9.085713386535644531e+00
9.085611343383789062e+00
9.084820747375488281e+00
9.103599548339843750e+00
9.085246086120605469e+00
9.085962295532226562e+00
9.086328506469726562e+00
9.086190223693847656e+00
9.086072921752929688e+00
9.085947990417480469e+00
9.085490226745605469e+00
9.084821701049804688e+00
9.084097862243652344e+00
9.083374977111816406e+00
9.082785606384277344e+00
9.082269668579101562e+00
9.081671714782714844e+00
9.081051826477050781e+00
9.080535888671875000e+00
9.080152511596679688e+00
9.079836845397949219e+00
9.078961372375488281e+00
9.095642089843750000e+00
9.080295562744140625e+00
9.081686019897460938e+00
9.082063674926757812e+00
9.081736564636230469e+00
9.081339836120605469e+00
9.080751419067382812e+00
9.080037117004394531e+00
9.079621315002441406e+00
9.079472541809082031e+00
9.079356193542480469e+00
9.079215049743652344e+00
9.079154014587402344e+00
9.079174995422363281e+00
9.079166412353515625e+00
9.079050064086914062e+00
9.078845024108886719e+00
9.078615188598632812e+00
9.078375816345214844e+00
9.078131675720214844e+00
