4.700957489013671875e+01
4.610874176025390625e+01
4.516629791259765625e+01
4.409619140625000000e+01
4.286975097656250000e+01
4.167578125000000000e+01
4.045499801635742188e+01
3.908023834228515625e+01
3.759598541259765625e+01
3.624379348754882812e+01
3.492452239990234375e+01
3.359349060058593750e+01
3.229888534545898438e+01
3.109070396423339844e+01
2.995005607604980469e+01
2.888804435729980469e+01
2.792131423950195312e+01
2.706515884399414062e+01
2.632656097412109375e+01
2.570310020446777344e+01
2.518951797485351562e+01
2.477099990844726562e+01
2.443769836425781250e+01
2.417733192443847656e+01
2.397919845581054688e+01
2.383502960205078125e+01
2.373678970336914062e+01
2.367698097229003906e+01
2.364955902099609375e+01
2.364684677124023438e+01
2.366324996948242188e+01
2.369375801086425781e+01
2.373433876037597656e+01
2.378126335144042969e+01
2.383135795593261719e+01
2.388202095031738281e+01
2.393117332458496094e+01
2.397724914550781250e+01
2.401924705505371094e+01
2.405674934387207031e+01
2.408993911743164062e+01
2.411941909790039062e+01
2.414554214477539062e+01
2.416781044006347656e+01
2.418614387512207031e+01
2.420640945434570312e+01
2.424497795104980469e+01
2.431151008605957031e+01
2.427244186401367188e+01
2.416956520080566406e+01
2.408811187744140625e+01
2.402698135375976562e+01
2.398348808288574219e+01
2.395421600341796875e+01
2.393377113342285156e+01
2.391771507263183594e+01
2.390233802795410156e+01
2.388429450988769531e+01
2.386312484741210938e+01
2.384178924560546875e+01
2.382348632812500000e+01
2.380983543395996094e+01
2.380121803283691406e+01
2.379736518859863281e+01
2.379766654968261719e+01
2.380128479003906250e+01
2.380723190307617188e+01
2.381449508666992188e+01
2.382209587097167969e+01
2.382921600341796875e+01
2.383523178100585938e+01
2.383982086181640625e+01
2.384295463562011719e+01
2.384482383728027344e+01
2.384572982788085938e+01
2.384600067138671875e+01
2.384592247009277344e+01
2.384569358825683594e+01
2.384543800354003906e+01
2.384520530700683594e+01
2.384498405456542969e+01
2.384472084045410156e+01
2.384434318542480469e+01
2.384378433227539062e+01
2.384298324584960938e+01
2.384192085266113281e+01
2.384059906005859375e+01
2.383906364440917969e+01
2.383737754821777344e+01
2.383561325073242188e+01
2.383385086059570312e+01
2.383215332031250000e+01
2.383057975769042969e+01
2.382914924621582031e+01
2.382787704467773438e+01
2.382675170898437500e+01
2.382575798034667969e+01
2.382487106323242188e+01
2.382405090332031250e+01
2.382326507568359375e+01
2.382248687744140625e+01
2.382168960571289062e+01
2.382087326049804688e+01
2.382003593444824219e+01
2.381917572021484375e+01
2.381830406188964844e+01
2.381742286682128906e+01
2.381653594970703125e+01
2.381565093994140625e+01
2.381476974487304688e+01
2.381389236450195312e+01
2.381302452087402344e+01
2.381216621398925781e+01
2.381131362915039062e+01
2.381045341491699219e+01
2.380958366394042969e+01
2.380871009826660156e+01
2.380782890319824219e+01
2.380694389343261719e+01
2.380604553222656250e+01
2.380513954162597656e+01
2.380422592163085938e+01
2.380330657958984375e+01
2.380238914489746094e+01
2.380147743225097656e+01
2.380057144165039062e+01
2.379966545104980469e+01
2.379877471923828125e+01
2.379788208007812500e+01
2.379695892333984375e+01
2.379602241516113281e+01
2.379510688781738281e+01
2.379422950744628906e+01
2.379335021972656250e+01
2.379244804382324219e+01
2.379151916503906250e+01
2.379056167602539062e+01
2.378958129882812500e+01
2.378858947753906250e+01
2.378759956359863281e+01
2.378660964965820312e+01
2.378563117980957031e+01
2.378468513488769531e+01
2.378365135192871094e+01
2.378241920471191406e+01
2.378123092651367188e+01
2.377847862243652344e+01
2.377691459655761719e+01
2.377543830871582031e+01
2.377354812622070312e+01
2.377038192749023438e+01
2.376608085632324219e+01
2.376160240173339844e+01
2.375657844543457031e+01
2.374928092956542969e+01
2.373753547668457031e+01
2.371807670593261719e+01
2.368480110168457031e+01
2.361582183837890625e+01
2.342144775390625000e+01
2.293636703491210938e+01
2.280462074279785156e+01
2.283558845520019531e+01
2.281560707092285156e+01
2.261625480651855469e+01
2.217844009399414062e+01
2.181741714477539062e+01
2.171011161804199219e+01
2.163298797607421875e+01
2.158792114257812500e+01
2.163518714904785156e+01
2.153647804260253906e+01
2.104527664184570312e+01
2.089982223510742188e+01
2.087674903869628906e+01
2.085382080078125000e+01
2.082708930969238281e+01
2.080036354064941406e+01
2.077812004089355469e+01
2.075755500793457031e+01
2.073699760437011719e+01
2.071372985839843750e+01
2.074353027343750000e+01
2.067665290832519531e+01
2.066883659362792969e+01
2.066670036315917969e+01
2.065863037109375000e+01
2.065548896789550781e+01
2.064633369445800781e+01
2.063310623168945312e+01
2.061614418029785156e+01
2.060300636291503906e+01
2.059092140197753906e+01
2.058054161071777344e+01
2.056910133361816406e+01
2.055785369873046875e+01
2.054649353027343750e+01
2.053494834899902344e+01
2.052548408508300781e+01
2.051177978515625000e+01
2.050591659545898438e+01
2.048868942260742188e+01
2.049833106994628906e+01
2.049920845031738281e+01
2.048232078552246094e+01
2.048532867431640625e+01
2.048646926879882812e+01
2.056441688537597656e+01
2.052250480651855469e+01
2.047214126586914062e+01
2.046180534362792969e+01
2.045201873779296875e+01
2.044624710083007812e+01
2.044648361206054688e+01
2.044817733764648438e+01
2.044885253906250000e+01
2.044765090942382812e+01
2.044991493225097656e+01
2.044400596618652344e+01
2.043605613708496094e+01
2.043292236328125000e+01
2.043338012695312500e+01
2.042802429199218750e+01
2.042031860351562500e+01
2.041639709472656250e+01
2.041922378540039062e+01
2.041728401184082031e+01
2.041029548645019531e+01
2.040915679931640625e+01
2.040886306762695312e+01
2.040045928955078125e+01
2.039883041381835938e+01
2.040020561218261719e+01
2.039599990844726562e+01
2.039243125915527344e+01
2.038802146911621094e+01
2.039513587951660156e+01
2.039194869995117188e+01
2.038634872436523438e+01
2.038860702514648438e+01
2.038011932373046875e+01
2.038342857360839844e+01
2.039505958557128906e+01
2.037555503845214844e+01
2.037936019897460938e+01
2.038620376586914062e+01
2.037297439575195312e+01
2.037520408630371094e+01
2.039834785461425781e+01
2.037395095825195312e+01
2.037047195434570312e+01
2.037615776062011719e+01
2.037546348571777344e+01
2.036887741088867188e+01
2.037058258056640625e+01
2.037537956237792969e+01
2.036551856994628906e+01
2.036589431762695312e+01
2.037075805664062500e+01
2.036395835876464844e+01
2.035929489135742188e+01
2.036058616638183594e+01
2.036063957214355469e+01
2.035767364501953125e+01
2.035936164855957031e+01
2.035749053955078125e+01
2.035596084594726562e+01
2.035694694519042969e+01
2.035422515869140625e+01
2.035427474975585938e+01
2.035464286804199219e+01
2.034971237182617188e+01
2.035406303405761719e+01
2.035367012023925781e+01
2.034539794921875000e+01
2.034800148010253906e+01
2.035785484313964844e+01
2.034113693237304688e+01
2.034192085266113281e+01
2.035690116882324219e+01
2.034131050109863281e+01
2.034041213989257812e+01
2.034368324279785156e+01
2.033993911743164062e+01
2.033991432189941406e+01
2.034314918518066406e+01
2.033917808532714844e+01
2.033925247192382812e+01
2.034139251708984375e+01
2.033823585510253906e+01
2.034135818481445312e+01
2.034115219116210938e+01
2.033515739440917969e+01
2.033591461181640625e+01
2.033268737792968750e+01
2.033255958557128906e+01
2.033234214782714844e+01
2.032908248901367188e+01
2.032954406738281250e+01
2.032867622375488281e+01
