3.095123672485351562e+01
3.034695625305175781e+01
2.968631553649902344e+01
2.893866539001464844e+01
2.814796829223632812e+01
2.732153129577636719e+01
2.646612358093261719e+01
2.558616256713867188e+01
2.468663215637207031e+01
2.377383422851562500e+01
2.285523414611816406e+01
2.193926620483398438e+01
2.103523063659667969e+01
2.015314483642578125e+01
1.930355262756347656e+01
1.849726295471191406e+01
1.774499320983886719e+01
1.705690574645996094e+01
1.644207954406738281e+01
1.590788269042968750e+01
1.545932388305664062e+01
1.509841632843017578e+01
1.482366180419921875e+01
1.462977313995361328e+01
1.450773811340332031e+01
1.444537544250488281e+01
1.442834091186523438e+01
1.444154167175292969e+01
1.447070884704589844e+01
1.450382041931152344e+01
1.453209209442138672e+01
1.455034065246582031e+01
1.455673980712890625e+01
1.455209064483642578e+01
1.453887557983398438e+01
1.452030754089355469e+01
1.449955654144287109e+01
1.447922611236572266e+01
1.446110916137695312e+01
1.444616508483886719e+01
1.443464469909667969e+01
1.442627906799316406e+01
1.442050743103027344e+01
1.441666126251220703e+01
1.441411113739013672e+01
1.441234111785888672e+01
1.441099834442138672e+01
1.440987968444824219e+01
1.440890693664550781e+01
1.440808868408203125e+01
1.440746879577636719e+01
1.440710163116455078e+01
1.440701770782470703e+01
1.440722179412841797e+01
1.440767192840576172e+01
1.440830707550048828e+01
1.440904617309570312e+01
1.440980625152587891e+01
1.441050910949707031e+01
1.441109657287597656e+01
1.441153621673583984e+01
1.441181468963623047e+01
1.441193485260009766e+01
1.441192150115966797e+01
1.441180133819580078e+01
1.441160964965820312e+01
1.441137886047363281e+01
1.441113758087158203e+01
1.441090488433837891e+01
1.441070079803466797e+01
1.441053104400634766e+01
1.441040515899658203e+01
1.441032314300537109e+01
1.441028118133544922e+01
1.441027736663818359e+01
1.441030406951904297e+01
1.441035652160644531e+01
1.441042900085449219e+01
1.441051197052001953e+01
1.441060161590576172e+01
1.441069126129150391e+01
1.441077232360839844e+01
1.441084480285644531e+01
1.441090297698974609e+01
1.441094493865966797e+01
1.441097068786621094e+01
1.441098022460937500e+01
1.441097640991210938e+01
1.441095829010009766e+01
1.441093254089355469e+01
1.441090011596679688e+01
1.441086387634277344e+01
1.441082572937011719e+01
1.441079044342041016e+01
1.441075897216796875e+01
1.441073322296142578e+01
1.441071414947509766e+01
1.441069793701171875e+01
1.441069221496582031e+01
1.441069126129150391e+01
1.441069316864013672e+01
1.441070270538330078e+01
1.441071414947509766e+01
1.441072654724121094e+01
1.441074180603027344e+01
1.441075611114501953e+01
1.441077041625976562e+01
1.441078281402587891e+01
1.441079330444335938e+01
1.441080188751220703e+01
1.441080951690673828e+01
1.441081523895263672e+01
1.441081809997558594e+01
1.441081905364990234e+01
1.441081905364990234e+01
1.441081809997558594e+01
1.441081809997558594e+01
1.441081619262695312e+01
1.441081333160400391e+01
1.441081237792968750e+01
1.441081237792968750e+01
1.441081237792968750e+01
1.441081237792968750e+01
1.441081333160400391e+01
1.441081523895263672e+01
1.441081523895263672e+01
1.441081809997558594e+01
1.441082096099853516e+01
1.441082286834716797e+01
1.441082477569580078e+01
1.441082763671875000e+01
1.441083049774169922e+01
1.441083145141601562e+01
1.441083431243896484e+01
1.441083526611328125e+01
1.441083717346191406e+01
1.441084003448486328e+01
1.441084289550781250e+01
1.441084289550781250e+01
1.441084384918212891e+01
1.441084480285644531e+01
1.441084671020507812e+01
1.441084766387939453e+01
1.441085052490234375e+01
1.441085243225097656e+01
1.441085338592529297e+01
1.441085433959960938e+01
1.441085624694824219e+01
1.441085910797119141e+01
1.441085910797119141e+01
1.441086196899414062e+01
1.441086292266845703e+01
1.441086387634277344e+01
1.441086673736572266e+01
1.441086673736572266e+01
1.441086959838867188e+01
1.441086959838867188e+01
1.441087245941162109e+01
1.441087341308593750e+01
1.441087532043457031e+01
1.441087532043457031e+01
1.441087818145751953e+01
1.441087913513183594e+01
1.441088104248046875e+01
1.441088294982910156e+01
1.441088294982910156e+01
1.441088485717773438e+01
1.441088581085205078e+01
1.441088771820068359e+01
1.441088867187500000e+01
1.441089153289794922e+01
1.441089344024658203e+01
1.441089439392089844e+01
1.441089534759521484e+01
1.441089534759521484e+01
1.441089820861816406e+01
1.441090011596679688e+01
1.441090106964111328e+01
1.441090297698974609e+01
1.441090393066406250e+01
1.441090488433837891e+01
1.441090679168701172e+01
1.441090774536132812e+01
1.441090965270996094e+01
1.441091060638427734e+01
1.441091251373291016e+01
1.441091346740722656e+01
1.441091442108154297e+01
1.441091632843017578e+01
1.441091632843017578e+01
1.441091728210449219e+01
1.441091918945312500e+01
1.441092205047607422e+01
1.441092205047607422e+01
1.441092300415039062e+01
1.441092395782470703e+01
1.441092681884765625e+01
1.441092681884765625e+01
1.441092967987060547e+01
1.441092967987060547e+01
1.441092967987060547e+01
1.441093254089355469e+01
1.441093349456787109e+01
1.441093540191650391e+01
1.441093540191650391e+01
1.441093826293945312e+01
1.441093826293945312e+01
1.441094112396240234e+01
1.441094112396240234e+01
1.441094398498535156e+01
1.441094398498535156e+01
1.441094493865966797e+01
1.441094589233398438e+01
1.441094779968261719e+01
1.441094875335693359e+01
1.441094875335693359e+01
1.441095066070556641e+01
1.441095161437988281e+01
1.441095352172851562e+01
1.441095447540283203e+01
1.441095542907714844e+01
1.441095733642578125e+01
1.441095829010009766e+01
1.441095829010009766e+01
1.441096019744873047e+01
1.441096115112304688e+01
1.441096305847167969e+01
1.441096401214599609e+01
1.441096496582031250e+01
1.441096687316894531e+01
1.441096782684326172e+01
1.441096782684326172e+01
1.441096973419189453e+01
1.441097068786621094e+01
1.441097259521484375e+01
1.441097354888916016e+01
1.441097354888916016e+01
1.441097450256347656e+01
1.441097640991210938e+01
1.441097736358642578e+01
1.441097927093505859e+01
1.441097927093505859e+01
1.441098213195800781e+01
1.441098213195800781e+01
1.441098308563232422e+01
1.441098403930664062e+01
1.441098403930664062e+01
1.441098690032958984e+01
1.441098690032958984e+01
1.441098976135253906e+01
1.441098976135253906e+01
1.441098976135253906e+01
1.441099262237548828e+01
1.441099262237548828e+01
1.441099548339843750e+01
1.441099548339843750e+01
1.441099548339843750e+01
1.441099834442138672e+01
1.441099834442138672e+01
1.441099834442138672e+01
1.441100120544433594e+01
1.441100120544433594e+01
1.441100215911865234e+01
1.441100406646728516e+01
1.441100406646728516e+01
1.441100597381591797e+01
1.441100597381591797e+01
1.441100597381591797e+01
1.441100883483886719e+01
1.441100883483886719e+01
1.441101074218750000e+01
1.441101169586181641e+01
1.441101169586181641e+01
1.441101455688476562e+01
1.441101455688476562e+01
1.441101551055908203e+01
1.441101551055908203e+01
1.441101741790771484e+01
1.441101837158203125e+01
1.441101837158203125e+01
1.441102027893066406e+01
1.441102123260498047e+01
1.441102313995361328e+01
1.441102409362792969e+01
1.441102409362792969e+01
1.441102695465087891e+01
1.441102695465087891e+01
1.441102790832519531e+01
1.441102790832519531e+01
1.441102981567382812e+01
1.441102981567382812e+01
1.441103267669677734e+01
1.441103267669677734e+01
1.441103363037109375e+01
1.441103458404541016e+01
1.441103649139404297e+01
1.441103649139404297e+01
1.441103744506835938e+01
1.441103935241699219e+01
1.441103935241699219e+01
