3.221930980682373047e+00
3.140896558761596680e+00
3.065267086029052734e+00
2.983973979949951172e+00
2.912224292755126953e+00
2.848651885986328125e+00
2.802789211273193359e+00
2.768067121505737305e+00
2.737689018249511719e+00
2.714408159255981445e+00
2.698443889617919922e+00
2.686176776885986328e+00
2.676797866821289062e+00
2.671718597412109375e+00
2.669963359832763672e+00
2.670233726501464844e+00
2.672076702117919922e+00
2.674839258193969727e+00
2.675600528717041016e+00
2.673785686492919922e+00
2.672235727310180664e+00
2.671147823333740234e+00
2.670873641967773438e+00
2.671539068222045898e+00
2.673393249511718750e+00
2.675925493240356445e+00
2.677027940750122070e+00
2.676971912384033203e+00
2.677667856216430664e+00
2.679341793060302734e+00
2.680787801742553711e+00
2.680925130844116211e+00
2.681161165237426758e+00
2.682469606399536133e+00
2.683830022811889648e+00
2.683267354965209961e+00
2.682034254074096680e+00
2.681863307952880859e+00
2.682991266250610352e+00
2.684210777282714844e+00
2.684065580368041992e+00
2.684071540832519531e+00
2.684141635894775391e+00
2.683089733123779297e+00
2.682745933532714844e+00
2.684341669082641602e+00
2.686698913574218750e+00
2.684593200683593750e+00
2.681202173233032227e+00
2.679929971694946289e+00
2.680916547775268555e+00
2.683306694030761719e+00
2.684079885482788086e+00
2.682649612426757812e+00
2.681305646896362305e+00
2.681678771972656250e+00
2.684800148010253906e+00
2.690080881118774414e+00
2.686322927474975586e+00
2.682463407516479492e+00
2.681693553924560547e+00
2.683235406875610352e+00
2.686785936355590820e+00
2.687361001968383789e+00
2.684421777725219727e+00
2.682456731796264648e+00
2.682393550872802734e+00
2.685419082641601562e+00
2.691196680068969727e+00
2.686482429504394531e+00
2.682738542556762695e+00
2.682319164276123047e+00
2.684572935104370117e+00
2.690239906311035156e+00
2.688940763473510742e+00
2.684172868728637695e+00
2.683135986328125000e+00
2.683951139450073242e+00
2.684897422790527344e+00
2.685240507125854492e+00
2.684809923171997070e+00
2.684264421463012695e+00
2.684047698974609375e+00
2.684248208999633789e+00
2.684753179550170898e+00
2.685378789901733398e+00
2.685880422592163086e+00
2.686035156250000000e+00
2.685244321823120117e+00
2.684457778930664062e+00
2.684461593627929688e+00
2.685218334197998047e+00
2.685642004013061523e+00
2.684705018997192383e+00
2.684165716171264648e+00
2.684694051742553711e+00
2.685383081436157227e+00
2.684947013854980469e+00
2.684574127197265625e+00
2.684231996536254883e+00
2.683960437774658203e+00
2.683703899383544922e+00
2.682821035385131836e+00
2.682122230529785156e+00
2.681867837905883789e+00
2.681968688964843750e+00
2.681991815567016602e+00
2.681554794311523438e+00
2.681660652160644531e+00
2.682137489318847656e+00
2.682128906250000000e+00
2.681890964508056641e+00
2.684350490570068359e+00
2.691893577575683594e+00
2.686190605163574219e+00
2.681730031967163086e+00
2.681731462478637695e+00
2.684887886047363281e+00
2.686817884445190430e+00
2.683893442153930664e+00
2.681608438491821289e+00
2.682543754577636719e+00
2.688233137130737305e+00
2.687072753906250000e+00
2.682180643081665039e+00
2.681910991668701172e+00
2.684490442276000977e+00
2.684273004531860352e+00
2.681674718856811523e+00
2.680091857910156250e+00
2.681488990783691406e+00
2.688919305801391602e+00
2.686055898666381836e+00
2.680411815643310547e+00
2.680306434631347656e+00
2.683872461318969727e+00
2.684679269790649414e+00
2.681134223937988281e+00
2.679063081741333008e+00
2.680294036865234375e+00
2.687464714050292969e+00
2.685401201248168945e+00
2.679677963256835938e+00
2.678612947463989258e+00
2.679047107696533203e+00
2.679733514785766602e+00
2.680417299270629883e+00
2.680752038955688477e+00
2.680576086044311523e+00
2.680147409439086914e+00
2.679784774780273438e+00
2.669510602951049805e+00
2.653343677520751953e+00
2.636986017227172852e+00
2.614202976226806641e+00
2.608189344406127930e+00
2.584008932113647461e+00
2.580125570297241211e+00
2.585887908935546875e+00
2.578251123428344727e+00
2.574182510375976562e+00
2.578237295150756836e+00
2.592720508575439453e+00
2.587036848068237305e+00
2.579039335250854492e+00
2.577324867248535156e+00
2.580071210861206055e+00
2.577764749526977539e+00
2.568647861480712891e+00
2.563177347183227539e+00
2.562559843063354492e+00
2.568713188171386719e+00
2.568831443786621094e+00
2.562837123870849609e+00
2.561218023300170898e+00
2.563979625701904297e+00
2.575929164886474609e+00
2.576637268066406250e+00
2.567347526550292969e+00
2.565511226654052734e+00
2.566910028457641602e+00
2.570179939270019531e+00
2.570000410079956055e+00
2.567138671875000000e+00
2.565753221511840820e+00
2.566741943359375000e+00
2.570528030395507812e+00
2.573197603225708008e+00
2.570305824279785156e+00
2.568221092224121094e+00
2.568658351898193359e+00
2.570383548736572266e+00
2.570098161697387695e+00
2.568414449691772461e+00
2.567595481872558594e+00
2.569094419479370117e+00
2.573030471801757812e+00
2.572971343994140625e+00
2.569933176040649414e+00
2.568473577499389648e+00
2.569293975830078125e+00
2.571770429611206055e+00
2.572448492050170898e+00
2.570705175399780273e+00
2.569092750549316406e+00
2.570063114166259766e+00
2.571779727935791016e+00
2.571131706237792969e+00
2.568477630615234375e+00
2.568199634552001953e+00
2.569304943084716797e+00
2.567724704742431641e+00
2.567936658859252930e+00
2.569447994232177734e+00
2.567633390426635742e+00
2.565342664718627930e+00
2.565954208374023438e+00
2.569426298141479492e+00
2.565772056579589844e+00
2.556016206741333008e+00
2.559055566787719727e+00
2.578464746475219727e+00
2.573334455490112305e+00
2.550018787384033203e+00
2.543766498565673828e+00
2.544415473937988281e+00
2.542279243469238281e+00
2.544003248214721680e+00
2.545474529266357422e+00
2.539576292037963867e+00
2.543377876281738281e+00
2.562050342559814453e+00
2.543808221817016602e+00
2.541776180267333984e+00
2.545263051986694336e+00
2.542418479919433594e+00
2.543001890182495117e+00
2.545754909515380859e+00
2.541880369186401367e+00
2.542494773864746094e+00
2.546161174774169922e+00
2.542924165725708008e+00
2.543589591979980469e+00
2.546604871749877930e+00
2.542950153350830078e+00
2.543509483337402344e+00
2.546855688095092773e+00
2.543247461318969727e+00
2.543497562408447266e+00
2.546130180358886719e+00
2.542123317718505859e+00
2.542234659194946289e+00
2.545154094696044922e+00
2.541086435317993164e+00
2.541088581085205078e+00
2.543531179428100586e+00
2.539607524871826172e+00
2.541171312332153320e+00
2.547941923141479492e+00
2.539724588394165039e+00
2.537868022918701172e+00
2.538744926452636719e+00
2.536699771881103516e+00
2.538292169570922852e+00
2.543710470199584961e+00
2.539000272750854492e+00
2.537655115127563477e+00
2.537992238998413086e+00
2.537613868713378906e+00
2.536568164825439453e+00
2.537856578826904297e+00
2.540516614913940430e+00
2.536143302917480469e+00
2.537441015243530273e+00
2.543762207031250000e+00
2.537104606628417969e+00
2.535187721252441406e+00
2.535432338714599609e+00
2.535742759704589844e+00
2.535666465759277344e+00
2.535511970520019531e+00
2.535139799118041992e+00
2.536696434020996094e+00
2.539403200149536133e+00
2.535455942153930664e+00
2.535072088241577148e+00
2.536582708358764648e+00
2.534634828567504883e+00
2.536954164505004883e+00
2.544190883636474609e+00
2.536325693130493164e+00
2.533817052841186523e+00
2.533504486083984375e+00
2.535351991653442383e+00
2.539035081863403320e+00
2.535012245178222656e+00
2.533021450042724609e+00
2.535641431808471680e+00
2.540811300277709961e+00
2.535713195800781250e+00
