4.858757781982421875e+01
4.801050949096679688e+01
4.740142440795898438e+01
4.669236755371093750e+01
4.590665817260742188e+01
4.481871795654296875e+01
4.339902114868164062e+01
4.165502548217773438e+01
3.954053497314453125e+01
3.702476882934570312e+01
3.509050369262695312e+01
3.292607879638671875e+01
3.119927978515625000e+01
2.961393928527832031e+01
2.796889686584472656e+01
2.639219665527343750e+01
2.510221290588378906e+01
2.400269508361816406e+01
2.305199050903320312e+01
2.224852752685546875e+01
2.158637809753417969e+01
2.105598831176757812e+01
2.064516830444335938e+01
2.034048652648925781e+01
2.012754631042480469e+01
1.999140930175781250e+01
1.991780090332031250e+01
1.989377212524414062e+01
1.990894508361816406e+01
1.996086311340332031e+01
2.012591552734375000e+01
2.009530258178710938e+01
2.016016387939453125e+01
2.026286697387695312e+01
2.036247634887695312e+01
2.036379814147949219e+01
2.037191772460937500e+01
2.039582061767578125e+01
2.043407440185546875e+01
2.043993568420410156e+01
2.042222785949707031e+01
2.040934181213378906e+01
2.040053749084472656e+01
2.038648796081542969e+01
2.035894203186035156e+01
2.032959365844726562e+01
2.030492591857910156e+01
2.028313064575195312e+01
2.025800895690917969e+01
2.022589302062988281e+01
2.019330596923828125e+01
2.016592216491699219e+01
2.014372634887695312e+01
2.012287712097167969e+01
2.010092926025390625e+01
2.008117103576660156e+01
2.006677246093750000e+01
2.005496597290039062e+01
2.003918838500976562e+01
2.001819610595703125e+01
1.999681091308593750e+01
1.998001289367675781e+01
1.996531295776367188e+01
1.995166206359863281e+01
1.994383430480957031e+01
1.993712615966796875e+01
1.992446327209472656e+01
1.990111923217773438e+01
1.987510108947753906e+01
1.985289192199707031e+01
1.983421707153320312e+01
1.981706809997558594e+01
1.980015563964843750e+01
1.978375625610351562e+01
1.976757240295410156e+01
1.975174331665039062e+01
1.973549079895019531e+01
1.971805763244628906e+01
1.970085144042968750e+01
1.968502235412597656e+01
1.967038726806640625e+01
1.965626144409179688e+01
1.964295578002929688e+01
1.963090515136718750e+01
1.961962509155273438e+01
1.960812187194824219e+01
1.959607315063476562e+01
1.958406448364257812e+01
1.957249641418457031e+01
1.956112670898437500e+01
1.954985618591308594e+01
1.953910636901855469e+01
1.952908897399902344e+01
1.951958465576171875e+01
1.951034355163574219e+01
1.950136566162109375e+01
1.949274063110351562e+01
1.948445701599121094e+01
1.947642898559570312e+01
1.946863365173339844e+01
1.946115684509277344e+01
1.945419883728027344e+01
1.944833755493164062e+01
1.944540023803710938e+01
1.944514846801757812e+01
1.944479179382324219e+01
1.944693756103515625e+01
1.944969749450683594e+01
1.943654060363769531e+01
1.941074562072753906e+01
1.938473510742187500e+01
1.936351966857910156e+01
1.934606552124023438e+01
1.932727622985839844e+01
1.931718444824218750e+01
1.931438064575195312e+01
1.931764602661132812e+01
1.931678009033203125e+01
1.931055450439453125e+01
1.930677223205566406e+01
1.930542564392089844e+01
1.930506134033203125e+01
1.930537223815917969e+01
1.930527687072753906e+01
1.930194854736328125e+01
1.929851150512695312e+01
1.929552268981933594e+01
1.929296875000000000e+01
1.929088401794433594e+01
1.928908920288085938e+01
1.928724670410156250e+01
1.928503036499023438e+01
1.928245353698730469e+01
1.927981185913085938e+01
1.927728843688964844e+01
1.927489089965820312e+01
1.927258110046386719e+01
1.927037239074707031e+01
1.926828575134277344e+01
1.926627922058105469e+01
1.926428413391113281e+01
1.926223182678222656e+01
1.926011466979980469e+01
1.925793647766113281e+01
1.925571250915527344e+01
1.925345039367675781e+01
1.925117492675781250e+01
1.924891662597656250e+01
1.924669456481933594e+01
1.924452590942382812e+01
1.924241065979003906e+01
1.924035835266113281e+01
1.923836898803710938e+01
1.923642349243164062e+01
1.923450851440429688e+01
1.923260688781738281e+01
1.923072052001953125e+01
1.922883796691894531e+01
1.922695159912109375e+01
1.922505187988281250e+01
1.922313308715820312e+01
1.922119712829589844e+01
1.921923637390136719e+01
1.921721076965332031e+01
1.921506690979003906e+01
1.921275520324707031e+01
1.921024322509765625e+01
1.920765113830566406e+01
1.920506095886230469e+01
1.920024299621582031e+01
1.919424247741699219e+01
1.918756294250488281e+01
1.918057250976562500e+01
1.917358398437500000e+01
1.916685867309570312e+01
1.916060066223144531e+01
1.915494155883789062e+01
1.914997100830078125e+01
1.914576339721679688e+01
1.914241218566894531e+01
1.914000511169433594e+01
1.913855934143066406e+01
1.913790321350097656e+01
1.913795661926269531e+01
1.913872909545898438e+01
1.913889122009277344e+01
1.913510894775390625e+01
1.912432479858398438e+01
1.910669326782226562e+01
1.908924865722656250e+01
1.908241653442382812e+01
1.908973121643066406e+01
1.907964324951171875e+01
1.904167175292968750e+01
1.905344200134277344e+01
1.907680702209472656e+01
1.896998977661132812e+01
1.890093994140625000e+01
1.887116050720214844e+01
1.886175918579101562e+01
1.886709785461425781e+01
1.888390159606933594e+01
1.889502906799316406e+01
1.888237953186035156e+01
1.885893249511718750e+01
1.884168624877929688e+01
1.883277893066406250e+01
1.883080863952636719e+01
1.883415031433105469e+01
1.884090614318847656e+01
1.884795188903808594e+01
1.885148048400878906e+01
1.884918403625488281e+01
1.884208488464355469e+01
1.883329772949218750e+01
1.882525444030761719e+01
1.881899261474609375e+01
1.881465911865234375e+01
1.881199836730957031e+01
1.881152153015136719e+01
1.881115531921386719e+01
1.880589103698730469e+01
1.879516220092773438e+01
1.878339004516601562e+01
1.877354812622070312e+01
1.877132034301757812e+01
1.877118682861328125e+01
1.875843620300292969e+01
1.873108100891113281e+01
1.871005439758300781e+01
1.870434379577636719e+01
1.870615386962890625e+01
1.870880699157714844e+01
1.871829414367675781e+01
1.872452926635742188e+01
1.869478034973144531e+01
1.864218711853027344e+01
1.860648155212402344e+01
1.858893013000488281e+01
1.858459281921386719e+01
1.858565139770507812e+01
1.856955909729003906e+01
1.852555084228515625e+01
1.850043487548828125e+01
1.850216102600097656e+01
1.850246429443359375e+01
1.847309494018554688e+01
1.842830085754394531e+01
1.846526718139648438e+01
1.879748916625976562e+01
1.890193176269531250e+01
1.865526771545410156e+01
1.841178321838378906e+01
1.832712364196777344e+01
1.830430221557617188e+01
1.829941368103027344e+01
1.830420875549316406e+01
1.831966400146484375e+01
1.835158920288085938e+01
1.840367507934570312e+01
1.844116020202636719e+01
1.843051528930664062e+01
1.839096260070800781e+01
1.837572669982910156e+01
1.837808036804199219e+01
1.837504959106445312e+01
1.836734008789062500e+01
1.835751533508300781e+01
1.834772109985351562e+01
1.833979225158691406e+01
1.833472251892089844e+01
1.833167648315429688e+01
1.832883453369140625e+01
1.832472610473632812e+01
1.831950187683105469e+01
1.831423568725585938e+01
1.831541061401367188e+01
1.832000923156738281e+01
1.831608581542968750e+01
1.830642509460449219e+01
1.829581451416015625e+01
1.828990173339843750e+01
1.828811645507812500e+01
1.828959083557128906e+01
1.829294395446777344e+01
1.829423904418945312e+01
1.829249000549316406e+01
1.828815269470214844e+01
1.828345870971679688e+01
1.828089904785156250e+01
1.828049659729003906e+01
1.828138160705566406e+01
1.828215408325195312e+01
1.828150367736816406e+01
1.827911567687988281e+01
1.827594184875488281e+01
1.827295112609863281e+01
1.827043914794921875e+01
1.826825141906738281e+01
1.826616287231445312e+01
