1.315366744995117188e+00
1.285512924194335938e+00
1.256586909294128418e+00
1.228054881095886230e+00
1.191264152526855469e+00
1.153463006019592285e+00
1.115945458412170410e+00
1.079969167709350586e+00
1.046598076820373535e+00
1.017731785774230957e+00
9.947280883789062500e-01
9.762560725212097168e-01
9.624630212783813477e-01
9.521646499633789062e-01
9.447975754737854004e-01
9.394000768661499023e-01
9.345692396163940430e-01
9.305683374404907227e-01
9.274299144744873047e-01
9.250925779342651367e-01
9.234546422958374023e-01
9.224005937576293945e-01
9.217036366462707520e-01
9.207992553710937500e-01
9.168414473533630371e-01
9.139083623886108398e-01
9.127920269966125488e-01
9.110683798789978027e-01
9.087459444999694824e-01
9.061735272407531738e-01
9.035387039184570312e-01
9.010406136512756348e-01
8.987334370613098145e-01
8.961816430091857910e-01
8.935083150863647461e-01
8.906391859054565430e-01
8.877478837966918945e-01
8.852024078369140625e-01
8.828782439231872559e-01
8.805815577507019043e-01
8.785364031791687012e-01
8.777304887771606445e-01
8.653035759925842285e-01
8.616658449172973633e-01
8.584823012351989746e-01
8.560080528259277344e-01
8.545879721641540527e-01
8.547044992446899414e-01
8.548042774200439453e-01
8.509159088134765625e-01
8.498151898384094238e-01
8.475344777107238770e-01
8.457293510437011719e-01
8.422521948814392090e-01
8.402211070060729980e-01
8.386174440383911133e-01
8.362251520156860352e-01
8.350197076797485352e-01
8.317713141441345215e-01
8.321281671524047852e-01
8.309386968612670898e-01
8.259305357933044434e-01
8.355099558830261230e-01
8.255633711814880371e-01
8.231767416000366211e-01
8.257669806480407715e-01
8.246000409126281738e-01
8.232014775276184082e-01
8.215469717979431152e-01
8.221976757049560547e-01
8.209900259971618652e-01
8.121417760848999023e-01
7.920103669166564941e-01
7.750817537307739258e-01
7.623884677886962891e-01
7.515054345130920410e-01
7.412798404693603516e-01
7.311482429504394531e-01
7.221565842628479004e-01
7.157656550407409668e-01
7.132423520088195801e-01
7.109013795852661133e-01
7.068713903427124023e-01
7.014136910438537598e-01
6.957678198814392090e-01
6.910047531127929688e-01
6.873217225074768066e-01
6.847447752952575684e-01
6.828129291534423828e-01
6.811364889144897461e-01
6.796085238456726074e-01
6.785801053047180176e-01
6.782441735267639160e-01
6.785361766815185547e-01
6.792073845863342285e-01
6.799713969230651855e-01
6.805474758148193359e-01
6.807606816291809082e-01
6.807295680046081543e-01
6.805529594421386719e-01
6.803515553474426270e-01
6.801932454109191895e-01
6.800466179847717285e-01
6.799021363258361816e-01
6.797548532485961914e-01
6.796223521232604980e-01
6.795273423194885254e-01
6.794891953468322754e-01
6.795054674148559570e-01
6.795635819435119629e-01
6.796440482139587402e-01
6.797285676002502441e-01
6.798050999641418457e-01
6.798934340476989746e-01
6.799650788307189941e-01
6.801010966300964355e-01
6.802500486373901367e-01
6.803599596023559570e-01
6.804977655410766602e-01
6.806272268295288086e-01
6.807025671005249023e-01
6.807366609573364258e-01
6.807189583778381348e-01
6.806415319442749023e-01
6.805022358894348145e-01
6.803069710731506348e-01
6.800597310066223145e-01
6.797291040420532227e-01
6.793926358222961426e-01
6.791536211967468262e-01
6.790216565132141113e-01
6.789627671241760254e-01
6.788797974586486816e-01
6.786548495292663574e-01
6.783564686775207520e-01
6.781573891639709473e-01
6.780968904495239258e-01
6.781682372093200684e-01
6.783517599105834961e-01
6.784412264823913574e-01
6.783519983291625977e-01
6.780742406845092773e-01
6.778325438499450684e-01
6.777729988098144531e-01
6.778597831726074219e-01
6.780161857604980469e-01
6.781595945358276367e-01
6.780682206153869629e-01
6.778960824012756348e-01
6.777818202972412109e-01
6.778542995452880859e-01
6.780412197113037109e-01
6.781523823738098145e-01
6.780342459678649902e-01
6.778858900070190430e-01
6.778098940849304199e-01
6.778174638748168945e-01
6.778745651245117188e-01
6.778603196144104004e-01
6.778461337089538574e-01
6.777539253234863281e-01
6.776889562606811523e-01
6.776397228240966797e-01
6.776821017265319824e-01
6.778059005737304688e-01
6.779247522354125977e-01
6.779327392578125000e-01
6.776599287986755371e-01
6.774629354476928711e-01
6.773997545242309570e-01
6.774338483810424805e-01
6.774755120277404785e-01
6.773902773857116699e-01
6.771688461303710938e-01
6.770485043525695801e-01
6.770668625831604004e-01
6.771792769432067871e-01
6.772894859313964844e-01
6.772037148475646973e-01
6.769731044769287109e-01
6.768459677696228027e-01
6.768338680267333984e-01
6.768977046012878418e-01
6.769486069679260254e-01
6.768520474433898926e-01
6.766346693038940430e-01
6.764538884162902832e-01
6.763395071029663086e-01
6.763094663619995117e-01
6.762691736221313477e-01
6.762703061103820801e-01
6.763000488281250000e-01
6.762601137161254883e-01
6.762396097183227539e-01
6.762418746948242188e-01
6.761907935142517090e-01
6.761882901191711426e-01
6.762061119079589844e-01
6.762228012084960938e-01
6.761521100997924805e-01
6.761059761047363281e-01
6.760715246200561523e-01
6.760451197624206543e-01
6.760255694389343262e-01
6.760050654411315918e-01
6.759708523750305176e-01
6.759317517280578613e-01
6.758559942245483398e-01
6.758474707603454590e-01
6.758707761764526367e-01
6.759023666381835938e-01
6.758306622505187988e-01
6.757365465164184570e-01
6.756579279899597168e-01
6.756100654602050781e-01
6.755908727645874023e-01
6.755774617195129395e-01
6.754935383796691895e-01
6.754624843597412109e-01
6.755048036575317383e-01
6.755967736244201660e-01
6.756131052970886230e-01
6.756297349929809570e-01
6.757465004920959473e-01
6.759220957756042480e-01
6.747459769248962402e-01
6.740356087684631348e-01
6.668604016304016113e-01
6.677776575088500977e-01
6.690382361412048340e-01
6.781928539276123047e-01
6.754014492034912109e-01
6.711871027946472168e-01
6.705908179283142090e-01
6.725555062294006348e-01
6.716509461402893066e-01
6.684259176254272461e-01
6.703786849975585938e-01
6.735137104988098145e-01
6.760688424110412598e-01
6.773558855056762695e-01
6.820159554481506348e-01
6.734712123870849609e-01
6.716590523719787598e-01
6.718403100967407227e-01
6.640380024909973145e-01
6.628761887550354004e-01
6.622703075408935547e-01
6.679311394691467285e-01
6.711189150810241699e-01
6.709023118019104004e-01
6.700698137283325195e-01
6.683236360549926758e-01
6.679148674011230469e-01
6.673312783241271973e-01
6.650477647781372070e-01
6.624534130096435547e-01
6.605117321014404297e-01
6.594889760017395020e-01
6.586611866950988770e-01
6.577051877975463867e-01
6.569303274154663086e-01
6.565362811088562012e-01
6.564193964004516602e-01
6.565480828285217285e-01
6.567311286926269531e-01
6.567922830581665039e-01
6.569203138351440430e-01
6.572543978691101074e-01
6.577109694480895996e-01
6.590291261672973633e-01
6.597129702568054199e-01
6.597297787666320801e-01
6.588211655616760254e-01
6.597114801406860352e-01
6.619662642478942871e-01
6.631768941879272461e-01
6.591739654541015625e-01
6.595419049263000488e-01
6.581307053565979004e-01
6.584967374801635742e-01
6.579226851463317871e-01
6.570978760719299316e-01
6.571294069290161133e-01
6.575291156768798828e-01
6.582345962524414062e-01
6.572499871253967285e-01
6.568644642829895020e-01
6.574688553810119629e-01
6.561979055404663086e-01
6.567121744155883789e-01
6.562843918800354004e-01
6.558458805084228516e-01
6.562439203262329102e-01
6.560571789741516113e-01
6.562058925628662109e-01
6.551929116249084473e-01
6.536017656326293945e-01
6.527022719383239746e-01
6.521778106689453125e-01
