2.915713310241699219e+00
2.776180982589721680e+00
2.651182651519775391e+00
2.535156011581420898e+00
2.433023691177368164e+00
2.332866430282592773e+00
2.229273796081542969e+00
2.122957229614257812e+00
2.020637035369873047e+00
1.925144076347351074e+00
1.838524460792541504e+00
1.762032389640808105e+00
1.696318507194519043e+00
1.641420483589172363e+00
1.596819877624511719e+00
1.561440587043762207e+00
1.534137129783630371e+00
1.513880491256713867e+00
1.499107360839843750e+00
1.488586187362670898e+00
1.481622099876403809e+00
1.477517724037170410e+00
1.475335121154785156e+00
1.474390149116516113e+00
1.474346518516540527e+00
1.474917292594909668e+00
1.475817799568176270e+00
1.477153778076171875e+00
1.479537963867187500e+00
1.478845715522766113e+00
1.478798985481262207e+00
1.479475259780883789e+00
1.479948520660400391e+00
1.479996323585510254e+00
1.488557815551757812e+00
1.475067377090454102e+00
1.470546483993530273e+00
1.466104865074157715e+00
1.461995244026184082e+00
1.458410263061523438e+00
1.455982923507690430e+00
1.457268118858337402e+00
1.449729442596435547e+00
1.447106242179870605e+00
1.445380687713623047e+00
1.443677902221679688e+00
1.441678524017333984e+00
1.439622282981872559e+00
1.437776565551757812e+00
1.436238050460815430e+00
1.435134053230285645e+00
1.435092449188232422e+00
1.434765100479125977e+00
1.435156345367431641e+00
1.434678792953491211e+00
1.432377934455871582e+00
1.428351521492004395e+00
1.424037337303161621e+00
1.421301603317260742e+00
1.426010131835937500e+00
1.417394638061523438e+00
1.411237835884094238e+00
1.406747460365295410e+00
1.404105186462402344e+00
1.403248429298400879e+00
1.404949188232421875e+00
1.407332777976989746e+00
1.404506087303161621e+00
1.400877594947814941e+00
1.396108150482177734e+00
1.391645073890686035e+00
1.389457821846008301e+00
1.390153765678405762e+00
1.388199329376220703e+00
1.381087541580200195e+00
1.370604395866394043e+00
1.363854289054870605e+00
1.359815239906311035e+00
1.357757806777954102e+00
1.355964303016662598e+00
1.351849913597106934e+00
1.346149206161499023e+00
1.341182947158813477e+00
1.337955832481384277e+00
1.336764454841613770e+00
1.336954593658447266e+00
1.337057471275329590e+00
1.332472920417785645e+00
1.326488018035888672e+00
1.324234604835510254e+00
1.322279930114746094e+00
1.320540904998779297e+00
1.320752859115600586e+00
1.315783739089965820e+00
1.312851428985595703e+00
1.310016989707946777e+00
1.308077573776245117e+00
1.306679010391235352e+00
1.304559707641601562e+00
1.303317666053771973e+00
1.302067637443542480e+00
1.300552129745483398e+00
1.299025654792785645e+00
1.297677516937255859e+00
1.295815229415893555e+00
1.294819593429565430e+00
1.293626427650451660e+00
1.292394876480102539e+00
1.290007114410400391e+00
1.289056897163391113e+00
1.289428472518920898e+00
1.288912296295166016e+00
1.288014173507690430e+00
1.286493301391601562e+00
1.284564852714538574e+00
1.282515764236450195e+00
1.281652092933654785e+00
1.280648112297058105e+00
1.279589176177978516e+00
1.278194546699523926e+00
1.277548670768737793e+00
1.276620268821716309e+00
1.276313304901123047e+00
1.276018977165222168e+00
1.275130748748779297e+00
1.274315834045410156e+00
1.273324131965637207e+00
1.272970199584960938e+00
1.272679090499877930e+00
1.272209167480468750e+00
1.270823240280151367e+00
1.269808292388916016e+00
1.268689632415771484e+00
1.268109679222106934e+00
1.267927289009094238e+00
1.270309209823608398e+00
1.266339898109436035e+00
1.265325784683227539e+00
1.265120029449462891e+00
1.265263676643371582e+00
1.265454649925231934e+00
1.265969276428222656e+00
1.265577673912048340e+00
1.265336632728576660e+00
1.265314936637878418e+00
1.265000939369201660e+00
1.264444112777709961e+00
1.264085412025451660e+00
1.263271808624267578e+00
1.263114452362060547e+00
1.261696577072143555e+00
1.260138988494873047e+00
1.258979082107543945e+00
1.257826566696166992e+00
1.256772994995117188e+00
1.256227970123291016e+00
1.255406498908996582e+00
1.254524111747741699e+00
1.253692150115966797e+00
1.252893447875976562e+00
1.252476572990417480e+00
1.251911878585815430e+00
1.251488924026489258e+00
1.250865340232849121e+00
1.249997258186340332e+00
1.249517917633056641e+00
1.248992443084716797e+00
1.248485922813415527e+00
1.247921943664550781e+00
1.247528672218322754e+00
1.246662020683288574e+00
1.246144056320190430e+00
1.245481729507446289e+00
1.245181679725646973e+00
1.244560122489929199e+00
1.244218587875366211e+00
1.243589282035827637e+00
1.242918252944946289e+00
1.242475390434265137e+00
1.241994857788085938e+00
1.241439938545227051e+00
1.240923166275024414e+00
1.240731000900268555e+00
1.239897131919860840e+00
1.239358067512512207e+00
1.238708853721618652e+00
1.238434076309204102e+00
1.237696290016174316e+00
1.237120628356933594e+00
1.239526629447937012e+00
1.236782312393188477e+00
1.239322662353515625e+00
1.240560650825500488e+00
1.240081429481506348e+00
1.241611003875732422e+00
1.242653727531433105e+00
1.241436958312988281e+00
1.240995049476623535e+00
1.242967844009399414e+00
1.243882656097412109e+00
1.244029045104980469e+00
1.242180705070495605e+00
1.238068103790283203e+00
1.233782529830932617e+00
1.231546282768249512e+00
1.230474114418029785e+00
1.230942726135253906e+00
1.228679895401000977e+00
1.227505803108215332e+00
1.227665305137634277e+00
1.227269649505615234e+00
1.225974917411804199e+00
1.225464701652526855e+00
1.207406401634216309e+00
1.174580812454223633e+00
1.136783719062805176e+00
1.094013810157775879e+00
1.057869553565979004e+00
1.038215517997741699e+00
1.029573321342468262e+00
1.030151128768920898e+00
1.034575939178466797e+00
1.033572077751159668e+00
1.029793500900268555e+00
1.029454469680786133e+00
1.034219384193420410e+00
1.060170888900756836e+00
1.041363239288330078e+00
1.044129848480224609e+00
1.043114185333251953e+00
1.060031771659851074e+00
1.060379147529602051e+00
1.059679746627807617e+00
1.010201930999755859e+00
1.041884183883666992e+00
1.148665428161621094e+00
9.839696884155273438e-01
9.611499905586242676e-01
9.500347971916198730e-01
9.462146162986755371e-01
9.490238428115844727e-01
9.640983343124389648e-01
9.517315626144409180e-01
9.393835663795471191e-01
9.305495619773864746e-01
9.347954988479614258e-01
9.271430373191833496e-01
9.184976816177368164e-01
9.140326976776123047e-01
9.145420193672180176e-01
9.173541665077209473e-01
9.205836653709411621e-01
9.170414209365844727e-01
9.134858250617980957e-01
9.174435138702392578e-01
9.233962893486022949e-01
9.214032292366027832e-01
9.187182188034057617e-01
9.156955480575561523e-01
9.147333502769470215e-01
9.158958196640014648e-01
9.118221998214721680e-01
9.105203747749328613e-01
9.110276699066162109e-01
9.083239436149597168e-01
9.054287672042846680e-01
9.051833152770996094e-01
9.064134359359741211e-01
9.058551192283630371e-01
9.022439122200012207e-01
9.007859826087951660e-01
9.004448652267456055e-01
8.993742465972900391e-01
8.988083600997924805e-01
8.981643915176391602e-01
8.971166610717773438e-01
8.951303362846374512e-01
8.942559957504272461e-01
8.937141299247741699e-01
8.926057815551757812e-01
8.912323117256164551e-01
8.899541497230529785e-01
8.887117505073547363e-01
8.877088427543640137e-01
8.866648674011230469e-01
8.854151964187622070e-01
8.837801814079284668e-01
8.822118639945983887e-01
8.807306885719299316e-01
8.793091177940368652e-01
8.778172135353088379e-01
8.765335083007812500e-01
8.746638298034667969e-01
8.729682564735412598e-01
8.713769912719726562e-01
8.698343634605407715e-01
8.680387139320373535e-01
8.661755919456481934e-01
8.645771741867065430e-01
8.631066679954528809e-01
