2.723095130920410156e+01
2.687668609619140625e+01
2.651251411437988281e+01
2.614447975158691406e+01
2.577429771423339844e+01
2.540233039855957031e+01
2.502829551696777344e+01
2.465176010131835938e+01
2.427253532409667969e+01
2.389092445373535156e+01
2.350773239135742188e+01
2.312425041198730469e+01
2.274214553833007812e+01
2.236340713500976562e+01
2.199025344848632812e+01
2.162507629394531250e+01
2.127035903930664062e+01
2.092857360839843750e+01
2.060207748413085938e+01
2.029301071166992188e+01
2.000319480895996094e+01
1.973405838012695312e+01
1.948660278320312500e+01
1.926136016845703125e+01
1.905841827392578125e+01
1.887745666503906250e+01
1.871779632568359375e+01
1.857846069335937500e+01
1.845826339721679688e+01
1.835584449768066406e+01
1.826975440979003906e+01
1.819849395751953125e+01
1.814056015014648438e+01
1.809446334838867188e+01
1.805876731872558594e+01
1.803210067749023438e+01
1.801316642761230469e+01
1.800076866149902344e+01
1.799379158020019531e+01
1.799123001098632812e+01
1.799217987060546875e+01
1.799583816528320312e+01
1.800150489807128906e+01
1.800858306884765625e+01
1.801656723022460938e+01
1.802502822875976562e+01
1.803363227844238281e+01
1.804210662841796875e+01
1.805024909973144531e+01
1.805790328979492188e+01
1.806497001647949219e+01
1.807138633728027344e+01
1.807711601257324219e+01
1.808216094970703125e+01
1.808653259277343750e+01
1.809025955200195312e+01
1.809338760375976562e+01
1.809596443176269531e+01
1.809804344177246094e+01
1.809967994689941406e+01
1.810092926025390625e+01
1.810184288024902344e+01
1.810247421264648438e+01
1.810286712646484375e+01
1.810306739807128906e+01
1.810311317443847656e+01
1.810303688049316406e+01
1.810287094116210938e+01
1.810263442993164062e+01
1.810235786437988281e+01
1.810205078125000000e+01
1.810173225402832031e+01
1.810140991210937500e+01
1.810109710693359375e+01
1.810079765319824219e+01
1.810051536560058594e+01
1.810025405883789062e+01
1.810001564025878906e+01
1.809980010986328125e+01
1.809960937500000000e+01
1.809943962097167969e+01
1.809929084777832031e+01
1.809916114807128906e+01
1.809905052185058594e+01
1.809895515441894531e+01
1.809887695312500000e+01
1.809880638122558594e+01
1.809875106811523438e+01
1.809870338439941406e+01
1.809866523742675781e+01
1.809863471984863281e+01
1.809860610961914062e+01
1.809858703613281250e+01
1.809856986999511719e+01
1.809855461120605469e+01
1.809854316711425781e+01
1.809853744506835938e+01
1.809853172302246094e+01
1.809852790832519531e+01
1.809852409362792969e+01
1.809852218627929688e+01
1.809852218627929688e+01
1.809852218627929688e+01
1.809852218627929688e+01
1.809852409362792969e+01
1.809852790832519531e+01
1.809852790832519531e+01
1.809853172302246094e+01
1.809853363037109375e+01
1.809853744506835938e+01
1.809853935241699219e+01
1.809854125976562500e+01
1.809854316711425781e+01
1.809854698181152344e+01
1.809854888916015625e+01
1.809855079650878906e+01
1.809855461120605469e+01
1.809855461120605469e+01
1.809855842590332031e+01
1.809855842590332031e+01
1.809856033325195312e+01
1.809856033325195312e+01
1.809856033325195312e+01
1.809856033325195312e+01
1.809856033325195312e+01
1.809856033325195312e+01
1.809856033325195312e+01
1.809855842590332031e+01
1.809855842590332031e+01
1.809855842590332031e+01
1.809855461120605469e+01
1.809855461120605469e+01
1.809855270385742188e+01
1.809855079650878906e+01
1.809854888916015625e+01
1.809854888916015625e+01
1.809854507446289062e+01
1.809854316711425781e+01
1.809854316711425781e+01
1.809853935241699219e+01
1.809853744506835938e+01
1.809853744506835938e+01
1.809853553771972656e+01
1.809853363037109375e+01
1.809853363037109375e+01
1.809852981567382812e+01
1.809852981567382812e+01
1.809852790832519531e+01
1.809852790832519531e+01
1.809852409362792969e+01
1.809852409362792969e+01
1.809852409362792969e+01
1.809852218627929688e+01
1.809852218627929688e+01
1.809852027893066406e+01
1.809851837158203125e+01
1.809851837158203125e+01
1.809851646423339844e+01
1.809851646423339844e+01
1.809851646423339844e+01
1.809851455688476562e+01
1.809851264953613281e+01
1.809851264953613281e+01
1.809851074218750000e+01
1.809851074218750000e+01
1.809851074218750000e+01
1.809850883483886719e+01
1.809850883483886719e+01
1.809850692749023438e+01
1.809850692749023438e+01
1.809850502014160156e+01
1.809850502014160156e+01
1.809850502014160156e+01
1.809850311279296875e+01
1.809850311279296875e+01
1.809850120544433594e+01
1.809850120544433594e+01
1.809850120544433594e+01
1.809849929809570312e+01
1.809849929809570312e+01
1.809849739074707031e+01
1.809849739074707031e+01
1.809849548339843750e+01
1.809849548339843750e+01
1.809849548339843750e+01
1.809849548339843750e+01
1.809849548339843750e+01
1.809849357604980469e+01
1.809849357604980469e+01
1.809849357604980469e+01
1.809848976135253906e+01
1.809848976135253906e+01
1.809848976135253906e+01
1.809848976135253906e+01
1.809848785400390625e+01
1.809848785400390625e+01
1.809848785400390625e+01
1.809848785400390625e+01
1.809848785400390625e+01
1.809848403930664062e+01
1.809848403930664062e+01
1.809848403930664062e+01
1.809848403930664062e+01
1.809848403930664062e+01
1.809848403930664062e+01
1.809848213195800781e+01
1.809848213195800781e+01
1.809848213195800781e+01
1.809848213195800781e+01
1.809848022460937500e+01
1.809847831726074219e+01
1.809847831726074219e+01
1.809847831726074219e+01
1.809847831726074219e+01
1.809847831726074219e+01
1.809847640991210938e+01
1.809847640991210938e+01
1.809847640991210938e+01
1.809847640991210938e+01
1.809847450256347656e+01
1.809847450256347656e+01
1.809847450256347656e+01
1.809847450256347656e+01
1.809847450256347656e+01
1.809847450256347656e+01
1.809847259521484375e+01
1.809847259521484375e+01
1.809847259521484375e+01
1.809847068786621094e+01
1.809847068786621094e+01
1.809847068786621094e+01
1.809846878051757812e+01
1.809846878051757812e+01
1.809846878051757812e+01
1.809846878051757812e+01
1.809846878051757812e+01
1.809846878051757812e+01
1.809846687316894531e+01
1.809846687316894531e+01
1.809846687316894531e+01
1.809846687316894531e+01
1.809846496582031250e+01
1.809846496582031250e+01
1.809846496582031250e+01
1.809846496582031250e+01
1.809846305847167969e+01
1.809846305847167969e+01
1.809846305847167969e+01
1.809846305847167969e+01
1.809846305847167969e+01
1.809846305847167969e+01
1.809846305847167969e+01
1.809846305847167969e+01
1.809846305847167969e+01
1.809846305847167969e+01
1.809846305847167969e+01
1.809846115112304688e+01
1.809845924377441406e+01
1.809845924377441406e+01
1.809845924377441406e+01
1.809845924377441406e+01
1.809845924377441406e+01
1.809845924377441406e+01
1.809845733642578125e+01
1.809845733642578125e+01
1.809845733642578125e+01
1.809845733642578125e+01
1.809845733642578125e+01
1.809845733642578125e+01
1.809845733642578125e+01
1.809845733642578125e+01
1.809845542907714844e+01
1.809845542907714844e+01
1.809845542907714844e+01
1.809845352172851562e+01
1.809845352172851562e+01
1.809845352172851562e+01
1.809845352172851562e+01
1.809845352172851562e+01
1.809845161437988281e+01
1.809845161437988281e+01
1.809845161437988281e+01
1.809845161437988281e+01
1.809845161437988281e+01
1.809845161437988281e+01
1.809845161437988281e+01
1.809845161437988281e+01
1.809845161437988281e+01
1.809845161437988281e+01
1.809844970703125000e+01
1.809844970703125000e+01
1.809844970703125000e+01
1.809844970703125000e+01
1.809844970703125000e+01
1.809844779968261719e+01
1.809844779968261719e+01
1.809844779968261719e+01
1.809844779968261719e+01
1.809844779968261719e+01
1.809844779968261719e+01
