2.875509738922119141e+00
2.792334318161010742e+00
2.711942672729492188e+00
2.639663934707641602e+00
2.572982549667358398e+00
2.510928630828857422e+00
2.453619241714477539e+00
2.400713443756103516e+00
2.351821899414062500e+00
2.307504177093505859e+00
2.267557144165039062e+00
2.231877803802490234e+00
2.200346946716308594e+00
2.172772645950317383e+00
2.148833274841308594e+00
2.127484560012817383e+00
2.110316991806030273e+00
2.096117019653320312e+00
2.083975076675415039e+00
2.068814992904663086e+00
2.045658349990844727e+00
2.039716005325317383e+00
2.036638736724853516e+00
2.032057762145996094e+00
2.029847145080566406e+00
2.028314590454101562e+00
2.027157306671142578e+00
2.026220083236694336e+00
2.025554418563842773e+00
2.025061845779418945e+00
2.024631261825561523e+00
2.024775505065917969e+00
2.023849487304687500e+00
2.023424148559570312e+00
2.023035049438476562e+00
2.022608041763305664e+00
2.022112131118774414e+00
2.021531820297241211e+00
2.020926952362060547e+00
2.020120620727539062e+00
2.019057035446166992e+00
2.018011331558227539e+00
2.017039060592651367e+00
2.015410900115966797e+00
2.013941049575805664e+00
2.012380361557006836e+00
2.010796308517456055e+00
2.008967876434326172e+00
2.007026195526123047e+00
2.005118846893310547e+00
2.003254652023315430e+00
2.001466274261474609e+00
1.999540328979492188e+00
1.997738838195800781e+00
1.996050357818603516e+00
1.994308471679687500e+00
1.992647051811218262e+00
1.991091132164001465e+00
1.989602923393249512e+00
1.988108634948730469e+00
1.986687660217285156e+00
1.985369086265563965e+00
1.984074354171752930e+00
1.982771992683410645e+00
1.981554269790649414e+00
1.980399370193481445e+00
1.979261517524719238e+00
1.978174686431884766e+00
1.977106332778930664e+00
1.976004242897033691e+00
1.974915742874145508e+00
1.973889589309692383e+00
1.972902059555053711e+00
1.971956133842468262e+00
1.971082091331481934e+00
1.970254182815551758e+00
1.969460606575012207e+00
1.968721985816955566e+00
1.968019604682922363e+00
1.967321872711181641e+00
1.966616988182067871e+00
1.965902209281921387e+00
1.965206623077392578e+00
1.964575052261352539e+00
1.963982105255126953e+00
1.963339567184448242e+00
1.963779807090759277e+00
1.962550282478332520e+00
1.961027026176452637e+00
1.960062742233276367e+00
1.959297776222229004e+00
1.958994865417480469e+00
1.958248972892761230e+00
1.956889390945434570e+00
1.956062793731689453e+00
1.955571532249450684e+00
1.954510807991027832e+00
1.953153491020202637e+00
1.951820969581604004e+00
1.950396418571472168e+00
1.947655439376831055e+00
1.946122765541076660e+00
1.947599887847900391e+00
1.995015501976013184e+00
1.950191020965576172e+00
1.966447114944458008e+00
1.977633953094482422e+00
2.021371603012084961e+00
2.021761417388916016e+00
2.021238803863525391e+00
2.020339965820312500e+00
2.019111156463623047e+00
2.017617940902709961e+00
2.015930652618408203e+00
2.014121770858764648e+00
2.012261867523193359e+00
2.010424852371215820e+00
2.008589982986450195e+00
2.006720542907714844e+00
2.004812240600585938e+00
2.002937316894531250e+00
2.001110792160034180e+00
1.999365091323852539e+00
1.997721076011657715e+00
1.996190905570983887e+00
1.994784593582153320e+00
1.993509769439697266e+00
1.992372632026672363e+00
1.991375565528869629e+00
1.990516066551208496e+00
1.989788770675659180e+00
1.989196419715881348e+00
1.988790035247802734e+00
1.988833665847778320e+00
1.989841103553771973e+00
1.989488244056701660e+00
1.988889932632446289e+00
1.985003352165222168e+00
1.984825015068054199e+00
1.982518792152404785e+00
1.978964924812316895e+00
1.975406527519226074e+00
1.972735762596130371e+00
1.970870614051818848e+00
1.969527125358581543e+00
1.968572497367858887e+00
1.967943906784057617e+00
1.967603802680969238e+00
1.967338204383850098e+00
1.966825485229492188e+00
1.966026782989501953e+00
1.965091228485107422e+00
1.964198470115661621e+00
1.963459014892578125e+00
1.962901592254638672e+00
1.962423086166381836e+00
1.961938261985778809e+00
1.961410045623779297e+00
1.960915684700012207e+00
1.960664749145507812e+00
1.958689808845520020e+00
1.957343697547912598e+00
1.956175804138183594e+00
1.955530285835266113e+00
1.955563187599182129e+00
1.954950213432312012e+00
1.953482151031494141e+00
1.953306436538696289e+00
1.949675083160400391e+00
1.947538733482360840e+00
1.946237921714782715e+00
1.945384383201599121e+00
1.942314624786376953e+00
1.940575957298278809e+00
1.939890146255493164e+00
1.938994765281677246e+00
1.937619566917419434e+00
1.937134146690368652e+00
1.937160491943359375e+00
1.936061382293701172e+00
1.935877799987792969e+00
1.935500621795654297e+00
1.935492753982543945e+00
1.936693906784057617e+00
1.934828639030456543e+00
1.934341669082641602e+00
1.936208367347717285e+00
1.933798909187316895e+00
1.933674931526184082e+00
1.935169219970703125e+00
1.933513760566711426e+00
1.933371543884277344e+00
1.934015870094299316e+00
1.933196067810058594e+00
1.932844519615173340e+00
1.933006167411804199e+00
1.933012127876281738e+00
1.932631969451904297e+00
1.932605504989624023e+00
1.932449102401733398e+00
1.932010531425476074e+00
1.931878089904785156e+00
1.932635426521301270e+00
1.932082176208496094e+00
1.932092666625976562e+00
1.932142496109008789e+00
1.931624531745910645e+00
1.931462049484252930e+00
1.931504845619201660e+00
1.931969523429870605e+00
1.931118965148925781e+00
1.930840253829956055e+00
1.930942654609680176e+00
1.931013822555541992e+00
1.930782079696655273e+00
1.930726289749145508e+00
1.930804610252380371e+00
1.930334568023681641e+00
1.929905891418457031e+00
1.929860353469848633e+00
1.930287837982177734e+00
1.930006265640258789e+00
1.929637432098388672e+00
1.929468154907226562e+00
1.929761886596679688e+00
1.929705381393432617e+00
1.929162263870239258e+00
1.928927421569824219e+00
1.929074525833129883e+00
1.929042339324951172e+00
1.928817391395568848e+00
1.928621292114257812e+00
1.928584575653076172e+00
1.928752541542053223e+00
1.928371191024780273e+00
1.927906274795532227e+00
1.927780270576477051e+00
1.928025126457214355e+00
1.928461074829101562e+00
1.928284168243408203e+00
1.927663803100585938e+00
1.927044987678527832e+00
1.926757454872131348e+00
1.926979660987854004e+00
1.927455663681030273e+00
1.927189588546752930e+00
1.926857233047485352e+00
1.926568627357482910e+00
1.926533341407775879e+00
1.926755785942077637e+00
1.926728248596191406e+00
1.926338791847229004e+00
1.926055192947387695e+00
1.925871729850769043e+00
1.925860285758972168e+00
1.926198959350585938e+00
1.926184296607971191e+00
1.925558686256408691e+00
1.925402283668518066e+00
1.925438284873962402e+00
1.925300598144531250e+00
1.925376772880554199e+00
1.925413608551025391e+00
1.924613595008850098e+00
1.924381971359252930e+00
1.924667119979858398e+00
1.924922466278076172e+00
1.924710035324096680e+00
1.924632191658020020e+00
1.924197554588317871e+00
1.924100875854492188e+00
1.924524307250976562e+00
1.925047636032104492e+00
1.924505114555358887e+00
1.923838615417480469e+00
1.923393726348876953e+00
1.923333525657653809e+00
1.923501610755920410e+00
1.923273324966430664e+00
1.923545718193054199e+00
1.923402428627014160e+00
1.923340201377868652e+00
1.922951102256774902e+00
1.922952771186828613e+00
1.922868371009826660e+00
1.923087716102600098e+00
1.923197627067565918e+00
1.922704339027404785e+00
1.922819256782531738e+00
1.922121167182922363e+00
1.922245144844055176e+00
1.922306418418884277e+00
1.922403454780578613e+00
1.922589778900146484e+00
1.922087430953979492e+00
1.921621441841125488e+00
1.921321868896484375e+00
1.921483874320983887e+00
1.921539902687072754e+00
1.921814799308776855e+00
