4.412920761108398438e+01
4.371735382080078125e+01
4.332043457031250000e+01
4.292614364624023438e+01
4.252354431152343750e+01
4.210139083862304688e+01
4.164623641967773438e+01
4.114813232421875000e+01
4.059592056274414062e+01
3.992322921752929688e+01
3.926066970825195312e+01
3.847523880004882812e+01
3.750372695922851562e+01
3.676372528076171875e+01
3.596051788330078125e+01
3.519908523559570312e+01
3.462344741821289062e+01
3.411635971069335938e+01
3.368331909179687500e+01
3.332378005981445312e+01
3.303258514404296875e+01
3.280319976806640625e+01
3.262777709960937500e+01
3.249829864501953125e+01
3.240737152099609375e+01
3.234849166870117188e+01
3.231600952148437500e+01
3.230500793457031250e+01
3.231109619140625000e+01
3.233025741577148438e+01
3.235873413085937500e+01
3.239301681518554688e+01
3.242980957031250000e+01
3.246590042114257812e+01
3.249761199951171875e+01
3.251907348632812500e+01
3.251941680908203125e+01
3.249745559692382812e+01
3.248556900024414062e+01
3.249237823486328125e+01
3.250125122070312500e+01
3.250713348388671875e+01
3.250966262817382812e+01
3.250932693481445312e+01
3.250675582885742188e+01
3.250259017944335938e+01
3.249740219116210938e+01
3.249169921875000000e+01
3.248590469360351562e+01
3.248034286499023438e+01
3.247527313232421875e+01
3.247085571289062500e+01
3.246718978881835938e+01
3.246431732177734375e+01
3.246223831176757812e+01
3.246089172363281250e+01
3.246020889282226562e+01
3.246009826660156250e+01
3.246045684814453125e+01
3.246117019653320312e+01
3.246213912963867188e+01
3.246326446533203125e+01
3.246445465087890625e+01
3.246563339233398438e+01
3.246674728393554688e+01
3.246774673461914062e+01
3.246859741210937500e+01
3.246927642822265625e+01
3.246978759765625000e+01
3.247013092041015625e+01
3.247031021118164062e+01
3.247035217285156250e+01
3.247026824951171875e+01
3.247008895874023438e+01
3.246982955932617188e+01
3.246952819824218750e+01
3.246918869018554688e+01
3.246884155273437500e+01
3.246850204467773438e+01
3.246818161010742188e+01
3.246789169311523438e+01
3.246763992309570312e+01
3.246742630004882812e+01
3.246725845336914062e+01
3.246713256835937500e+01
3.246704864501953125e+01
3.246699905395507812e+01
3.246697998046875000e+01
3.246699142456054688e+01
3.246702194213867188e+01
3.246707153320312500e+01
3.246713256835937500e+01
3.246719741821289062e+01
3.246726226806640625e+01
3.246733093261718750e+01
3.246739196777343750e+01
3.246744918823242188e+01
3.246749496459960938e+01
3.246753692626953125e+01
3.246757125854492188e+01
3.246759414672851562e+01
3.246760559082031250e+01
3.246761322021484375e+01
3.246761322021484375e+01
3.246760940551757812e+01
3.246760177612304688e+01
3.246759033203125000e+01
3.246757507324218750e+01
3.246755599975585938e+01
3.246754074096679688e+01
3.246752548217773438e+01
3.246751022338867188e+01
3.246749496459960938e+01
3.246748352050781250e+01
3.246747207641601562e+01
3.246746063232421875e+01
3.246745300292968750e+01
3.246744537353515625e+01
3.246743774414062500e+01
3.246743392944335938e+01
3.246743011474609375e+01
3.246742630004882812e+01
3.246742248535156250e+01
3.246742248535156250e+01
3.246741867065429688e+01
3.246741867065429688e+01
3.246741485595703125e+01
3.246741104125976562e+01
3.246740722656250000e+01
3.246740722656250000e+01
3.246740341186523438e+01
3.246740341186523438e+01
3.246739959716796875e+01
3.246739578247070312e+01
3.246738815307617188e+01
3.246738433837890625e+01
3.246738052368164062e+01
3.246737289428710938e+01
3.246736907958984375e+01
3.246736907958984375e+01
3.246736145019531250e+01
3.246735763549804688e+01
3.246735382080078125e+01
3.246735000610351562e+01
3.246734619140625000e+01
3.246734237670898438e+01
3.246733856201171875e+01
3.246733474731445312e+01
3.246733093261718750e+01
3.246732330322265625e+01
3.246731948852539062e+01
3.246731567382812500e+01
3.246731185913085938e+01
3.246730804443359375e+01
3.246730422973632812e+01
3.246730041503906250e+01
3.246729660034179688e+01
3.246728897094726562e+01
3.246728897094726562e+01
3.246728515625000000e+01
3.246728134155273438e+01
3.246727752685546875e+01
3.246726989746093750e+01
3.246726608276367188e+01
3.246726226806640625e+01
3.246725845336914062e+01
3.246725463867187500e+01
3.246725082397460938e+01
3.246724700927734375e+01
3.246723937988281250e+01
3.246723937988281250e+01
3.246723175048828125e+01
3.246723175048828125e+01
3.246722412109375000e+01
3.246722030639648438e+01
3.246721649169921875e+01
3.246721267700195312e+01
3.246720886230468750e+01
3.246720504760742188e+01
3.246720123291015625e+01
3.246719360351562500e+01
3.246718978881835938e+01
3.246718597412109375e+01
3.246718597412109375e+01
3.246717834472656250e+01
3.246717453002929688e+01
3.246717071533203125e+01
3.246716690063476562e+01
3.246716308593750000e+01
3.246715927124023438e+01
3.246715164184570312e+01
3.246714782714843750e+01
3.246714401245117188e+01
3.246713638305664062e+01
3.246713638305664062e+01
3.246712875366210938e+01
3.246712493896484375e+01
3.246712112426757812e+01
3.246711730957031250e+01
3.246711349487304688e+01
3.246710968017578125e+01
3.246710205078125000e+01
3.246709823608398438e+01
3.246709442138671875e+01
3.246709060668945312e+01
3.246708297729492188e+01
3.246707916259765625e+01
3.246707534790039062e+01
3.246707153320312500e+01
3.246706771850585938e+01
3.246706008911132812e+01
3.246705245971679688e+01
3.246704864501953125e+01
3.246703338623046875e+01
3.246701049804687500e+01
3.246698379516601562e+01
3.247823333740234375e+01
3.246627044677734375e+01
3.246552658081054688e+01
3.246463012695312500e+01
3.246345901489257812e+01
3.246086502075195312e+01
3.245679473876953125e+01
3.302566528320312500e+01
3.290136337280273438e+01
3.245912933349609375e+01
3.234125900268554688e+01
3.306818008422851562e+01
3.240025329589843750e+01
3.234751510620117188e+01
3.232794189453125000e+01
3.242744827270507812e+01
3.232921981811523438e+01
3.229402923583984375e+01
3.252465057373046875e+01
3.255115890502929688e+01
3.222865676879882812e+01
3.204024505615234375e+01
3.197230911254882812e+01
3.194305229187011719e+01
3.196103668212890625e+01
3.278086090087890625e+01
3.184563446044921875e+01
3.182361412048339844e+01
3.182677268981933594e+01
3.202428054809570312e+01
3.217087554931640625e+01
3.252692794799804688e+01
3.236632919311523438e+01
3.187977218627929688e+01
3.177531623840332031e+01
3.173233413696289062e+01
3.172484397888183594e+01
3.172943687438964844e+01
3.174813270568847656e+01
3.182703781127929688e+01
3.197491073608398438e+01
3.208445358276367188e+01
3.174622154235839844e+01
3.168816947937011719e+01
3.169345092773437500e+01
3.179511833190917969e+01
3.198610115051269531e+01
3.170047187805175781e+01
3.163059616088867188e+01
3.161495780944824219e+01
3.161709785461425781e+01
3.162620925903320312e+01
3.167086219787597656e+01
3.187328529357910156e+01
3.175051116943359375e+01
3.170165443420410156e+01
3.171389007568359375e+01
3.161175918579101562e+01
3.160278892517089844e+01
3.157172203063964844e+01
3.151797103881835938e+01
3.151076507568359375e+01
3.147970008850097656e+01
3.146579551696777344e+01
3.145080184936523438e+01
3.141738319396972656e+01
3.141888999938964844e+01
3.145161628723144531e+01
3.139030456542968750e+01
3.137558555603027344e+01
3.137321090698242188e+01
3.137345123291015625e+01
3.137022781372070312e+01
3.136201667785644531e+01
3.135456275939941406e+01
3.135099411010742188e+01
3.134986305236816406e+01
3.134784889221191406e+01
3.134369659423828125e+01
3.133950233459472656e+01
3.133718109130859375e+01
3.133538818359375000e+01
3.133218955993652344e+01
3.132895469665527344e+01
