4.500093078613281250e+01
4.444712066650390625e+01
4.387451934814453125e+01
4.328485488891601562e+01
4.267840576171875000e+01
4.205448532104492188e+01
4.141171646118164062e+01
4.074864578247070312e+01
4.006452178955078125e+01
3.935976028442382812e+01
3.859409713745117188e+01
3.775895309448242188e+01
3.688313674926757812e+01
3.597922134399414062e+01
3.505683135986328125e+01
3.412465286254882812e+01
3.319097137451171875e+01
3.226385498046875000e+01
3.135115051269531250e+01
3.046040534973144531e+01
2.959868049621582031e+01
2.877240180969238281e+01
2.798720169067382812e+01
2.724775123596191406e+01
2.655767822265625000e+01
2.591950225830078125e+01
2.533464241027832031e+01
2.480347251892089844e+01
2.432542037963867188e+01
2.389908218383789062e+01
2.352238464355468750e+01
2.319271278381347656e+01
2.290706253051757812e+01
2.266217422485351562e+01
2.245492172241210938e+01
2.228187370300292969e+01
2.214198875427246094e+01
2.203937530517578125e+01
2.198028182983398438e+01
2.191224861145019531e+01
2.182619667053222656e+01
2.176711082458496094e+01
2.173858261108398438e+01
2.172848701477050781e+01
2.171848106384277344e+01
2.170065116882324219e+01
2.168445205688476562e+01
2.167813682556152344e+01
2.168185997009277344e+01
2.169201660156250000e+01
2.170322418212890625e+01
2.170966148376464844e+01
2.171382713317871094e+01
2.175477600097656250e+01
2.172440147399902344e+01
2.173477745056152344e+01
2.174227333068847656e+01
2.174777412414550781e+01
2.175416183471679688e+01
2.176390266418457031e+01
2.178016281127929688e+01
2.180327415466308594e+01
2.182612419128417969e+01
2.223442840576171875e+01
2.174739837646484375e+01
2.168371963500976562e+01
2.169926452636718750e+01
2.162059402465820312e+01
2.157138442993164062e+01
2.152949523925781250e+01
2.147127723693847656e+01
2.138633537292480469e+01
2.128297996520996094e+01
2.122017288208007812e+01
2.097260856628417969e+01
2.034640693664550781e+01
2.030846786499023438e+01
2.014525604248046875e+01
1.948286819458007812e+01
1.821241569519042969e+01
1.767964935302734375e+01
1.727895545959472656e+01
1.693976783752441406e+01
1.665097427368164062e+01
1.640151214599609375e+01
1.618641090393066406e+01
1.600645637512207031e+01
1.586282062530517578e+01
1.575330352783203125e+01
1.567178058624267578e+01
1.560974216461181641e+01
1.555874824523925781e+01
1.550968742370605469e+01
1.546815967559814453e+01
1.543422126770019531e+01
1.540793704986572266e+01
1.538850116729736328e+01
1.537442398071289062e+01
1.536401176452636719e+01
1.535595130920410156e+01
1.534971237182617188e+01
1.534556102752685547e+01
1.534420871734619141e+01
1.534648132324218750e+01
1.535334587097167969e+01
1.536652469635009766e+01
1.538903617858886719e+01
1.542377185821533203e+01
1.550149440765380859e+01
1.544624423980712891e+01
1.536232376098632812e+01
1.532437705993652344e+01
1.535508537292480469e+01
1.545795822143554688e+01
1.573771762847900391e+01
1.531742572784423828e+01
1.518426990509033203e+01
1.513934326171875000e+01
1.515083408355712891e+01
1.523188781738281250e+01
1.524763870239257812e+01
1.516694831848144531e+01
1.508810997009277344e+01
1.504809284210205078e+01
1.502702522277832031e+01
1.502944564819335938e+01
1.503749084472656250e+01
1.501633548736572266e+01
1.496728038787841797e+01
1.492054653167724609e+01
1.489587306976318359e+01
1.489369487762451172e+01
1.490147018432617188e+01
1.490117073059082031e+01
1.488347911834716797e+01
1.485974597930908203e+01
1.485327816009521484e+01
1.486590099334716797e+01
1.487799167633056641e+01
1.487144947052001953e+01
1.485247707366943359e+01
1.483726310729980469e+01
1.483602714538574219e+01
1.484767341613769531e+01
1.486115264892578125e+01
1.486360359191894531e+01
1.485335254669189453e+01
1.484055805206298828e+01
1.483460521697998047e+01
1.483721923828125000e+01
1.484379196166992188e+01
1.484804821014404297e+01
1.484739017486572266e+01
1.484401607513427734e+01
1.484126186370849609e+01
1.484057044982910156e+01
1.484117221832275391e+01
1.484158992767333984e+01
1.484129714965820312e+01
1.484080123901367188e+01
1.484051513671875000e+01
1.484002017974853516e+01
1.483843517303466797e+01
1.483539295196533203e+01
1.483156299591064453e+01
1.482809257507324219e+01
1.482557487487792969e+01
1.482363128662109375e+01
1.482135772705078125e+01
1.481820678710937500e+01
1.481448459625244141e+01
1.481148338317871094e+01
1.481030273437500000e+01
1.471968650817871094e+01
1.431279277801513672e+01
1.381334400177001953e+01
1.328239536285400391e+01
1.277137470245361328e+01
1.232383060455322266e+01
1.195702648162841797e+01
1.166584205627441406e+01
1.142875289916992188e+01
1.122803115844726562e+01
1.106714153289794922e+01
1.095191478729248047e+01
1.087672901153564453e+01
1.082831096649169922e+01
1.079411697387695312e+01
1.076881504058837891e+01
1.075181579589843750e+01
1.074221420288085938e+01
1.073945999145507812e+01
1.074407672882080078e+01
1.075478744506835938e+01
1.076689910888671875e+01
1.077595615386962891e+01
1.078303146362304688e+01
1.079276847839355469e+01
1.080670547485351562e+01
1.082162570953369141e+01
1.083377456665039062e+01
1.084250736236572266e+01
1.084920024871826172e+01
1.085495376586914062e+01
1.086024856567382812e+01
1.086505413055419922e+01
1.086847400665283203e+01
1.086943531036376953e+01
1.086820888519287109e+01
1.086622524261474609e+01
1.086381340026855469e+01
1.086023807525634766e+01
1.085578441619873047e+01
1.085072422027587891e+01
1.084599781036376953e+01
1.084192466735839844e+01
1.083837985992431641e+01
1.083486747741699219e+01
1.083078384399414062e+01
1.082612037658691406e+01
1.082201385498046875e+01
1.081873130798339844e+01
1.081597232818603516e+01
1.081291866302490234e+01
1.080971717834472656e+01
1.080672740936279297e+01
1.080464267730712891e+01
1.080304050445556641e+01
1.080169582366943359e+01
1.079929447174072266e+01
1.079712295532226562e+01
1.079597568511962891e+01
1.079456615447998047e+01
1.079296588897705078e+01
1.079219245910644531e+01
1.079210186004638672e+01
1.079094409942626953e+01
1.078902339935302734e+01
1.078764820098876953e+01
1.078686904907226562e+01
1.078699779510498047e+01
1.078622722625732422e+01
1.078511524200439453e+01
1.078368568420410156e+01
1.078225803375244141e+01
1.078070640563964844e+01
1.077990341186523438e+01
1.077948093414306641e+01
1.077919101715087891e+01
1.077640247344970703e+01
1.077466583251953125e+01
1.077409076690673828e+01
1.077461624145507812e+01
1.077385997772216797e+01
1.077272510528564453e+01
1.077097606658935547e+01
1.076902961730957031e+01
1.076772022247314453e+01
1.076565647125244141e+01
1.076497745513916016e+01
1.076493549346923828e+01
1.076328563690185547e+01
1.076201343536376953e+01
1.076138019561767578e+01
1.075945568084716797e+01
1.075819396972656250e+01
1.075778770446777344e+01
1.075596046447753906e+01
1.075478553771972656e+01
1.075314426422119141e+01
1.075229167938232422e+01
1.075220966339111328e+01
1.075065612792968750e+01
1.074852371215820312e+01
1.074725532531738281e+01
1.074690914154052734e+01
1.074622344970703125e+01
1.074486064910888672e+01
1.074377250671386719e+01
1.074309349060058594e+01
1.074127674102783203e+01
1.073941135406494141e+01
1.073860931396484375e+01
1.073868560791015625e+01
1.073776531219482422e+01
1.073591423034667969e+01
1.073464775085449219e+01
1.073413562774658203e+01
1.073329639434814453e+01
1.073198032379150391e+01
1.073108577728271484e+01
1.073068332672119141e+01
1.072914886474609375e+01
1.072716903686523438e+01
1.072621154785156250e+01
1.072619438171386719e+01
1.072552204132080078e+01
1.072405624389648438e+01
1.072299671173095703e+01
1.072248458862304688e+01
