1.739287185668945312e+01
1.705452728271484375e+01
1.669817924499511719e+01
1.632088088989257812e+01
1.594397449493408203e+01
1.556150627136230469e+01
1.516001892089843750e+01
1.475183677673339844e+01
1.428434562683105469e+01
1.380749130249023438e+01
1.333033180236816406e+01
1.288699531555175781e+01
1.248881626129150391e+01
1.214160156250000000e+01
1.182641792297363281e+01
1.160411548614501953e+01
1.144178485870361328e+01
1.133165168762207031e+01
1.125791358947753906e+01
1.120776557922363281e+01
1.117350673675537109e+01
1.115451049804687500e+01
1.114794731140136719e+01
1.115206813812255859e+01
1.116482543945312500e+01
1.118344497680664062e+01
1.120461750030517578e+01
1.122512912750244141e+01
1.124335670471191406e+01
1.125738716125488281e+01
1.126658821105957031e+01
1.127100658416748047e+01
1.127112960815429688e+01
1.126786804199218750e+01
1.126243591308593750e+01
1.125602817535400391e+01
1.124956703186035156e+01
1.124365139007568359e+01
1.123862934112548828e+01
1.123468494415283203e+01
1.123188686370849609e+01
1.123022365570068359e+01
1.122960758209228516e+01
1.122988510131835938e+01
1.123084259033203125e+01
1.123223209381103516e+01
1.123378276824951172e+01
1.123525047302246094e+01
1.123642826080322266e+01
1.123717403411865234e+01
1.123741340637207031e+01
1.123712825775146484e+01
1.123635959625244141e+01
1.123517894744873047e+01
1.123367977142333984e+01
1.123196125030517578e+01
1.123012542724609375e+01
1.122826194763183594e+01
1.122645282745361328e+01
1.122476196289062500e+01
1.122324180603027344e+01
1.122192382812500000e+01
1.122082138061523438e+01
1.121993160247802734e+01
1.121923732757568359e+01
1.121870994567871094e+01
1.121831321716308594e+01
1.121800804138183594e+01
1.121775722503662109e+01
1.121752548217773438e+01
1.121728229522705078e+01
1.121700572967529297e+01
1.121667957305908203e+01
1.121629905700683594e+01
1.121585845947265625e+01
1.121536350250244141e+01
1.121482181549072266e+01
1.121424007415771484e+01
1.121362876892089844e+01
1.121299171447753906e+01
1.121233654022216797e+01
1.121166419982910156e+01
1.121097850799560547e+01
1.121027660369873047e+01
1.120955944061279297e+01
1.120882415771484375e+01
1.120807361602783203e+01
1.120731067657470703e+01
1.120653247833251953e+01
1.120574378967285156e+01
1.120494842529296875e+01
1.120414638519287109e+01
1.120333766937255859e+01
1.120252132415771484e+01
1.120169639587402344e+01
1.120085716247558594e+01
1.119999790191650391e+01
1.119911289215087891e+01
1.119819545745849609e+01
1.119723796844482422e+01
1.119623184204101562e+01
1.119517326354980469e+01
1.119406127929687500e+01
1.119291305541992188e+01
1.119226646423339844e+01
1.119060420989990234e+01
1.118931579589843750e+01
1.118758869171142578e+01
1.118514728546142578e+01
1.118227291107177734e+01
1.118080520629882812e+01
1.117724990844726562e+01
1.117565155029296875e+01
1.117477798461914062e+01
1.117330360412597656e+01
1.117259788513183594e+01
1.117111968994140625e+01
1.117151165008544922e+01
1.116900348663330078e+01
1.116809177398681641e+01
1.116619300842285156e+01
1.116552352905273438e+01
1.116247463226318359e+01
1.116086101531982422e+01
1.115866851806640625e+01
1.115662384033203125e+01
1.115414047241210938e+01
1.115179824829101562e+01
1.114952373504638672e+01
1.114679527282714844e+01
1.114389801025390625e+01
1.114076614379882812e+01
1.113964462280273438e+01
1.113895893096923828e+01
1.113042163848876953e+01
1.112940025329589844e+01
1.113348293304443359e+01
1.112808609008789062e+01
1.112364482879638672e+01
1.112518596649169922e+01
1.112207221984863281e+01
1.111666011810302734e+01
1.110977840423583984e+01
1.110438823699951172e+01
1.109963893890380859e+01
1.109508991241455078e+01
1.109170627593994141e+01
1.108934497833251953e+01
1.108712673187255859e+01
1.108422851562500000e+01
1.108052158355712891e+01
1.107653522491455078e+01
1.107273101806640625e+01
1.106925582885742188e+01
1.106589794158935547e+01
1.106236267089843750e+01
1.105874919891357422e+01
1.105522441864013672e+01
1.105177497863769531e+01
1.104839515686035156e+01
1.104495906829833984e+01
1.104117202758789062e+01
1.103700828552246094e+01
1.103273105621337891e+01
1.102869415283203125e+01
1.102490043640136719e+01
1.102143764495849609e+01
1.101832962036132812e+01
1.101556396484375000e+01
1.101301193237304688e+01
1.101086044311523438e+01
1.100890064239501953e+01
1.100696945190429688e+01
1.100496292114257812e+01
1.100311183929443359e+01
1.100332260131835938e+01
1.100124168395996094e+01
1.099887084960937500e+01
1.099718666076660156e+01
1.099466896057128906e+01
1.099230289459228516e+01
1.098988628387451172e+01
1.098741245269775391e+01
1.097667884826660156e+01
1.096246147155761719e+01
1.096136474609375000e+01
1.096905040740966797e+01
1.098008537292480469e+01
1.098251914978027344e+01
1.098424720764160156e+01
1.098418331146240234e+01
1.098287677764892578e+01
1.098057556152343750e+01
1.097736930847167969e+01
1.097340869903564453e+01
1.096900939941406250e+01
1.096467208862304688e+01
1.096065616607666016e+01
1.095728302001953125e+01
1.095493412017822266e+01
1.095384120941162109e+01
1.095393180847167969e+01
1.095499134063720703e+01
1.095617008209228516e+01
1.095725345611572266e+01
1.095781803131103516e+01
1.095287799835205078e+01
1.095226001739501953e+01
1.095102787017822266e+01
1.094959735870361328e+01
1.094845390319824219e+01
1.094765663146972656e+01
1.094723987579345703e+01
1.094744777679443359e+01
1.094691848754882812e+01
1.094513511657714844e+01
1.094713497161865234e+01
1.094393634796142578e+01
1.093127536773681641e+01
1.092595005035400391e+01
1.092937755584716797e+01
1.092699909210205078e+01
1.092304515838623047e+01
1.092362880706787109e+01
1.093175888061523438e+01
1.094704437255859375e+01
1.094592857360839844e+01
1.094435501098632812e+01
1.094326877593994141e+01
1.094186401367187500e+01
1.094030570983886719e+01
1.094325542449951172e+01
1.093735790252685547e+01
1.093564796447753906e+01
1.093483448028564453e+01
1.093382549285888672e+01
1.093307399749755859e+01
1.093237686157226562e+01
1.093075466156005859e+01
1.092852401733398438e+01
1.092677402496337891e+01
1.092818069458007812e+01
1.092665672302246094e+01
1.092550659179687500e+01
1.092064571380615234e+01
1.092816448211669922e+01
1.091769409179687500e+01
1.091692638397216797e+01
1.091602611541748047e+01
1.091537475585937500e+01
1.091450881958007812e+01
1.091338729858398438e+01
1.091221046447753906e+01
1.091097068786621094e+01
1.090941143035888672e+01
1.090796089172363281e+01
1.090674114227294922e+01
1.090759563446044922e+01
1.092761325836181641e+01
1.091678047180175781e+01
1.090932083129882812e+01
1.091584396362304688e+01
1.091630172729492188e+01
1.091377162933349609e+01
1.091281890869140625e+01
1.089643764495849609e+01
1.088071918487548828e+01
1.087338542938232422e+01
1.089430046081542969e+01
1.089620399475097656e+01
1.089210700988769531e+01
1.088580894470214844e+01
1.092245006561279297e+01
1.096347427368164062e+01
1.096169757843017578e+01
1.095089626312255859e+01
1.091010856628417969e+01
1.087232303619384766e+01
1.087137889862060547e+01
1.087403392791748047e+01
1.087803936004638672e+01
1.086400222778320312e+01
1.088620758056640625e+01
1.087108421325683594e+01
1.086864280700683594e+01
1.086421108245849609e+01
1.086316394805908203e+01
1.086140632629394531e+01
1.086113834381103516e+01
1.086074638366699219e+01
1.085908985137939453e+01
1.085820579528808594e+01
1.085654258728027344e+01
1.085524559020996094e+01
1.085365486145019531e+01
1.085172653198242188e+01
1.084875679016113281e+01
1.084601211547851562e+01
1.084362316131591797e+01
1.084205722808837891e+01
