2.661051511764526367e+00
2.570619583129882812e+00
2.474848031997680664e+00
2.378853321075439453e+00
2.285814285278320312e+00
2.198171854019165039e+00
2.117672443389892578e+00
2.045563936233520508e+00
1.982542991638183594e+00
1.928738832473754883e+00
1.883788108825683594e+00
1.846990704536437988e+00
1.817546129226684570e+00
1.794588804244995117e+00
1.777252793312072754e+00
1.764643192291259766e+00
1.756024241447448730e+00
1.750891923904418945e+00
1.748467445373535156e+00
1.748101472854614258e+00
1.749161481857299805e+00
1.751122713088989258e+00
1.753719568252563477e+00
1.756575822830200195e+00
1.759344577789306641e+00
1.762017488479614258e+00
1.764279246330261230e+00
1.766378998756408691e+00
1.768176555633544922e+00
1.769610762596130371e+00
1.770635485649108887e+00
1.771236538887023926e+00
1.771437525749206543e+00
1.771271944046020508e+00
1.770780324935913086e+00
1.769995450973510742e+00
1.768998265266418457e+00
1.767819523811340332e+00
1.766438007354736328e+00
1.764867663383483887e+00
1.763141036033630371e+00
1.761214852333068848e+00
1.759025812149047852e+00
1.756547212600708008e+00
1.753658413887023926e+00
1.749663710594177246e+00
1.743235707283020020e+00
1.730646133422851562e+00
1.710699558258056641e+00
1.678232789039611816e+00
1.669437289237976074e+00
1.648344039916992188e+00
1.633972764015197754e+00
1.620670914649963379e+00
1.601590514183044434e+00
1.580933570861816406e+00
1.566562414169311523e+00
1.552512764930725098e+00
1.539920330047607422e+00
1.512881159782409668e+00
1.483734488487243652e+00
1.446449160575866699e+00
1.415087580680847168e+00
1.394183635711669922e+00
1.381490349769592285e+00
1.373227000236511230e+00
1.366340994834899902e+00
1.359921813011169434e+00
1.354831218719482422e+00
1.351973056793212891e+00
1.350798964500427246e+00
1.350351929664611816e+00
1.349529504776000977e+00
1.347597718238830566e+00
1.344442009925842285e+00
1.340405106544494629e+00
1.335998535156250000e+00
1.331665754318237305e+00
1.328105092048645020e+00
1.324254870414733887e+00
1.320887446403503418e+00
1.317992806434631348e+00
1.315376996994018555e+00
1.313033342361450195e+00
1.310945630073547363e+00
1.309067249298095703e+00
1.307322502136230469e+00
1.305612564086914062e+00
1.303833007812500000e+00
1.301991939544677734e+00
1.300110816955566406e+00
1.298195481300354004e+00
1.296269536018371582e+00
1.294370889663696289e+00
1.292716383934020996e+00
1.291312694549560547e+00
1.290466427803039551e+00
1.289495110511779785e+00
1.288991332054138184e+00
1.288697481155395508e+00
1.288568854331970215e+00
1.288527965545654297e+00
1.288459062576293945e+00
1.288436174392700195e+00
1.288441181182861328e+00
1.288443565368652344e+00
1.288411855697631836e+00
1.288325905799865723e+00
1.288180589675903320e+00
1.287973403930664062e+00
1.287700533866882324e+00
1.287360429763793945e+00
1.286957979202270508e+00
1.286499142646789551e+00
1.285978555679321289e+00
1.285402894020080566e+00
1.284775257110595703e+00
1.284095168113708496e+00
1.283364534378051758e+00
1.282588124275207520e+00
1.281768798828125000e+00
1.280907511711120605e+00
1.280007123947143555e+00
1.279072284698486328e+00
1.278108358383178711e+00
1.277119398117065430e+00
1.276111006736755371e+00
1.275088548660278320e+00
1.274057388305664062e+00
1.273021697998046875e+00
1.271985411643981934e+00
1.270940423011779785e+00
1.269864678382873535e+00
1.268759727478027344e+00
1.267693877220153809e+00
1.266699075698852539e+00
1.265642523765563965e+00
1.264027714729309082e+00
1.261924624443054199e+00
1.259183287620544434e+00
1.255589485168457031e+00
1.251203179359436035e+00
1.246335387229919434e+00
1.241241335868835449e+00
1.236029148101806641e+00
1.230790257453918457e+00
1.225682497024536133e+00
1.220734000205993652e+00
1.215592384338378906e+00
1.211240172386169434e+00
1.207949399948120117e+00
1.206217169761657715e+00
1.203890204429626465e+00
1.202023386955261230e+00
1.199388861656188965e+00
1.196505188941955566e+00
1.193523645401000977e+00
1.190902829170227051e+00
1.188684463500976562e+00
1.186565876007080078e+00
1.184463620185852051e+00
1.182566046714782715e+00
1.180951833724975586e+00
1.179487109184265137e+00
1.178054451942443848e+00
1.176764130592346191e+00
1.175669670104980469e+00
1.174631237983703613e+00
1.173587083816528320e+00
1.172404408454895020e+00
1.170464754104614258e+00
1.169536113739013672e+00
1.168841481208801270e+00
1.168254256248474121e+00
1.167748808860778809e+00
1.167260408401489258e+00
1.166790008544921875e+00
1.166280388832092285e+00
1.165415287017822266e+00
1.164525628089904785e+00
1.164118289947509766e+00
1.163770318031311035e+00
1.163452148437500000e+00
1.163160562515258789e+00
1.162844419479370117e+00
1.162493348121643066e+00
1.162122368812561035e+00
1.161716341972351074e+00
1.161312103271484375e+00
1.160902619361877441e+00
1.160506725311279297e+00
1.160117506980895996e+00
1.159742832183837891e+00
1.159367918968200684e+00
1.159014105796813965e+00
1.158642888069152832e+00
1.158325314521789551e+00
1.157934069633483887e+00
1.157574295997619629e+00
1.157285690307617188e+00
1.086995482444763184e+00
1.010912537574768066e+00
9.370626807212829590e-01
8.799990415573120117e-01
8.412589430809020996e-01
8.150790333747863770e-01
7.959739565849304199e-01
7.816314697265625000e-01
7.721280455589294434e-01
7.681421041488647461e-01
7.689403891563415527e-01
7.733354568481445312e-01
7.786446213722229004e-01
7.835280299186706543e-01
7.871299982070922852e-01
7.888174057006835938e-01
7.899743318557739258e-01
7.908235788345336914e-01
7.915541529655456543e-01
7.928549051284790039e-01
7.940723299980163574e-01
7.950178980827331543e-01
7.958768606185913086e-01
7.961857914924621582e-01
7.960115671157836914e-01
7.956667542457580566e-01
7.948858141899108887e-01
7.938935160636901855e-01
7.928076982498168945e-01
7.914800047874450684e-01
7.901926040649414062e-01
7.888693213462829590e-01
7.876210808753967285e-01
7.865544557571411133e-01
7.856039404869079590e-01
7.849017977714538574e-01
7.843409776687622070e-01
7.839826941490173340e-01
7.837373614311218262e-01
7.836195826530456543e-01
7.835568785667419434e-01
7.835672497749328613e-01
7.835671901702880859e-01
7.836213707923889160e-01
7.835963964462280273e-01
7.836430072784423828e-01
7.836257219314575195e-01
7.835419178009033203e-01
7.835080027580261230e-01
7.833768129348754883e-01
7.832712531089782715e-01
7.831110954284667969e-01
7.829842567443847656e-01
7.828013300895690918e-01
7.826961278915405273e-01
7.825344204902648926e-01
7.823986411094665527e-01
7.822780609130859375e-01
7.820863127708435059e-01
7.820084691047668457e-01
7.817301750183105469e-01
7.816064357757568359e-01
7.812970280647277832e-01
7.810775041580200195e-01
7.809296250343322754e-01
7.807034850120544434e-01
7.805362343788146973e-01
7.804130911827087402e-01
7.802042365074157715e-01
7.801143527030944824e-01
7.798403501510620117e-01
7.795876264572143555e-01
7.795656919479370117e-01
7.791821956634521484e-01
7.790303230285644531e-01
7.789378166198730469e-01
7.787373065948486328e-01
7.786780595779418945e-01
7.785304784774780273e-01
7.784657478332519531e-01
7.782893180847167969e-01
7.781900763511657715e-01
7.779896855354309082e-01
7.778222560882568359e-01
7.776663303375244141e-01
7.774668931961059570e-01
7.773535847663879395e-01
7.771843671798706055e-01
7.770629525184631348e-01
7.769112586975097656e-01
7.767878174781799316e-01
7.766061425209045410e-01
7.764972448348999023e-01
7.762643694877624512e-01
7.761628031730651855e-01
7.759479284286499023e-01
7.757861018180847168e-01
7.757552862167358398e-01
7.755739092826843262e-01
7.755430340766906738e-01
