1.166013526916503906e+01
6.393985748291015625e+00
3.452286005020141602e+00
3.479269027709960938e+00
4.708329200744628906e+00
4.548987388610839844e+00
4.098978996276855469e+00
3.883280754089355469e+00
3.896700143814086914e+00
3.984063625335693359e+00
4.064847946166992188e+00
4.140718460083007812e+00
4.110156536102294922e+00
4.081684589385986328e+00
4.153899192810058594e+00
4.150028705596923828e+00
4.159907341003417969e+00
4.218854427337646484e+00
4.184055805206298828e+00
4.278764724731445312e+00
4.242234706878662109e+00
4.254315853118896484e+00
4.330453872680664062e+00
4.345126152038574219e+00
4.468101024627685547e+00
4.446301460266113281e+00
4.587296485900878906e+00
4.539529800415039062e+00
4.684408664703369141e+00
4.703585624694824219e+00
4.510371685028076172e+00
4.608313560485839844e+00
4.492965698242187500e+00
4.433884143829345703e+00
4.644700527191162109e+00
4.610137462615966797e+00
4.495040416717529297e+00
4.551859378814697266e+00
4.662950038909912109e+00
4.445948600769042969e+00
4.859952926635742188e+00
4.753287315368652344e+00
4.521571636199951172e+00
4.626712799072265625e+00
4.556542396545410156e+00
4.583696365356445312e+00
4.558694839477539062e+00
4.582289218902587891e+00
4.504495143890380859e+00
4.622915744781494141e+00
4.495065212249755859e+00
4.570725917816162109e+00
4.481807708740234375e+00
4.536787509918212891e+00
4.524487018585205078e+00
4.383726596832275391e+00
4.368502140045166016e+00
4.356716156005859375e+00
4.443751335144042969e+00
4.424368381500244141e+00
4.382722854614257812e+00
4.341145992279052734e+00
4.451092243194580078e+00
4.391911983489990234e+00
4.396173954010009766e+00
4.337117671966552734e+00
4.464996814727783203e+00
4.413745880126953125e+00
4.383699417114257812e+00
4.353619098663330078e+00
4.441125869750976562e+00
4.386133193969726562e+00
4.360944271087646484e+00
4.316329956054687500e+00
4.408910751342773438e+00
4.305655002593994141e+00
4.312208652496337891e+00
4.346426486968994141e+00
4.336290836334228516e+00
4.275217533111572266e+00
4.281207084655761719e+00
4.282250404357910156e+00
4.207428455352783203e+00
4.218510627746582031e+00
4.263950347900390625e+00
4.251142978668212891e+00
4.267004489898681641e+00
4.242662429809570312e+00
4.215164661407470703e+00
4.261291503906250000e+00
4.273214817047119141e+00
4.236574172973632812e+00
4.186881065368652344e+00
4.169227600097656250e+00
4.257808208465576172e+00
4.231783866882324219e+00
4.195342540740966797e+00
4.187847137451171875e+00
4.258516311645507812e+00
4.250716209411621094e+00
4.210541248321533203e+00
4.182594776153564453e+00
4.240915298461914062e+00
4.226193428039550781e+00
4.217527866363525391e+00
4.212801933288574219e+00
4.204050064086914062e+00
4.275922298431396484e+00
4.245337486267089844e+00
4.219579219818115234e+00
4.163928985595703125e+00
4.290032863616943359e+00
4.248744010925292969e+00
4.203407287597656250e+00
4.168971061706542969e+00
4.307777404785156250e+00
4.252420425415039062e+00
4.194803714752197266e+00
4.176650524139404297e+00
4.258863925933837891e+00
4.472460746765136719e+00
4.186832427978515625e+00
4.688148498535156250e+00
4.082189559936523438e+00
4.239159107208251953e+00
4.273950576782226562e+00
4.173164367675781250e+00
4.177615642547607422e+00
4.192150115966796875e+00
4.288781166076660156e+00
4.245404720306396484e+00
4.209487438201904297e+00
4.232451915740966797e+00
4.264660835266113281e+00
4.247680187225341797e+00
4.224849224090576172e+00
4.236592292785644531e+00
4.241041660308837891e+00
4.218245029449462891e+00
4.242122173309326172e+00
4.224536895751953125e+00
4.255198001861572266e+00
4.219742774963378906e+00
4.222316265106201172e+00
4.240925312042236328e+00
4.226836681365966797e+00
4.239182949066162109e+00
4.221923351287841797e+00
4.207809448242187500e+00
4.193739414215087891e+00
4.179597854614257812e+00
4.387416362762451172e+00
4.451503276824951172e+00
4.145591259002685547e+00
4.220124721527099609e+00
4.206158638000488281e+00
4.197621822357177734e+00
4.240937232971191406e+00
4.228955268859863281e+00
4.215571880340576172e+00
4.214636802673339844e+00
4.226363182067871094e+00
4.207697391510009766e+00
4.217276573181152344e+00
4.203802585601806641e+00
4.205387115478515625e+00
4.205860137939453125e+00
4.197816848754882812e+00
4.201041221618652344e+00
4.196593761444091797e+00
4.191689014434814453e+00
4.195319175720214844e+00
4.186419010162353516e+00
4.211551666259765625e+00
4.174676418304443359e+00
4.266831874847412109e+00
4.175474643707275391e+00
4.253574371337890625e+00
4.257141113281250000e+00
4.198772907257080078e+00
4.192041397094726562e+00
4.209857463836669922e+00
4.241432189941406250e+00
4.329423904418945312e+00
4.166463851928710938e+00
4.213525295257568359e+00
4.169169425964355469e+00
4.160533428192138672e+00
4.183410167694091797e+00
4.172625064849853516e+00
4.180741310119628906e+00
4.161655902862548828e+00
4.203103542327880859e+00
4.155165195465087891e+00
4.239151954650878906e+00
4.169079303741455078e+00
4.157272815704345703e+00
4.218576431274414062e+00
4.161855697631835938e+00
4.214399814605712891e+00
