2.313822364807128906e+01
2.022207069396972656e+01
1.742216873168945312e+01
1.599812793731689453e+01
1.580796623229980469e+01
1.585345172882080078e+01
1.600744819641113281e+01
1.588263320922851562e+01
1.594851207733154297e+01
1.597552204132080078e+01
1.591489315032958984e+01
1.596109485626220703e+01
1.602302360534667969e+01
1.592687129974365234e+01
1.594769477844238281e+01
1.596855354309082031e+01
1.596593189239501953e+01
1.597511959075927734e+01
1.593828296661376953e+01
1.597739028930664062e+01
1.592074966430664062e+01
1.590030384063720703e+01
1.600334358215332031e+01
1.609614753723144531e+01
1.598397636413574219e+01
1.600616645812988281e+01
1.598252582550048828e+01
1.609803962707519531e+01
1.597332286834716797e+01
1.590301513671875000e+01
1.593452262878417969e+01
1.585897636413574219e+01
1.585785579681396484e+01
1.584988784790039062e+01
1.583919811248779297e+01
1.577841663360595703e+01
1.586250495910644531e+01
1.573811817169189453e+01
1.572715568542480469e+01
1.580315113067626953e+01
1.618940544128417969e+01
1.577282047271728516e+01
1.573753166198730469e+01
1.574327564239501953e+01
1.591023254394531250e+01
1.581859207153320312e+01
1.580287551879882812e+01
1.577911090850830078e+01
1.573161315917968750e+01
1.568309020996093750e+01
1.567071247100830078e+01
1.566491413116455078e+01
1.565214729309082031e+01
1.565199470520019531e+01
1.563842582702636719e+01
1.565105342864990234e+01
1.562672805786132812e+01
1.559453487396240234e+01
1.560784912109375000e+01
1.561524963378906250e+01
1.561045360565185547e+01
1.559683609008789062e+01
1.560444831848144531e+01
1.558079910278320312e+01
1.558404541015625000e+01
1.557332229614257812e+01
1.558538532257080078e+01
1.557443904876708984e+01
1.566518020629882812e+01
1.556042957305908203e+01
1.556778335571289062e+01
1.556851196289062500e+01
1.558071231842041016e+01
1.559249877929687500e+01
1.565442276000976562e+01
1.569015979766845703e+01
1.570758914947509766e+01
1.571225357055664062e+01
1.561346244812011719e+01
1.558222293853759766e+01
1.556210803985595703e+01
1.554209709167480469e+01
1.555265617370605469e+01
1.553269958496093750e+01
1.559190082550048828e+01
1.568117618560791016e+01
1.574532032012939453e+01
1.569884204864501953e+01
1.567244434356689453e+01
1.568055438995361328e+01
1.567395019531250000e+01
1.557633113861083984e+01
1.579567813873291016e+01
1.567292308807373047e+01
1.572146606445312500e+01
1.570912647247314453e+01
1.566329956054687500e+01
1.553457641601562500e+01
1.553406143188476562e+01
1.553558731079101562e+01
1.551550769805908203e+01
1.551166439056396484e+01
1.552671527862548828e+01
1.550398445129394531e+01
1.550901508331298828e+01
1.552658557891845703e+01
1.553606510162353516e+01
1.574456787109375000e+01
1.567206478118896484e+01
1.570691299438476562e+01
1.568999576568603516e+01
1.564818000793457031e+01
1.563977050781250000e+01
1.564979362487792969e+01
1.549013805389404297e+01
1.573158740997314453e+01
1.567052745819091797e+01
1.564874744415283203e+01
1.568127155303955078e+01
1.570240974426269531e+01
1.553220081329345703e+01
1.550514698028564453e+01
1.551323127746582031e+01
1.550354194641113281e+01
1.551515007019042969e+01
1.551361465454101562e+01
1.549560928344726562e+01
1.547782897949218750e+01
1.558543777465820312e+01
1.545310115814208984e+01
1.551055622100830078e+01
1.549741935729980469e+01
1.547202205657958984e+01
1.548143482208251953e+01
1.552121639251708984e+01
1.547303295135498047e+01
1.547794818878173828e+01
1.547600269317626953e+01
1.546682453155517578e+01
1.561862659454345703e+01
1.548574542999267578e+01
1.548170280456542969e+01
1.547047901153564453e+01
1.546800041198730469e+01
1.546270751953125000e+01
1.558046817779541016e+01
1.548906803131103516e+01
1.546865844726562500e+01
1.545711231231689453e+01
1.545902729034423828e+01
1.550353145599365234e+01
1.559618282318115234e+01
1.547729206085205078e+01
1.546199035644531250e+01
1.546508121490478516e+01
1.546078872680664062e+01
1.546160030364990234e+01
1.546534729003906250e+01
1.560113239288330078e+01
1.547685432434082031e+01
1.562224674224853516e+01
1.547370624542236328e+01
1.550643634796142578e+01
1.546678352355957031e+01
1.547033405303955078e+01
1.546045780181884766e+01
1.543259143829345703e+01
1.561001396179199219e+01
1.547432136535644531e+01
1.545778751373291016e+01
1.545215225219726562e+01
1.544737434387207031e+01
1.546238231658935547e+01
1.559044933319091797e+01
1.551848220825195312e+01
1.544276905059814453e+01
1.565475845336914062e+01
1.549186420440673828e+01
1.544892597198486328e+01
1.546770095825195312e+01
1.551644897460937500e+01
1.545014667510986328e+01
1.568437004089355469e+01
1.548159122467041016e+01
1.544984626770019531e+01
1.545220947265625000e+01
1.544398021697998047e+01
1.544694328308105469e+01
1.544671154022216797e+01
1.544120311737060547e+01
1.544215774536132812e+01
1.543865680694580078e+01
1.542049884796142578e+01
1.543502140045166016e+01
1.543602371215820312e+01
1.558455371856689453e+01
1.558717727661132812e+01
1.556517219543457031e+01
1.544697380065917969e+01
1.543409919738769531e+01
