1.617086172103881836e+00
1.278021812438964844e+00
1.113591194152832031e+00
1.047685384750366211e+00
1.027149558067321777e+00
1.024220466613769531e+00
1.026423931121826172e+00
1.028513789176940918e+00
1.029325366020202637e+00
1.029207348823547363e+00
1.028708219528198242e+00
1.028208017349243164e+00
1.027872323989868164e+00
1.027712702751159668e+00
1.027663588523864746e+00
1.027652502059936523e+00
1.027642607688903809e+00
1.027627348899841309e+00
1.027611374855041504e+00
1.027597188949584961e+00
1.027585029602050781e+00
1.027572870254516602e+00
1.027559876441955566e+00
1.027547717094421387e+00
1.027534246444702148e+00
1.027491569519042969e+00
1.027435779571533203e+00
1.027397155761718750e+00
1.027382731437683105e+00
1.027379512786865234e+00
1.027375578880310059e+00
1.027367949485778809e+00
1.027358889579772949e+00
1.027350068092346191e+00
1.027341961860656738e+00
1.027334094047546387e+00
1.027326822280883789e+00
1.027320027351379395e+00
1.027313709259033203e+00
1.027307868003845215e+00
1.027302265167236328e+00
1.027297019958496094e+00
1.027291893959045410e+00
1.027287006378173828e+00
1.027282476425170898e+00
1.027278065681457520e+00
1.027273893356323242e+00
1.027270078659057617e+00
1.027266263961791992e+00
1.027262687683105469e+00
1.027259469032287598e+00
1.027256131172180176e+00
1.027253031730651855e+00
1.027250170707702637e+00
1.027247428894042969e+00
1.027244806289672852e+00
1.027242541313171387e+00
1.027240157127380371e+00
1.027238011360168457e+00
1.027235865592956543e+00
1.027233839035034180e+00
1.027232050895690918e+00
1.027230381965637207e+00
1.027228713035583496e+00
1.027227282524108887e+00
1.027225852012634277e+00
1.027224421501159668e+00
1.027223110198974609e+00
1.027222156524658203e+00
1.027221083641052246e+00
1.027220010757446289e+00
1.027219057083129883e+00
1.027218222618103027e+00
1.027217388153076172e+00
1.027216434478759766e+00
1.027215719223022461e+00
1.027215003967285156e+00
1.027214407920837402e+00
1.027213692665100098e+00
1.027213096618652344e+00
1.027212500572204590e+00
1.027211904525756836e+00
1.027211427688598633e+00
1.027210831642150879e+00
1.027210116386413574e+00
1.027209758758544922e+00
1.027209281921386719e+00
1.027208685874938965e+00
1.027208089828491211e+00
1.027207732200622559e+00
1.027207136154174805e+00
1.027206540107727051e+00
1.027206182479858398e+00
1.027205586433410645e+00
1.027205109596252441e+00
1.027204632759094238e+00
1.027204036712646484e+00
1.027203559875488281e+00
1.027203083038330078e+00
1.027202486991882324e+00
1.027202010154724121e+00
1.027201533317565918e+00
1.027200937271118164e+00
1.027200460433959961e+00
1.027199864387512207e+00
1.027199387550354004e+00
1.027198791503906250e+00
1.027198433876037598e+00
1.027197837829589844e+00
1.027197122573852539e+00
1.027196526527404785e+00
1.027196168899536133e+00
1.027195572853088379e+00
1.027195096015930176e+00
1.027194499969482422e+00
1.027194023132324219e+00
1.027193427085876465e+00
1.027192950248718262e+00
1.027192473411560059e+00
1.027191877365112305e+00
1.027191400527954102e+00
1.027190923690795898e+00
1.027190446853637695e+00
1.027189970016479492e+00
1.027189493179321289e+00
1.027188897132873535e+00
1.027188539505004883e+00
1.027188062667846680e+00
1.027187705039978027e+00
1.027187108993530273e+00
1.027186870574951172e+00
1.027186393737792969e+00
1.027186036109924316e+00
1.027185797691345215e+00
1.027185320854187012e+00
1.027184963226318359e+00
1.027184724807739258e+00
1.027184367179870605e+00
1.027184128761291504e+00
1.027183771133422852e+00
1.027183532714843750e+00
1.027183294296264648e+00
1.027182936668395996e+00
1.027182698249816895e+00
1.027182579040527344e+00
1.027182459831237793e+00
1.027182340621948242e+00
1.027182340621948242e+00
1.027182102203369141e+00
1.027182102203369141e+00
1.027181863784790039e+00
1.027181744575500488e+00
1.027181863784790039e+00
1.027181744575500488e+00
1.027181744575500488e+00
1.027181744575500488e+00
1.027181744575500488e+00
1.027181863784790039e+00
1.027181744575500488e+00
1.027180790901184082e+00
1.027225017547607422e+00
1.027214169502258301e+00
1.027189493179321289e+00
1.027198672294616699e+00
1.027192115783691406e+00
1.027185678482055664e+00
1.027182459831237793e+00
1.027184844017028809e+00
1.027184367179870605e+00
1.027184844017028809e+00
1.027184963226318359e+00
1.027185678482055664e+00
1.027185797691345215e+00
1.027186393737792969e+00
1.027186393737792969e+00
1.027187108993530273e+00
1.027187108993530273e+00
1.027187943458557129e+00
1.027187943458557129e+00
1.027188897132873535e+00
1.027188777923583984e+00
1.027190089225769043e+00
1.027189493179321289e+00
1.027191519737243652e+00
1.027189970016479492e+00
1.027193546295166016e+00
1.027189493179321289e+00
1.027196884155273438e+00
1.027187108993530273e+00
1.027203202247619629e+00
1.027175903320312500e+00
1.027220010757446289e+00
1.027115345001220703e+00
1.027325034141540527e+00
1.026937723159790039e+00
1.027244806289672852e+00
1.026967406272888184e+00
1.027141690254211426e+00
1.027181267738342285e+00
1.027168869972229004e+00
