1.360395908355712891e+00
9.766643643379211426e-01
6.272333860397338867e-01
5.755556225776672363e-01
5.522626042366027832e-01
5.861752629280090332e-01
5.236791372299194336e-01
5.180146694183349609e-01
5.131596922874450684e-01
5.141873359680175781e-01
5.144795775413513184e-01
5.235360264778137207e-01
5.382008552551269531e-01
5.307259559631347656e-01
5.295760035514831543e-01
5.254142880439758301e-01
5.149441957473754883e-01
5.066867470741271973e-01
4.783433973789215088e-01
4.853139817714691162e-01
4.905369579792022705e-01
4.905707538127899170e-01
4.821972548961639404e-01
4.581066071987152100e-01
4.497628808021545410e-01
5.791068673133850098e-01
4.878163039684295654e-01
5.306853652000427246e-01
4.943012893199920654e-01
4.899126589298248291e-01
4.741513431072235107e-01
4.680403769016265869e-01
4.607537686824798584e-01
4.598898291587829590e-01
4.553644061088562012e-01
4.518063664436340332e-01
4.457483291625976562e-01
4.251159131526947021e-01
4.105775654315948486e-01
4.569427371025085449e-01
4.155066907405853271e-01
4.143514931201934814e-01
4.006315767765045166e-01
4.038582444190979004e-01
4.338469207286834717e-01
4.134672284126281738e-01
4.227828681468963623e-01
4.250667393207550049e-01
4.201082885265350342e-01
4.232542514801025391e-01
4.203456938266754150e-01
4.185763895511627197e-01
4.156236946582794189e-01
4.128094315528869629e-01
6.122722625732421875e-01
4.497070312500000000e-01
4.261179566383361816e-01
4.239155352115631104e-01
4.302017390727996826e-01
4.187510013580322266e-01
4.132485687732696533e-01
4.119213819503784180e-01
4.091467559337615967e-01
4.065388441085815430e-01
4.047798812389373779e-01
4.028336107730865479e-01
4.009856879711151123e-01
3.994217813014984131e-01
3.979397714138031006e-01
3.965634703636169434e-01
3.953020274639129639e-01
3.941101729869842529e-01
3.925430774688720703e-01
3.897105455398559570e-01
3.892794251441955566e-01
4.158367514610290527e-01
3.967488706111907959e-01
4.125365018844604492e-01
3.999781906604766846e-01
3.931278288364410400e-01
3.977538049221038818e-01
3.957747220993041992e-01
3.932942152023315430e-01
3.932215273380279541e-01
3.910229206085205078e-01
3.904226124286651611e-01
3.897029757499694824e-01
3.887999951839447021e-01
3.880520761013031006e-01
3.864879012107849121e-01
3.861554861068725586e-01
3.854239284992218018e-01
3.838173449039459229e-01
3.881596028804779053e-01
4.863905012607574463e-01
3.920566737651824951e-01
5.834670066833496094e-01
4.158021807670593262e-01
4.157339632511138916e-01
4.152884781360626221e-01
4.086807668209075928e-01
3.997088074684143066e-01
3.924196958541870117e-01
3.872903585433959961e-01
3.839136660099029541e-01
3.824089765548706055e-01
3.811488747596740723e-01
3.799644410610198975e-01
3.786033093929290771e-01
3.778088390827178955e-01
3.761742413043975830e-01
3.753825426101684570e-01
3.742009401321411133e-01
3.736364543437957764e-01
3.721146881580352783e-01
3.724719882011413574e-01
3.710639774799346924e-01
3.959621191024780273e-01
4.309113919734954834e-01
4.251347780227661133e-01
4.251763820648193359e-01
4.065859615802764893e-01
3.703695237636566162e-01
3.686587512493133545e-01
3.701839447021484375e-01
3.696165382862091064e-01
3.673089444637298584e-01
3.675478100776672363e-01
3.668401539325714111e-01
3.663065731525421143e-01
3.659814298152923584e-01
3.644131720066070557e-01
3.646574020385742188e-01
3.641197085380554199e-01
3.635403811931610107e-01
3.642751574516296387e-01
3.613243401050567627e-01
5.463329553604125977e-01
3.762643933296203613e-01
3.667411804199218750e-01
3.737894594669342041e-01
6.356121301651000977e-01
4.855399429798126221e-01
3.780513703823089600e-01
3.733341693878173828e-01
3.640304505825042725e-01
3.661097884178161621e-01
3.668924272060394287e-01
3.613958954811096191e-01
3.590116202831268311e-01
3.580059111118316650e-01
3.574483096599578857e-01
3.573624193668365479e-01
3.566280603408813477e-01
3.573603332042694092e-01
3.567591309547424316e-01
3.560802936553955078e-01
3.571535348892211914e-01
3.563891053199768066e-01
3.559292554855346680e-01
3.560536801815032959e-01
3.562715649604797363e-01
3.557118773460388184e-01
3.563037812709808350e-01
3.560459911823272705e-01
3.572118878364562988e-01
3.563243150711059570e-01
3.571895360946655273e-01
3.561070263385772705e-01
3.570199608802795410e-01
3.567878901958465576e-01
3.557463884353637695e-01
3.566367924213409424e-01
3.554540872573852539e-01
3.579465150833129883e-01
3.547492325305938721e-01
3.552646636962890625e-01
3.554074764251708984e-01
3.529959619045257568e-01
3.534877002239227295e-01
3.532166779041290283e-01
3.511249125003814697e-01
3.508846461772918701e-01
3.515876233577728271e-01
3.492511212825775146e-01
3.506566286087036133e-01
3.491778969764709473e-01
3.477350771427154541e-01
3.579857349395751953e-01
4.002668857574462891e-01
3.810428977012634277e-01
3.863780498504638672e-01
3.900448977947235107e-01
3.763302564620971680e-01
3.739740848541259766e-01
3.702247738838195801e-01
3.674333691596984863e-01
3.663211762905120850e-01
3.634397387504577637e-01
3.629320859909057617e-01
