3.875550842285156250e+01
2.962082099914550781e+01
2.078541755676269531e+01
1.355145359039306641e+01
8.819773674011230469e+00
6.422251701354980469e+00
5.416462898254394531e+00
5.224781036376953125e+00
4.801964282989501953e+00
4.546334743499755859e+00
4.554698467254638672e+00
4.209871768951416016e+00
4.001351356506347656e+00
3.987595558166503906e+00
3.826384067535400391e+00
3.703216552734375000e+00
3.646120071411132812e+00
3.528455972671508789e+00
3.484891653060913086e+00
3.476819753646850586e+00
3.458976268768310547e+00
3.425666809082031250e+00
3.384102582931518555e+00
3.341144800186157227e+00
3.300751924514770508e+00
3.264896869659423828e+00
3.234307765960693359e+00
3.208756446838378906e+00
3.187460660934448242e+00
3.169592857360839844e+00
3.154568910598754883e+00
3.141963243484497070e+00
3.131475687026977539e+00
3.122732877731323242e+00
3.115310192108154297e+00
3.109122753143310547e+00
3.103630065917968750e+00
3.098560571670532227e+00
3.093837022781372070e+00
3.089370727539062500e+00
3.085060596466064453e+00
3.080845117568969727e+00
3.076673269271850586e+00
3.072352647781372070e+00
3.068144559860229492e+00
3.063982725143432617e+00
3.059762716293334961e+00
3.055502176284790039e+00
3.051306486129760742e+00
3.047106266021728516e+00
3.042864561080932617e+00
3.038599729537963867e+00
3.034312248229980469e+00
3.029999732971191406e+00
3.025676965713500977e+00
3.021359682083129883e+00
3.017058610916137695e+00
3.012778043746948242e+00
3.008526802062988281e+00
3.004306554794311523e+00
3.000118017196655273e+00
2.995961904525756836e+00
2.991839885711669922e+00
2.987748622894287109e+00
2.983686447143554688e+00
2.979654073715209961e+00
2.975645303726196289e+00
2.971661567687988281e+00
2.967699289321899414e+00
2.963756322860717773e+00
2.959834337234497070e+00
2.955930709838867188e+00
2.952055692672729492e+00
2.948236465454101562e+00
2.944599390029907227e+00
2.941713809967041016e+00
2.940390348434448242e+00
2.941781759262084961e+00
2.939944982528686523e+00
2.922619819641113281e+00
2.917968034744262695e+00
2.919569253921508789e+00
2.914083003997802734e+00
2.908181190490722656e+00
2.904618740081787109e+00
2.900650978088378906e+00
2.896239519119262695e+00
2.892158269882202148e+00
2.888076305389404297e+00
2.883794069290161133e+00
2.879450321197509766e+00
2.875056028366088867e+00
2.870567083358764648e+00
2.866016626358032227e+00
2.861433982849121094e+00
2.856826066970825195e+00
2.852195262908935547e+00
2.847543478012084961e+00
2.842871427536010742e+00
2.838176012039184570e+00
2.833451271057128906e+00
2.828693628311157227e+00
2.823902368545532227e+00
2.819076776504516602e+00
2.814221620559692383e+00
2.809342384338378906e+00
2.804442405700683594e+00
2.799529314041137695e+00
2.794610977172851562e+00
2.789691448211669922e+00
2.784780025482177734e+00
2.779886007308959961e+00
2.775004386901855469e+00
2.770086765289306641e+00
2.764843940734863281e+00
2.757478713989257812e+00
2.719733476638793945e+00
2.709539175033569336e+00
2.671083450317382812e+00
2.730851173400878906e+00
2.713479757308959961e+00
2.705754995346069336e+00
2.685605287551879883e+00
2.687665939331054688e+00
2.684717178344726562e+00
2.689384937286376953e+00
2.680977821350097656e+00
2.684981346130371094e+00
2.675236225128173828e+00
2.682911157608032227e+00
2.674869298934936523e+00
2.673164844512939453e+00
2.666585445404052734e+00
2.677591800689697266e+00
2.668017864227294922e+00
2.665780067443847656e+00
2.658580064773559570e+00
2.672836780548095703e+00
2.665069103240966797e+00
2.650166988372802734e+00
2.667488098144531250e+00
2.661322116851806641e+00
2.655845642089843750e+00
2.651378870010375977e+00
2.665587663650512695e+00
2.652673244476318359e+00
2.658337593078613281e+00
2.640378236770629883e+00
2.670313835144042969e+00
2.666373014450073242e+00
2.645564079284667969e+00
2.626145362854003906e+00
2.677718639373779297e+00
2.670807123184204102e+00
2.634384632110595703e+00
2.634192705154418945e+00
2.667232751846313477e+00
2.646666765213012695e+00
2.654473781585693359e+00
2.637967109680175781e+00
2.654332876205444336e+00
2.663561344146728516e+00
2.713720083236694336e+00
2.683148384094238281e+00
2.680484294891357422e+00
2.623567104339599609e+00
2.739841938018798828e+00
2.772541761398315430e+00
2.688393354415893555e+00
2.674641132354736328e+00
2.686241865158081055e+00
2.682223320007324219e+00
2.682814598083496094e+00
2.684425830841064453e+00
2.679730415344238281e+00
2.649203777313232422e+00
2.641370534896850586e+00
2.604512453079223633e+00
2.673774719238281250e+00
2.658246040344238281e+00
2.627635002136230469e+00
2.630357980728149414e+00
2.634360790252685547e+00
2.638703823089599609e+00
2.633697509765625000e+00
2.625454664230346680e+00
2.632972478866577148e+00
2.629176855087280273e+00
2.631166696548461914e+00
2.628033876419067383e+00
2.629583597183227539e+00
2.627134561538696289e+00
2.630162477493286133e+00
2.626482009887695312e+00
2.629279851913452148e+00
2.625796794891357422e+00
2.628725528717041016e+00
2.625263690948486328e+00
2.628140211105346680e+00
2.624704837799072266e+00
