3.913005065917968750e+01
3.147466087341308594e+01
2.305889511108398438e+01
1.496387290954589844e+01
1.086279773712158203e+01
9.842986106872558594e+00
9.904472351074218750e+00
1.027153778076171875e+01
1.047341823577880859e+01
1.037311077117919922e+01
1.024487972259521484e+01
1.020072269439697266e+01
9.947043418884277344e+00
9.619796752929687500e+00
9.598785400390625000e+00
9.493798255920410156e+00
9.417825698852539062e+00
9.353188514709472656e+00
9.316776275634765625e+00
9.252804756164550781e+00
9.248721122741699219e+00
9.189940452575683594e+00
9.178184509277343750e+00
9.146371841430664062e+00
9.149530410766601562e+00
9.113401412963867188e+00
9.139973640441894531e+00
9.074197769165039062e+00
8.986947059631347656e+00
9.112500190734863281e+00
9.090967178344726562e+00
8.982339859008789062e+00
8.952638626098632812e+00
8.936767578125000000e+00
8.910017967224121094e+00
8.839383125305175781e+00
8.880949974060058594e+00
9.687637329101562500e+00
1.004454994201660156e+01
8.489204406738281250e+00
8.427700996398925781e+00
8.625000953674316406e+00
8.707003593444824219e+00
8.718563079833984375e+00
8.672734260559082031e+00
8.748303413391113281e+00
8.774580955505371094e+00
8.631963729858398438e+00
8.588836669921875000e+00
8.783786773681640625e+00
8.649977684020996094e+00
8.719502449035644531e+00
8.704402923583984375e+00
8.567319869995117188e+00
8.691134452819824219e+00
1.093170356750488281e+01
9.054604530334472656e+00
8.753667831420898438e+00
9.218685150146484375e+00
9.035870552062988281e+00
8.853640556335449219e+00
8.949956893920898438e+00
8.850789070129394531e+00
8.895035743713378906e+00
8.829950332641601562e+00
8.862726211547851562e+00
8.841427803039550781e+00
8.845580101013183594e+00
8.821743965148925781e+00
8.815136909484863281e+00
8.773687362670898438e+00
8.802825927734375000e+00
8.803794860839843750e+00
8.766896247863769531e+00
8.732865333557128906e+00
8.745782852172851562e+00
8.812522888183593750e+00
8.783909797668457031e+00
8.777793884277343750e+00
8.698918342590332031e+00
8.754227638244628906e+00
8.752244949340820312e+00
8.755908966064453125e+00
8.697795867919921875e+00
8.739082336425781250e+00
8.741986274719238281e+00
8.780801773071289062e+00
8.517180442810058594e+00
8.817324638366699219e+00
8.741082191467285156e+00
8.719801902770996094e+00
8.664398193359375000e+00
8.692573547363281250e+00
8.693086624145507812e+00
8.724900245666503906e+00
8.665924072265625000e+00
8.659043312072753906e+00
8.671935081481933594e+00
8.712501525878906250e+00
8.604739189147949219e+00
7.993389129638671875e+00
9.330755233764648438e+00
8.691293716430664062e+00
8.310838699340820312e+00
8.472024917602539062e+00
8.667386054992675781e+00
8.753237724304199219e+00
8.688913345336914062e+00
8.669273376464843750e+00
8.644010543823242188e+00
8.709371566772460938e+00
8.704548835754394531e+00
8.676917076110839844e+00
8.618547439575195312e+00
8.649958610534667969e+00
8.646785736083984375e+00
8.688034057617187500e+00
8.686676979064941406e+00
8.671458244323730469e+00
8.660960197448730469e+00
8.635509490966796875e+00
8.671180725097656250e+00
8.668666839599609375e+00
8.696060180664062500e+00
8.652552604675292969e+00
8.913814544677734375e+00
8.843273162841796875e+00
8.623066902160644531e+00
8.847681045532226562e+00
8.797337532043457031e+00
8.851008415222167969e+00
8.771242141723632812e+00
8.715957641601562500e+00
8.684097290039062500e+00
8.711226463317871094e+00
8.703112602233886719e+00
8.695657730102539062e+00
8.651707649230957031e+00
8.671144485473632812e+00
8.663635253906250000e+00
8.648348808288574219e+00
8.629243850708007812e+00
8.624162673950195312e+00
8.595296859741210938e+00
8.582580566406250000e+00
8.567070007324218750e+00
8.566371917724609375e+00
8.548281669616699219e+00
8.561100959777832031e+00
8.516514778137207031e+00
8.550382614135742188e+00
8.453133583068847656e+00
8.564129829406738281e+00
8.499582290649414062e+00
8.473683357238769531e+00
8.479595184326171875e+00
1.131961536407470703e+01
9.491189956665039062e+00
8.431225776672363281e+00
8.822609901428222656e+00
8.869011878967285156e+00
8.772283554077148438e+00
8.672798156738281250e+00
8.621812820434570312e+00
8.475730895996093750e+00
7.857357025146484375e+00
7.829633235931396484e+00
7.804850101470947266e+00
7.761521816253662109e+00
7.773498535156250000e+00
7.749819755554199219e+00
7.672330856323242188e+00
7.687098503112792969e+00
7.700353145599365234e+00
7.580793380737304688e+00
8.075445175170898438e+00
8.109163284301757812e+00
7.998062133789062500e+00
7.958411216735839844e+00
7.519078731536865234e+00
8.162708282470703125e+00
8.264214515686035156e+00
8.046597480773925781e+00
7.428719520568847656e+00
7.553686141967773438e+00
7.562644481658935547e+00
7.496293544769287109e+00
7.758445262908935547e+00
7.443627357482910156e+00
7.511643886566162109e+00
7.493594169616699219e+00
7.448906898498535156e+00
7.418397426605224609e+00
7.428497314453125000e+00
7.386319637298583984e+00
7.427607536315917969e+00
7.492774486541748047e+00
7.438910484313964844e+00
7.374938011169433594e+00
7.301211357116699219e+00
