3.589863586425781250e+01
3.031647491455078125e+01
2.479922485351562500e+01
2.031706237792968750e+01
1.753756904602050781e+01
1.633022117614746094e+01
1.608761405944824219e+01
1.623581123352050781e+01
1.643751525878906250e+01
1.656848716735839844e+01
1.662186050415039062e+01
1.662873077392578125e+01
1.661826896667480469e+01
1.660674285888671875e+01
1.659964561462402344e+01
1.659686088562011719e+01
1.659658622741699219e+01
1.659722709655761719e+01
1.659791564941406250e+01
1.659835815429687500e+01
1.659856605529785156e+01
1.659863281250000000e+01
1.659865188598632812e+01
1.659866333007812500e+01
1.659868621826171875e+01
1.659872055053710938e+01
1.659876060485839844e+01
1.659880256652832031e+01
1.659884643554687500e+01
1.659888267517089844e+01
1.659891700744628906e+01
1.659895324707031250e+01
1.659898567199707031e+01
1.659901809692382812e+01
1.659904861450195312e+01
1.659907341003417969e+01
1.659910392761230469e+01
1.659913063049316406e+01
1.659915161132812500e+01
1.659917259216308594e+01
1.659919357299804688e+01
1.659921455383300781e+01
1.659923362731933594e+01
1.659925270080566406e+01
1.659926605224609375e+01
1.659928512573242188e+01
1.659929847717285156e+01
1.659931373596191406e+01
1.659932518005371094e+01
1.659933662414550781e+01
1.659934806823730469e+01
1.659935569763183594e+01
1.659936523437500000e+01
1.659937477111816406e+01
1.659938049316406250e+01
1.659938812255859375e+01
1.659939384460449219e+01
1.659939765930175781e+01
1.659940147399902344e+01
1.659940338134765625e+01
1.659940528869628906e+01
1.659941101074218750e+01
1.659941101074218750e+01
1.659941101074218750e+01
1.659941101074218750e+01
1.659940910339355469e+01
1.659940910339355469e+01
1.659940528869628906e+01
1.659940338134765625e+01
1.659939765930175781e+01
1.659939575195312500e+01
1.659939193725585938e+01
1.659938621520996094e+01
1.659937858581542969e+01
1.659937286376953125e+01
1.659936714172363281e+01
1.659935951232910156e+01
1.659935379028320312e+01
1.659934616088867188e+01
1.659933662414550781e+01
1.659932708740234375e+01
1.659931945800781250e+01
1.659930801391601562e+01
1.659929656982421875e+01
1.659928703308105469e+01
1.659927558898925781e+01
1.659926414489746094e+01
1.659925460815429688e+01
1.659923934936523438e+01
1.659922790527343750e+01
1.659921264648437500e+01
1.659920120239257812e+01
1.659918785095214844e+01
1.659917640686035156e+01
1.659916114807128906e+01
1.659914398193359375e+01
1.659913063049316406e+01
1.659911537170410156e+01
1.659909820556640625e+01
1.659908485412597656e+01
1.659906768798828125e+01
1.659905242919921875e+01
1.659903526306152344e+01
1.659901618957519531e+01
1.659899902343750000e+01
1.659898185729980469e+01
1.659896278381347656e+01
1.659894752502441406e+01
1.659892845153808594e+01
1.659891128540039062e+01
1.659889221191406250e+01
1.659887313842773438e+01
1.659885025024414062e+01
1.659883117675781250e+01
1.659881401062011719e+01
1.659879493713378906e+01
1.659877204895019531e+01
1.659875488281250000e+01
1.659873390197753906e+01
1.659871482849121094e+01
1.659869003295898438e+01
1.659867095947265625e+01
1.659865188598632812e+01
1.659862899780273438e+01
1.659860801696777344e+01
1.659858512878417969e+01
1.659856605529785156e+01
1.659854316711425781e+01
1.659852409362792969e+01
1.659849739074707031e+01
1.659847831726074219e+01
1.659845542907714844e+01
1.659843444824218750e+01
1.659841156005859375e+01
1.659838867187500000e+01
1.659836578369140625e+01
1.659834289550781250e+01
1.659832000732421875e+01
1.659829902648925781e+01
1.659827613830566406e+01
1.659825134277343750e+01
1.659823036193847656e+01
1.659820747375488281e+01
1.659818267822265625e+01
1.659816169738769531e+01
1.659813880920410156e+01
1.659811592102050781e+01
1.659809494018554688e+01
1.659807205200195312e+01
1.659804916381835938e+01
1.659802627563476562e+01
1.659800529479980469e+01
1.659798049926757812e+01
1.659795761108398438e+01
1.659793281555175781e+01
1.659791183471679688e+01
1.659788894653320312e+01
1.659786796569824219e+01
1.659784507751464844e+01
1.659782409667968750e+01
1.659780311584472656e+01
1.659777832031250000e+01
1.659775733947753906e+01
1.659773826599121094e+01
1.659771728515625000e+01
1.659769439697265625e+01
1.659767341613769531e+01
1.659765052795410156e+01
1.659763145446777344e+01
1.659761047363281250e+01
1.659758949279785156e+01
1.659757041931152344e+01
1.659754943847656250e+01
1.659753227233886719e+01
1.659751129150390625e+01
1.659749031066894531e+01
1.659747314453125000e+01
1.659745216369628906e+01
1.659743499755859375e+01
1.659741401672363281e+01
1.659739685058593750e+01
1.659737968444824219e+01
1.659736251831054688e+01
1.659734535217285156e+01
1.659732818603515625e+01
1.659731101989746094e+01
1.659729385375976562e+01
1.659727859497070312e+01
1.659726524353027344e+01
1.659724807739257812e+01
1.659723091125488281e+01
1.659721755981445312e+01
1.659720230102539062e+01
1.659718704223632812e+01
1.659717178344726562e+01
1.659716033935546875e+01
1.659714698791503906e+01
1.659713363647460938e+01
1.659712219238281250e+01
1.659711074829101562e+01
