2.095604419708251953e+00
1.798464298248291016e+00
1.720208764076232910e+00
1.714345693588256836e+00
1.724038600921630859e+00
1.734152436256408691e+00
1.737317085266113281e+00
1.735887765884399414e+00
1.733982563018798828e+00
1.733178138732910156e+00
1.733250021934509277e+00
1.733492970466613770e+00
1.733276009559631348e+00
1.733698129653930664e+00
1.733662128448486328e+00
1.732576847076416016e+00
1.730532526969909668e+00
1.732598304748535156e+00
1.719449162483215332e+00
1.711461067199707031e+00
1.708020687103271484e+00
1.720890522003173828e+00
1.697677612304687500e+00
1.711578369140625000e+00
1.744960546493530273e+00
1.732240319252014160e+00
1.730921626091003418e+00
1.729241847991943359e+00
1.726523756980895996e+00
1.723173260688781738e+00
1.720902085304260254e+00
1.719101548194885254e+00
1.719984650611877441e+00
1.720000028610229492e+00
1.720765590667724609e+00
1.720708250999450684e+00
1.718459963798522949e+00
1.717325448989868164e+00
1.716855049133300781e+00
1.718624830245971680e+00
1.720239877700805664e+00
1.719679474830627441e+00
1.719083786010742188e+00
1.353716731071472168e+00
1.303732395172119141e+00
1.208820343017578125e+00
1.240538358688354492e+00
1.190186977386474609e+00
1.182810306549072266e+00
1.153368115425109863e+00
1.165331006050109863e+00
1.154320001602172852e+00
1.157905936241149902e+00
1.182896614074707031e+00
1.198090434074401855e+00
1.258610725402832031e+00
1.255127549171447754e+00
1.252087831497192383e+00
1.219753623008728027e+00
1.224077463150024414e+00
1.219825863838195801e+00
1.214935660362243652e+00
1.224854826927185059e+00
1.148053884506225586e+00
1.111489176750183105e+00
1.079582095146179199e+00
1.055171489715576172e+00
1.079286694526672363e+00
1.098939895629882812e+00
1.090625286102294922e+00
1.066936969757080078e+00
1.081481575965881348e+00
1.096885442733764648e+00
1.090324997901916504e+00
1.090713381767272949e+00
1.097911119461059570e+00
1.101206421852111816e+00
1.099604249000549316e+00
1.102117896080017090e+00
1.102569818496704102e+00
1.146444082260131836e+00
1.119132757186889648e+00
1.067394137382507324e+00
1.097155451774597168e+00
1.108697414398193359e+00
1.106829047203063965e+00
1.111367106437683105e+00
1.113836646080017090e+00
1.110317111015319824e+00
1.108617424964904785e+00
1.109078288078308105e+00
1.108495116233825684e+00
1.107634186744689941e+00
1.106977939605712891e+00
1.106287240982055664e+00
1.105736255645751953e+00
1.105040550231933594e+00
1.102918982505798340e+00
1.100927114486694336e+00
1.100229144096374512e+00
1.098955988883972168e+00
1.097824454307556152e+00
1.097773432731628418e+00
1.097195386886596680e+00
1.096629023551940918e+00
1.099668025970458984e+00
1.095897674560546875e+00
1.094382286071777344e+00
1.097592949867248535e+00
1.094703674316406250e+00
1.096974849700927734e+00
1.095009922981262207e+00
1.096321463584899902e+00
1.093105435371398926e+00
1.095607519149780273e+00
1.094432353973388672e+00
1.095934152603149414e+00
1.092782258987426758e+00
1.093958973884582520e+00
1.091820716857910156e+00
1.093533754348754883e+00
1.073702335357666016e+00
1.086737394332885742e+00
1.098469495773315430e+00
1.093564033508300781e+00
1.091554164886474609e+00
1.091179847717285156e+00
1.091106295585632324e+00
1.090907216072082520e+00
1.090083718299865723e+00
1.090117096900939941e+00
1.090349316596984863e+00
1.091101884841918945e+00
1.087705731391906738e+00
1.089257478713989258e+00
1.090864300727844238e+00
1.087657451629638672e+00
1.088644027709960938e+00
1.086913824081420898e+00
1.089182019233703613e+00
1.087670683860778809e+00
1.089139342308044434e+00
1.086802363395690918e+00
1.087383627891540527e+00
1.085029602050781250e+00
1.085837960243225098e+00
1.085526347160339355e+00
1.088070034980773926e+00
1.087152600288391113e+00
1.085764646530151367e+00
1.087269783020019531e+00
1.086168766021728516e+00
1.084780573844909668e+00
1.085222721099853516e+00
1.084543824195861816e+00
1.087912201881408691e+00
1.083086609840393066e+00
1.084840416908264160e+00
1.082473039627075195e+00
1.080622553825378418e+00
1.084171295166015625e+00
1.082414150238037109e+00
1.082059264183044434e+00
1.083502173423767090e+00
1.079602956771850586e+00
1.080969452857971191e+00
1.078152298927307129e+00
1.079872250556945801e+00
1.077573299407958984e+00
1.080008149147033691e+00
1.077659368515014648e+00
1.079747676849365234e+00
1.076901316642761230e+00
1.078761696815490723e+00
1.075768947601318359e+00
1.077487945556640625e+00
1.074259042739868164e+00
1.075916171073913574e+00
1.072619915008544922e+00
1.074220895767211914e+00
1.070713520050048828e+00
1.072275757789611816e+00
1.068578839302062988e+00
1.069655179977416992e+00
1.065426707267761230e+00
1.066320776939392090e+00
1.062327623367309570e+00
1.063259005546569824e+00
1.059281229972839355e+00
1.060355782508850098e+00
1.056391954421997070e+00
1.057488322257995605e+00
1.051950097084045410e+00
1.051656365394592285e+00
1.052168011665344238e+00
1.048927903175354004e+00
1.046517610549926758e+00
1.046327710151672363e+00
1.043760299682617188e+00
1.044736027717590332e+00
