4.460941553115844727e-01
4.613922834396362305e-01
5.300154089927673340e-01
5.793862342834472656e-01
5.837447643280029297e-01
5.685423016548156738e-01
5.540639162063598633e-01
5.665661096572875977e-01
5.968450903892517090e-01
5.444281697273254395e-01
5.556417107582092285e-01
5.646201372146606445e-01
5.767206549644470215e-01
5.754203200340270996e-01
5.693038702011108398e-01
5.781979560852050781e-01
5.759091377258300781e-01
5.759755373001098633e-01
5.712192058563232422e-01
5.719169378280639648e-01
5.739765763282775879e-01
5.778610110282897949e-01
5.802096724510192871e-01
5.823394060134887695e-01
5.841875672340393066e-01
5.832020044326782227e-01
5.825365185737609863e-01
5.810059309005737305e-01
5.863925218582153320e-01
5.804451107978820801e-01
5.746712684631347656e-01
5.818752050399780273e-01
5.736441016197204590e-01
5.799075365066528320e-01
5.783784985542297363e-01
5.754458308219909668e-01
5.770353674888610840e-01
5.775629878044128418e-01
5.744194388389587402e-01
5.807463526725769043e-01
5.747791528701782227e-01
5.845706462860107422e-01
5.685272216796875000e-01
5.793578028678894043e-01
5.797115564346313477e-01
5.803479552268981934e-01
5.853177905082702637e-01
5.796852707862854004e-01
5.780562758445739746e-01
5.752960443496704102e-01
5.784260034561157227e-01
5.751115679740905762e-01
5.780375599861145020e-01
5.727731585502624512e-01
5.903063416481018066e-01
5.839326381683349609e-01
5.819757580757141113e-01
5.779855251312255859e-01
5.717892050743103027e-01
5.722848773002624512e-01
5.735252499580383301e-01
5.738095641136169434e-01
5.699415802955627441e-01
5.692369341850280762e-01
5.866843461990356445e-01
5.646861791610717773e-01
5.721127986907958984e-01
5.661575198173522949e-01
5.782156586647033691e-01
5.626542568206787109e-01
5.673922896385192871e-01
5.648513436317443848e-01
5.637717247009277344e-01
5.644775629043579102e-01
5.706083178520202637e-01
5.560073852539062500e-01
5.587582588195800781e-01
5.702601075172424316e-01
5.772421956062316895e-01
5.596703886985778809e-01
5.605941414833068848e-01
5.581561326980590820e-01
5.628153681755065918e-01
5.587012171745300293e-01
5.528826117515563965e-01
5.553364753723144531e-01
5.516484975814819336e-01
5.521019101142883301e-01
5.541499257087707520e-01
5.525355339050292969e-01
5.501340627670288086e-01
5.563924312591552734e-01
5.515766143798828125e-01
5.512924194335937500e-01
5.514730215072631836e-01
5.525630712509155273e-01
5.447572469711303711e-01
5.449876785278320312e-01
5.450190901756286621e-01
5.461491942405700684e-01
5.453765988349914551e-01
5.438855886459350586e-01
5.421788692474365234e-01
5.437980294227600098e-01
5.438638329505920410e-01
5.556723475456237793e-01
5.397911071777343750e-01
5.432189702987670898e-01
5.445247888565063477e-01
5.620468854904174805e-01
5.594791173934936523e-01
5.436592102050781250e-01
5.445942878723144531e-01
5.489209890365600586e-01
5.464639067649841309e-01
5.461195111274719238e-01
5.590220689773559570e-01
5.425314903259277344e-01
6.990875005722045898e-01
5.202102065086364746e-01
5.219298005104064941e-01
5.373557806015014648e-01
5.414363741874694824e-01
5.368989706039428711e-01
5.316163897514343262e-01
5.292136669158935547e-01
5.288838744163513184e-01
5.293300151824951172e-01
5.299196839332580566e-01
5.298510789871215820e-01
5.291207432746887207e-01
5.292204618453979492e-01
5.296834111213684082e-01
5.295971632003784180e-01
5.289033055305480957e-01
5.289956927299499512e-01
5.291860699653625488e-01
5.292687416076660156e-01
5.286971926689147949e-01
5.288091897964477539e-01
5.292151570320129395e-01
5.464452505111694336e-01
5.463946461677551270e-01
5.462186932563781738e-01
5.472810268402099609e-01
5.462563037872314453e-01
5.469352006912231445e-01
5.460260510444641113e-01
5.473638772964477539e-01
5.457140803337097168e-01
5.454875826835632324e-01
5.449451208114624023e-01
5.458173155784606934e-01
5.447075963020324707e-01
5.454789996147155762e-01
5.270593166351318359e-01
5.320003032684326172e-01
5.267570018768310547e-01
5.273834466934204102e-01
5.257327556610107422e-01
5.275786519050598145e-01
5.261651277542114258e-01
5.267144441604614258e-01
5.263062715530395508e-01
5.271313190460205078e-01
5.263011455535888672e-01
5.273439884185791016e-01
5.263041257858276367e-01
5.279475450515747070e-01
5.451836585998535156e-01
5.356292128562927246e-01
5.418171286582946777e-01
1.860938906669616699e+00
7.663561701774597168e-01
5.108286738395690918e-01
5.260766148567199707e-01
5.404908657073974609e-01
5.404996275901794434e-01
5.342143177986145020e-01
5.339848399162292480e-01
5.310694575309753418e-01
5.275595784187316895e-01
5.264028906822204590e-01
5.262994766235351562e-01
5.272541046142578125e-01
5.262363553047180176e-01
5.268594026565551758e-01
5.254388451576232910e-01
5.278029441833496094e-01
5.259683132171630859e-01
5.274928212165832520e-01
5.272415876388549805e-01
5.326734781265258789e-01
5.270355343818664551e-01
5.271794795989990234e-01
5.269942879676818848e-01
5.304152369499206543e-01
5.287624597549438477e-01
5.298237800598144531e-01
5.285734534263610840e-01
