3.566805267333984375e+01
2.600353431701660156e+01
1.719638252258300781e+01
1.129809474945068359e+01
8.610241889953613281e+00
8.148655891418457031e+00
8.061770439147949219e+00
8.050774574279785156e+00
8.612444877624511719e+00
8.231682777404785156e+00
7.930538654327392578e+00
8.273260116577148438e+00
8.199557304382324219e+00
7.834362506866455078e+00
7.709376335144042969e+00
7.660404682159423828e+00
7.601644039154052734e+00
7.501872539520263672e+00
7.459760665893554688e+00
7.399383544921875000e+00
7.217092037200927734e+00
7.000957012176513672e+00
6.964085102081298828e+00
6.955014228820800781e+00
6.952804088592529297e+00
6.974551200866699219e+00
6.970758438110351562e+00
6.945399761199951172e+00
6.929889678955078125e+00
6.922635078430175781e+00
6.918970108032226562e+00
6.914894580841064453e+00
6.912678241729736328e+00
6.939707756042480469e+00
6.942289829254150391e+00
6.950457096099853516e+00
6.902797222137451172e+00
6.886874198913574219e+00
6.895449638366699219e+00
6.899414062500000000e+00
6.897186279296875000e+00
6.893140792846679688e+00
6.889319419860839844e+00
6.885764122009277344e+00
6.882651329040527344e+00
6.880831718444824219e+00
6.882497310638427734e+00
6.879948139190673828e+00
6.876412868499755859e+00
6.875826835632324219e+00
6.874861240386962891e+00
6.873757839202880859e+00
6.873394489288330078e+00
6.873205184936523438e+00
6.872898578643798828e+00
6.872212886810302734e+00
6.871369361877441406e+00
6.870225429534912109e+00
6.869290351867675781e+00
6.868191719055175781e+00
6.867561340332031250e+00
6.866289615631103516e+00
6.866008281707763672e+00
6.864418029785156250e+00
6.864298820495605469e+00
6.862845420837402344e+00
6.862591266632080078e+00
6.861374855041503906e+00
6.861581325531005859e+00
6.859922409057617188e+00
6.858950138092041016e+00
6.859649658203125000e+00
6.857919692993164062e+00
6.857981681823730469e+00
6.857172012329101562e+00
6.858273506164550781e+00
6.856389522552490234e+00
6.854574203491210938e+00
6.857218742370605469e+00
6.856531143188476562e+00
6.854558944702148438e+00
6.853133678436279297e+00
6.852238178253173828e+00
6.851966857910156250e+00
6.691619873046875000e+00
6.773519039154052734e+00
6.848440170288085938e+00
6.870872974395751953e+00
6.851543903350830078e+00
6.825977325439453125e+00
6.812473773956298828e+00
6.809315204620361328e+00
6.811402797698974609e+00
6.811589717864990234e+00
6.812881469726562500e+00
6.810780048370361328e+00
6.808423995971679688e+00
6.807594299316406250e+00
6.811022281646728516e+00
6.809663295745849609e+00
6.806828022003173828e+00
6.805871486663818359e+00
6.805985450744628906e+00
6.805973529815673828e+00
6.805669784545898438e+00
6.805341720581054688e+00
6.805049419403076172e+00
6.804488658905029297e+00
6.803805351257324219e+00
6.803192138671875000e+00
6.802762031555175781e+00
6.802398681640625000e+00
6.801799297332763672e+00
6.801248073577880859e+00
6.800926208496093750e+00
6.800521373748779297e+00
6.799871444702148438e+00
6.799182891845703125e+00
6.798517227172851562e+00
6.797955036163330078e+00
6.797375202178955078e+00
6.796856403350830078e+00
6.796307086944580078e+00
6.795626640319824219e+00
6.794991016387939453e+00
6.794498920440673828e+00
6.793973922729492188e+00
6.793335914611816406e+00
6.792764663696289062e+00
6.792197227478027344e+00
6.791565895080566406e+00
6.791023254394531250e+00
6.790623188018798828e+00
6.790063858032226562e+00
6.789407253265380859e+00
6.788966178894042969e+00
6.788502216339111328e+00
6.787827491760253906e+00
6.787283897399902344e+00
6.786850929260253906e+00
6.786430835723876953e+00
6.785935401916503906e+00
6.785357475280761719e+00
6.784759521484375000e+00
6.784294605255126953e+00
6.783832550048828125e+00
6.783315181732177734e+00
6.782881259918212891e+00
6.782462120056152344e+00
6.781953334808349609e+00
6.781400680541992188e+00
6.780963897705078125e+00
6.780551910400390625e+00
6.780045509338378906e+00
6.779498100280761719e+00
6.779070377349853516e+00
6.778658866882324219e+00
6.778193950653076172e+00
6.777660846710205078e+00
6.777122974395751953e+00
6.776708126068115234e+00
6.776304721832275391e+00
6.775848388671875000e+00
6.775329589843750000e+00
6.774804592132568359e+00
6.774404048919677734e+00
6.774008750915527344e+00
6.773559093475341797e+00
6.773088932037353516e+00
6.772731304168701172e+00
6.772504806518554688e+00
6.772313594818115234e+00
6.772163867950439453e+00
6.771956920623779297e+00
6.771675109863281250e+00
6.771355152130126953e+00
6.770980358123779297e+00
6.770585536956787109e+00
6.770294189453125000e+00
6.770008563995361328e+00
6.769686698913574219e+00
6.769307613372802734e+00
6.768906593322753906e+00
6.768610000610351562e+00
6.768318176269531250e+00
6.767993927001953125e+00
6.767652511596679688e+00
6.767267227172851562e+00
6.766871452331542969e+00
6.766585826873779297e+00
6.766308307647705078e+00
6.766000270843505859e+00
6.765676021575927734e+00
6.765342712402343750e+00
6.764969825744628906e+00
6.764595508575439453e+00
6.764333724975585938e+00
6.764100074768066406e+00
6.764104366302490234e+00
6.763612270355224609e+00
