1.199743390083312988e+00
1.023913145065307617e+00
9.694277048110961914e-01
9.730978012084960938e-01
9.844325780868530273e-01
9.856250882148742676e-01
9.803283810615539551e-01
9.771665930747985840e-01
9.779353141784667969e-01
9.830896854400634766e-01
1.000896096229553223e+00
9.878857135772705078e-01
9.882175922393798828e-01
9.926280379295349121e-01
9.920990467071533203e-01
9.980646967887878418e-01
9.949984550476074219e-01
9.936488866806030273e-01
1.004297375679016113e+00
9.898391962051391602e-01
9.946818947792053223e-01
9.993932247161865234e-01
9.949104189872741699e-01
9.984904527664184570e-01
9.964166879653930664e-01
9.986521005630493164e-01
9.975710511207580566e-01
9.991608858108520508e-01
9.971309304237365723e-01
9.982474446296691895e-01
9.959722161293029785e-01
9.859707951545715332e-01
1.012487053871154785e+00
1.009461164474487305e+00
1.001963973045349121e+00
1.006375193595886230e+00
1.003339052200317383e+00
1.006517291069030762e+00
1.010145068168640137e+00
1.012269258499145508e+00
1.016499280929565430e+00
1.018755555152893066e+00
1.017915129661560059e+00
1.018557786941528320e+00
1.017677068710327148e+00
1.017279148101806641e+00
1.017060160636901855e+00
1.021939992904663086e+00
1.015312910079956055e+00
1.015667438507080078e+00
1.015984296798706055e+00
1.016013860702514648e+00
1.015877366065979004e+00
1.015619158744812012e+00
1.015575408935546875e+00
1.015581846237182617e+00
1.015747189521789551e+00
1.015725493431091309e+00
1.015870928764343262e+00
1.015892148017883301e+00
1.016023874282836914e+00
1.016026377677917480e+00
1.016682863235473633e+00
1.015549182891845703e+00
1.017258048057556152e+00
1.015313267707824707e+00
1.017136335372924805e+00
1.013455033302307129e+00
1.018204569816589355e+00
1.012295007705688477e+00
1.018494963645935059e+00
1.017770409584045410e+00
1.011336684226989746e+00
1.018835425376892090e+00
1.013527631759643555e+00
1.018654942512512207e+00
1.018274664878845215e+00
1.018793582916259766e+00
1.018685221672058105e+00
1.018672585487365723e+00
1.018038511276245117e+00
1.018305897712707520e+00
1.017853140830993652e+00
1.018076419830322266e+00
1.018029093742370605e+00
1.018199682235717773e+00
1.018374323844909668e+00
1.017932176589965820e+00
1.018097996711730957e+00
1.017959713935852051e+00
1.018798232078552246e+00
1.018022656440734863e+00
1.018800377845764160e+00
1.018073678016662598e+00
1.018881440162658691e+00
1.018211364746093750e+00
1.018851041793823242e+00
1.018631339073181152e+00
1.019031286239624023e+00
1.018506288528442383e+00
1.019803643226623535e+00
1.021063923835754395e+00
1.020644783973693848e+00
1.019290804862976074e+00
1.019132018089294434e+00
1.019123077392578125e+00
1.019886016845703125e+00
1.019309043884277344e+00
1.020017862319946289e+00
1.019820928573608398e+00
1.020331025123596191e+00
1.019811630249023438e+00
1.020389437675476074e+00
1.020360589027404785e+00
1.020885705947875977e+00
1.020415306091308594e+00
1.021048188209533691e+00
1.021061778068542480e+00
1.021624922752380371e+00
1.021216630935668945e+00
1.021901488304138184e+00
1.021974682807922363e+00
1.022580742835998535e+00
1.022242307662963867e+00
1.023042082786560059e+00
1.023176431655883789e+00
1.023466348648071289e+00
1.023580789566040039e+00
1.023509502410888672e+00
1.030357480049133301e+00
1.031479239463806152e+00
1.031293153762817383e+00
1.031688332557678223e+00
1.031538724899291992e+00
1.032381057739257812e+00
1.032819628715515137e+00
1.033164381980895996e+00
1.033717513084411621e+00
1.030750751495361328e+00
1.034048676490783691e+00
1.033787608146667480e+00
1.033021092414855957e+00
1.032761693000793457e+00
1.033124208450317383e+00
1.032344818115234375e+00
1.035532951354980469e+00
1.031588792800903320e+00
1.033825159072875977e+00
1.030275225639343262e+00
1.034476876258850098e+00
1.030670642852783203e+00
1.034422636032104492e+00
1.032008409500122070e+00
1.031411886215209961e+00
1.031061887741088867e+00
1.033182263374328613e+00
1.029486775398254395e+00
1.033088684082031250e+00
1.034319400787353516e+00
1.034451961517333984e+00
1.031731009483337402e+00
1.032913208007812500e+00
1.032827615737915039e+00
1.034986734390258789e+00
1.034946322441101074e+00
1.036728978157043457e+00
1.037016391754150391e+00
1.036574482917785645e+00
1.035353779792785645e+00
1.038653612136840820e+00
1.036428332328796387e+00
1.038662791252136230e+00
1.038632035255432129e+00
1.039557218551635742e+00
1.036838531494140625e+00
1.038947105407714844e+00
1.041402220726013184e+00
1.040270924568176270e+00
1.045376777648925781e+00
1.036157369613647461e+00
1.039233922958374023e+00
1.041594266891479492e+00
1.042688488960266113e+00
1.040775895118713379e+00
1.040582418441772461e+00
1.039925336837768555e+00
1.040611624717712402e+00
1.035655617713928223e+00
1.041102528572082520e+00
1.040191650390625000e+00
1.037104725837707520e+00
1.043842196464538574e+00
1.039657592773437500e+00
1.044182538986206055e+00
1.037952542304992676e+00
1.041595816612243652e+00
1.044358015060424805e+00
1.043692350387573242e+00
1.048265695571899414e+00
1.042108535766601562e+00
