1.506023883819580078e+01
9.913376808166503906e+00
7.081783771514892578e+00
7.490992069244384766e+00
7.602230072021484375e+00
7.047082901000976562e+00
6.898662567138671875e+00
6.674299716949462891e+00
6.579121589660644531e+00
6.535517692565917969e+00
6.515813827514648438e+00
6.467463493347167969e+00
6.399442672729492188e+00
6.347868442535400391e+00
6.309805870056152344e+00
6.275523662567138672e+00
6.246240615844726562e+00
6.224536895751953125e+00
6.220654487609863281e+00
6.216269969940185547e+00
6.215192794799804688e+00
6.215676784515380859e+00
6.222426414489746094e+00
6.230451583862304688e+00
6.239166736602783203e+00
6.243586540222167969e+00
6.253792285919189453e+00
6.260436058044433594e+00
6.251729011535644531e+00
6.237418651580810547e+00
6.234293937683105469e+00
6.242884635925292969e+00
6.271564960479736328e+00
6.265837669372558594e+00
6.316715717315673828e+00
6.297479629516601562e+00
6.330368041992187500e+00
6.335721015930175781e+00
6.366652488708496094e+00
6.355248451232910156e+00
6.380567073822021484e+00
6.380924701690673828e+00
6.431540966033935547e+00
6.403255939483642578e+00
6.394861698150634766e+00
6.443478107452392578e+00
6.435497760772705078e+00
6.526559352874755859e+00
6.461798191070556641e+00
6.434370517730712891e+00
6.486569881439208984e+00
6.468390941619873047e+00
6.512163162231445312e+00
6.472970008850097656e+00
6.475624561309814453e+00
6.506795406341552734e+00
6.532269954681396484e+00
6.486321926116943359e+00
6.495003223419189453e+00
6.524798393249511719e+00
6.526752948760986328e+00
6.492480278015136719e+00
6.592321872711181641e+00
6.524479389190673828e+00
6.483041763305664062e+00
6.533960819244384766e+00
6.504932880401611328e+00
6.649919986724853516e+00
6.533599853515625000e+00
6.480113506317138672e+00
6.552526473999023438e+00
6.529358386993408203e+00
6.497906208038330078e+00
6.497583866119384766e+00
6.488916397094726562e+00
6.539936065673828125e+00
6.478094577789306641e+00
6.543589591979980469e+00
6.492445468902587891e+00
6.540340900421142578e+00
6.498945713043212891e+00
6.479725837707519531e+00
6.521750926971435547e+00
6.519838809967041016e+00
6.471198558807373047e+00
6.488824367523193359e+00
6.504376411437988281e+00
6.512992382049560547e+00
6.464035987854003906e+00
6.476377487182617188e+00
6.508843898773193359e+00
6.468024253845214844e+00
6.491529464721679688e+00
6.465513706207275391e+00
6.565743446350097656e+00
6.460396766662597656e+00
6.485409259796142578e+00
6.501444816589355469e+00
6.563275337219238281e+00
6.458309650421142578e+00
6.491035938262939453e+00
6.503640174865722656e+00
6.535110950469970703e+00
6.458107471466064453e+00
6.498473167419433594e+00
6.492064476013183594e+00
6.551517486572265625e+00
6.461334705352783203e+00
6.463772773742675781e+00
6.502981662750244141e+00
6.455704212188720703e+00
6.460583686828613281e+00
6.492622852325439453e+00
6.437815189361572266e+00
6.481807231903076172e+00
6.445106983184814453e+00
6.480151176452636719e+00
6.438787460327148438e+00
6.507283687591552734e+00
6.426011562347412109e+00
6.458524703979492188e+00
6.500555515289306641e+00
6.422090530395507812e+00
6.439540863037109375e+00
6.458415031433105469e+00
6.466189384460449219e+00
6.420135498046875000e+00
6.474373340606689453e+00
6.420371532440185547e+00
6.464342594146728516e+00
6.415848255157470703e+00
6.431045532226562500e+00
6.433671951293945312e+00
6.453034400939941406e+00
6.398673057556152344e+00
6.410497188568115234e+00
6.416925430297851562e+00
6.539854526519775391e+00
6.365234375000000000e+00
6.443418025970458984e+00
6.530230998992919922e+00
6.481101036071777344e+00
6.464649677276611328e+00
6.481748104095458984e+00
6.463490486145019531e+00
6.465373516082763672e+00
6.453670978546142578e+00
6.465746402740478516e+00
6.439278602600097656e+00
6.496816158294677734e+00
6.414849758148193359e+00
6.420600414276123047e+00
6.429702758789062500e+00
6.388630867004394531e+00
6.435428142547607422e+00
6.348915576934814453e+00
6.382792472839355469e+00
6.345120429992675781e+00
6.333462238311767578e+00
6.283752441406250000e+00
6.290495395660400391e+00
6.263587951660156250e+00
6.257541656494140625e+00
6.204472541809082031e+00
5.815070152282714844e+00
5.875470638275146484e+00
5.895910739898681641e+00
6.311623573303222656e+00
6.275825977325439453e+00
6.262491226196289062e+00
6.226239204406738281e+00
6.229870796203613281e+00
6.214209079742431641e+00
6.178486347198486328e+00
5.739240169525146484e+00
5.860924720764160156e+00
6.236952304840087891e+00
5.842199325561523438e+00
6.369965553283691406e+00
6.004881381988525391e+00
6.760452747344970703e+00
6.538724899291992188e+00
6.631740093231201172e+00
6.579257488250732422e+00
6.527100086212158203e+00
6.504048347473144531e+00
6.469300270080566406e+00
6.446021080017089844e+00
6.435692310333251953e+00
6.421047687530517578e+00
6.409750461578369141e+00
6.401415824890136719e+00
6.392400741577148438e+00
6.384242057800292969e+00
6.375648975372314453e+00
6.364098548889160156e+00
6.254636764526367188e+00
6.458582878112792969e+00
6.459160327911376953e+00
6.618326187133789062e+00
