6.401534080505371094e-01
4.908938109874725342e-01
4.941514134407043457e-01
4.714983999729156494e-01
4.588027000427246094e-01
4.601245820522308350e-01
4.636891484260559082e-01
4.651894271373748779e-01
4.646326899528503418e-01
4.638318121433258057e-01
4.637058377265930176e-01
4.640492498874664307e-01
4.643442332744598389e-01
4.645060896873474121e-01
4.645813107490539551e-01
4.646230340003967285e-01
4.643510580062866211e-01
4.641941189765930176e-01
4.643381237983703613e-01
4.651578068733215332e-01
4.661948978900909424e-01
4.672065377235412598e-01
4.681495726108551025e-01
4.686720669269561768e-01
4.677964150905609131e-01
4.676735401153564453e-01
4.681774973869323730e-01
4.696741998195648193e-01
4.719145596027374268e-01
4.706135094165802002e-01
4.690355062484741211e-01
4.722970724105834961e-01
4.707127213478088379e-01
4.706647694110870361e-01
5.058683156967163086e-01
4.678046703338623047e-01
4.714123606681823730e-01
4.750688374042510986e-01
4.900521039962768555e-01
4.775047004222869873e-01
4.808174669742584229e-01
4.840837419033050537e-01
4.870042204856872559e-01
4.899207651615142822e-01
4.923514723777770996e-01
4.942827820777893066e-01
4.960142374038696289e-01
4.979411661624908447e-01
4.983156323432922363e-01
4.920228123664855957e-01
4.941406548023223877e-01
4.975567162036895752e-01
5.002866387367248535e-01
5.027987957000732422e-01
5.047031641006469727e-01
5.061461329460144043e-01
5.075303912162780762e-01
5.087061524391174316e-01
5.096518993377685547e-01
5.104916095733642578e-01
5.112977027893066406e-01
5.120855569839477539e-01
5.127823352813720703e-01
5.132019519805908203e-01
5.131967067718505859e-01
5.127283930778503418e-01
5.120970010757446289e-01
5.117483735084533691e-01
5.065689682960510254e-01
5.058854818344116211e-01
5.079745650291442871e-01
5.094287395477294922e-01
5.097045898437500000e-01
5.091214179992675781e-01
5.082933902740478516e-01
5.074918866157531738e-01
5.066824555397033691e-01
5.058194398880004883e-01
5.049473643302917480e-01
5.038884282112121582e-01
5.029297471046447754e-01
5.024814605712890625e-01
5.014969110488891602e-01
5.007249712944030762e-01
4.997915327548980713e-01
4.989305138587951660e-01
4.982178807258605957e-01
4.975157678127288818e-01
4.977939128875732422e-01
4.948806166648864746e-01
4.998913407325744629e-01
5.028231143951416016e-01
5.012803077697753906e-01
4.974185526371002197e-01
4.937382340431213379e-01
4.922623336315155029e-01
4.913536012172698975e-01
4.903347790241241455e-01
4.892847239971160889e-01
4.882634282112121582e-01
4.873957335948944092e-01
4.866267740726470947e-01
4.858947992324829102e-01
4.851904213428497314e-01
4.845103025436401367e-01
4.837531745433807373e-01
4.831483066082000732e-01
4.824941754341125488e-01
4.819301962852478027e-01
4.814090430736541748e-01
4.804114699363708496e-01
4.773778915405273438e-01
4.767264127731323242e-01
4.770903587341308594e-01
4.774324595928192139e-01
4.788367450237274170e-01
4.781594872474670410e-01
4.769921898841857910e-01
4.762028753757476807e-01
4.757842421531677246e-01
4.768765866756439209e-01
4.756022393703460693e-01
4.748293161392211914e-01
4.709207713603973389e-01
4.733903706073760986e-01
4.728612899780273438e-01
4.743504524230957031e-01
4.751884639263153076e-01
4.750733971595764160e-01
4.769049584865570068e-01
4.868790209293365479e-01
4.720174074172973633e-01
4.717338085174560547e-01
4.710921347141265869e-01
4.716953933238983154e-01
4.726963043212890625e-01
4.727176725864410400e-01
4.728070795536041260e-01
4.724147319793701172e-01
4.725224673748016357e-01
4.722673594951629639e-01
4.724492132663726807e-01
4.721204936504364014e-01
4.724241495132446289e-01
4.719690680503845215e-01
4.723712503910064697e-01
4.720441997051239014e-01
4.723002016544342041e-01
4.720360338687896729e-01
4.718800485134124756e-01
4.719010591506958008e-01
4.713537991046905518e-01
4.718622565269470215e-01
4.715470075607299805e-01
4.713574647903442383e-01
4.716110825538635254e-01
4.707753956317901611e-01
4.714599251747131348e-01
4.716106355190277100e-01
4.704257547855377197e-01
4.713967144489288330e-01
4.708416759967803955e-01
4.708017706871032715e-01
4.705910384654998779e-01
4.704698920249938965e-01
4.705682694911956787e-01
4.693374633789062500e-01
4.707895815372467041e-01
4.719150066375732422e-01
4.707335531711578369e-01
4.715570509433746338e-01
4.708758294582366943e-01
4.712169170379638672e-01
4.727147221565246582e-01
4.706352353096008301e-01
4.715260565280914307e-01
4.714076519012451172e-01
4.703619778156280518e-01
4.717496931552886963e-01
4.719797968864440918e-01
4.709217548370361328e-01
4.715251326560974121e-01
4.728760421276092529e-01
4.712171256542205811e-01
4.709993600845336914e-01
4.709055125713348389e-01
4.702024161815643311e-01
4.715316891670227051e-01
4.718196988105773926e-01
4.714331626892089844e-01
4.724070131778717041e-01
4.715875983238220215e-01
4.726832509040832520e-01
4.719994664192199707e-01
4.727553725242614746e-01
4.721036851406097412e-01
4.728628993034362793e-01
4.721876382827758789e-01
4.729312956333160400e-01
4.722046554088592529e-01
