1.631142616271972656e+01
1.135276222229003906e+01
6.961724281311035156e+00
3.890076160430908203e+00
2.614764690399169922e+00
2.548396587371826172e+00
2.668649911880493164e+00
2.659568786621093750e+00
2.633057355880737305e+00
2.623987674713134766e+00
2.640666007995605469e+00
2.658089399337768555e+00
2.680438995361328125e+00
2.702616214752197266e+00
2.719103574752807617e+00
2.728607892990112305e+00
2.733978271484375000e+00
2.737222671508789062e+00
2.694194555282592773e+00
2.700001716613769531e+00
2.702707052230834961e+00
2.702621936798095703e+00
2.701119661331176758e+00
2.699322462081909180e+00
2.697737216949462891e+00
2.696437120437622070e+00
2.695277690887451172e+00
2.694155216217041016e+00
2.693069934844970703e+00
2.692001819610595703e+00
2.690936565399169922e+00
2.689876317977905273e+00
2.688824176788330078e+00
2.687777757644653320e+00
2.686730623245239258e+00
2.685679435729980469e+00
2.684621095657348633e+00
2.683554410934448242e+00
2.682477712631225586e+00
2.681390047073364258e+00
2.680289506912231445e+00
2.679177045822143555e+00
2.678050518035888672e+00
2.676910400390625000e+00
2.675720930099487305e+00
2.674533367156982422e+00
2.673347234725952148e+00
2.672145843505859375e+00
2.670921087265014648e+00
2.669690132141113281e+00
2.668454647064208984e+00
2.667212009429931641e+00
2.665964365005493164e+00
2.664716482162475586e+00
2.663471221923828125e+00
2.662230253219604492e+00
2.660996913909912109e+00
2.659773349761962891e+00
2.658545732498168945e+00
2.657338142395019531e+00
2.656144142150878906e+00
2.654929637908935547e+00
2.653213024139404297e+00
2.651823997497558594e+00
2.652055263519287109e+00
2.653510808944702148e+00
2.652980804443359375e+00
2.651683807373046875e+00
2.650229454040527344e+00
2.648581027984619141e+00
2.649642944335937500e+00
2.652804136276245117e+00
2.658606290817260742e+00
2.663800477981567383e+00
2.665416955947875977e+00
2.665439367294311523e+00
2.665448427200317383e+00
2.665907621383666992e+00
2.666367053985595703e+00
2.666768550872802734e+00
2.666971445083618164e+00
2.667209863662719727e+00
2.667332649230957031e+00
2.667431592941284180e+00
2.667563199996948242e+00
2.667723417282104492e+00
2.667785406112670898e+00
2.667843103408813477e+00
2.667914390563964844e+00
2.667936086654663086e+00
2.667932033538818359e+00
2.667921304702758789e+00
2.667870521545410156e+00
2.667510509490966797e+00
2.665804147720336914e+00
2.662548780441284180e+00
2.659336328506469727e+00
2.656562089920043945e+00
2.654178857803344727e+00
2.652055501937866211e+00
2.650112390518188477e+00
2.648281097412109375e+00
2.646091699600219727e+00
2.642253160476684570e+00
2.637168169021606445e+00
2.632590532302856445e+00
2.633588075637817383e+00
2.635308504104614258e+00
2.710181474685668945e+00
2.705506086349487305e+00
2.704386949539184570e+00
2.703432798385620117e+00
2.702656269073486328e+00
2.702768325805664062e+00
2.702961444854736328e+00
2.702727079391479492e+00
2.702210426330566406e+00
2.702738761901855469e+00
2.702438354492187500e+00
2.702489376068115234e+00
2.702136278152465820e+00
2.702573537826538086e+00
2.702097415924072266e+00
2.701638698577880859e+00
2.702932834625244141e+00
2.702538728713989258e+00
2.701511383056640625e+00
2.701197624206542969e+00
2.700873613357543945e+00
2.701389074325561523e+00
2.704168796539306641e+00
2.703427553176879883e+00
2.701566457748413086e+00
2.701018333435058594e+00
2.700732946395874023e+00
2.700544595718383789e+00
2.700674295425415039e+00
2.701430082321166992e+00
2.700210332870483398e+00
2.699634313583374023e+00
2.701767921447753906e+00
2.701882362365722656e+00
2.704784631729125977e+00
2.702440738677978516e+00
2.700338840484619141e+00
2.700789451599121094e+00
2.702155828475952148e+00
2.701500415802001953e+00
2.702959775924682617e+00
2.702528953552246094e+00
2.701222896575927734e+00
2.700839757919311523e+00
2.700819730758666992e+00
2.700578212738037109e+00
2.700330495834350586e+00
2.699844360351562500e+00
2.702889204025268555e+00
2.707972526550292969e+00
2.705746412277221680e+00
2.702024221420288086e+00
2.700746536254882812e+00
2.700099468231201172e+00
2.699649572372436523e+00
2.699621438980102539e+00
2.699863195419311523e+00
2.699844837188720703e+00
2.699799537658691406e+00
2.701483488082885742e+00
2.699832677841186523e+00
2.698556423187255859e+00
2.699219226837158203e+00
2.699617147445678711e+00
2.699254512786865234e+00
2.698060512542724609e+00
2.769821166992187500e+00
2.745005607604980469e+00
2.705039978027343750e+00
2.696017503738403320e+00
2.709452629089355469e+00
2.706488132476806641e+00
2.706149816513061523e+00
2.708634853363037109e+00
2.709484100341796875e+00
2.707325220108032227e+00
2.705569028854370117e+00
2.705117702484130859e+00
2.696298599243164062e+00
2.704773426055908203e+00
2.703436613082885742e+00
2.697290420532226562e+00
2.695860624313354492e+00
2.697408914566040039e+00
2.697789192199707031e+00
2.696946620941162109e+00
2.696227073669433594e+00
2.695834398269653320e+00
2.695487737655639648e+00
2.695131540298461914e+00
2.694796323776245117e+00
2.694460391998291016e+00
