3.758209228515625000e+01
3.366714477539062500e+01
3.069249153137207031e+01
2.915647888183593750e+01
2.864920997619628906e+01
2.861589241027832031e+01
2.871440696716308594e+01
2.876906013488769531e+01
2.877200317382812500e+01
2.875078392028808594e+01
2.872835540771484375e+01
2.871764183044433594e+01
2.871765518188476562e+01
2.872087669372558594e+01
2.872308349609375000e+01
2.872408676147460938e+01
2.872105407714843750e+01
2.871729469299316406e+01
2.871618652343750000e+01
2.871475028991699219e+01
2.871579933166503906e+01
2.871290779113769531e+01
2.870943832397460938e+01
2.870757102966308594e+01
2.870840263366699219e+01
2.870760345458984375e+01
2.870541954040527344e+01
2.870828819274902344e+01
2.871338272094726562e+01
2.872047615051269531e+01
2.871653938293457031e+01
2.870959091186523438e+01
2.870499229431152344e+01
2.871615600585937500e+01
2.871017837524414062e+01
2.870633888244628906e+01
2.869906425476074219e+01
2.870684432983398438e+01
2.870473861694335938e+01
2.869769287109375000e+01
2.869567871093750000e+01
2.869394302368164062e+01
2.870776939392089844e+01
2.869642829895019531e+01
2.869980812072753906e+01
2.871326828002929688e+01
2.868375015258789062e+01
2.871132087707519531e+01
2.869575691223144531e+01
2.867698669433593750e+01
2.867723083496093750e+01
2.867807388305664062e+01
2.867662811279296875e+01
2.867616462707519531e+01
2.867590332031250000e+01
2.870444107055664062e+01
2.879329490661621094e+01
2.872729110717773438e+01
2.868261337280273438e+01
2.866831970214843750e+01
2.866752624511718750e+01
2.866487312316894531e+01
2.866825294494628906e+01
2.867167854309082031e+01
2.867088317871093750e+01
2.866785240173339844e+01
2.860745620727539062e+01
2.863184165954589844e+01
2.861271858215332031e+01
2.864421081542968750e+01
2.865533447265625000e+01
2.862943458557128906e+01
2.863014221191406250e+01
2.861616134643554688e+01
2.862607765197753906e+01
2.863028335571289062e+01
2.863013267517089844e+01
2.862472534179687500e+01
2.862734603881835938e+01
2.862100028991699219e+01
2.862411308288574219e+01
2.862626647949218750e+01
2.862657165527343750e+01
2.862441253662109375e+01
2.862506484985351562e+01
2.862185478210449219e+01
2.862717628479003906e+01
2.861610984802246094e+01
2.863386154174804688e+01
2.862648010253906250e+01
2.862978935241699219e+01
2.862091636657714844e+01
2.862713432312011719e+01
2.861661148071289062e+01
2.862479591369628906e+01
2.862300300598144531e+01
2.862350845336914062e+01
2.862220382690429688e+01
2.862304687500000000e+01
2.862061500549316406e+01
2.862321090698242188e+01
2.861857795715332031e+01
2.862114524841308594e+01
2.862014579772949219e+01
2.861926269531250000e+01
2.862293434143066406e+01
2.861862182617187500e+01
2.862230682373046875e+01
2.861924171447753906e+01
2.863582992553710938e+01
2.862879562377929688e+01
2.862987327575683594e+01
2.861423301696777344e+01
2.862550926208496094e+01
2.861601448059082031e+01
2.862307548522949219e+01
2.862729835510253906e+01
2.862316513061523438e+01
2.862128257751464844e+01
2.861874198913574219e+01
2.862100601196289062e+01
2.861884689331054688e+01
2.862178611755371094e+01
2.861752700805664062e+01
2.861936378479003906e+01
2.861973571777343750e+01
2.862138366699218750e+01
2.861802864074707031e+01
2.861820411682128906e+01
2.862046241760253906e+01
2.861946678161621094e+01
2.862083435058593750e+01
2.861729431152343750e+01
2.861964607238769531e+01
2.861753845214843750e+01
2.861965179443359375e+01
2.861756896972656250e+01
2.861980247497558594e+01
2.861722183227539062e+01
2.862351608276367188e+01
2.862839698791503906e+01
2.861918640136718750e+01
2.862310028076171875e+01
2.861318778991699219e+01
2.863539314270019531e+01
2.862338638305664062e+01
2.862978935241699219e+01
2.861075782775878906e+01
2.862122154235839844e+01
2.863199234008789062e+01
2.862460136413574219e+01
2.862182617187500000e+01
2.861819839477539062e+01
2.861940765380859375e+01
2.861864852905273438e+01
2.862038993835449219e+01
2.861896324157714844e+01
2.862062644958496094e+01
2.861832618713378906e+01
2.862059020996093750e+01
2.861712646484375000e+01
2.861785125732421875e+01
2.861965560913085938e+01
2.861941337585449219e+01
2.861947441101074219e+01
2.861860084533691406e+01
2.861946868896484375e+01
2.861769294738769531e+01
2.862030601501464844e+01
2.861542701721191406e+01
2.862188339233398438e+01
2.862137222290039062e+01
2.862792968750000000e+01
2.861542129516601562e+01
2.862805747985839844e+01
2.861873626708984375e+01
2.861981773376464844e+01
2.862519264221191406e+01
2.862014770507812500e+01
2.862050628662109375e+01
2.861625862121582031e+01
2.861756896972656250e+01
2.861943054199218750e+01
2.861964035034179688e+01
2.861943626403808594e+01
2.861910247802734375e+01
2.861893081665039062e+01
2.861863708496093750e+01
2.861880874633789062e+01
2.861844444274902344e+01
2.861890029907226562e+01
2.861795425415039062e+01
2.861928558349609375e+01
2.861651611328125000e+01
2.861757469177246094e+01
2.861767578125000000e+01
2.861509704589843750e+01
2.862079429626464844e+01
2.862350463867187500e+01
2.862096977233886719e+01
