1.223974108695983887e+00
9.585765004158020020e-01
8.972117304801940918e-01
8.977698683738708496e-01
9.093136787414550781e-01
9.120904803276062012e-01
9.161188006401062012e-01
9.057758450508117676e-01
8.982141017913818359e-01
8.897376656532287598e-01
8.882998824119567871e-01
8.921563625335693359e-01
9.396769404411315918e-01
9.291896224021911621e-01
8.916248679161071777e-01
9.149778485298156738e-01
9.097700715065002441e-01
9.069845676422119141e-01
9.077340364456176758e-01
9.092857241630554199e-01
9.105339050292968750e-01
9.118220210075378418e-01
9.119354486465454102e-01
9.126072525978088379e-01
9.128390550613403320e-01
9.132473468780517578e-01
9.143371582031250000e-01
9.143479466438293457e-01
9.147362709045410156e-01
9.153088331222534180e-01
9.159287810325622559e-01
9.163323640823364258e-01
9.174054861068725586e-01
9.190304279327392578e-01
9.181681275367736816e-01
9.196792244911193848e-01
9.225891232490539551e-01
7.037463188171386719e-01
5.583146214485168457e-01
5.907777547836303711e-01
5.740660429000854492e-01
5.802676081657409668e-01
5.905501842498779297e-01
7.195744514465332031e-01
6.832717657089233398e-01
6.901702284812927246e-01
6.322163343429565430e-01
6.524296402931213379e-01
6.493210792541503906e-01
6.608341932296752930e-01
6.152675151824951172e-01
6.472404003143310547e-01
6.541908383369445801e-01
6.493630409240722656e-01
6.478979587554931641e-01
6.475834250450134277e-01
6.516183018684387207e-01
6.509984135627746582e-01
6.459191441535949707e-01
6.487783193588256836e-01
6.473820805549621582e-01
6.459994316101074219e-01
6.465695500373840332e-01
6.427477598190307617e-01
6.459444761276245117e-01
6.450496912002563477e-01
6.427924633026123047e-01
6.504583954811096191e-01
6.527061462402343750e-01
6.485046148300170898e-01
6.511117219924926758e-01
6.496880650520324707e-01
6.493666172027587891e-01
6.457422971725463867e-01
6.520984172821044922e-01
6.523469686508178711e-01
6.520423889160156250e-01
6.460319757461547852e-01
6.549006104469299316e-01
6.584382057189941406e-01
6.500671505928039551e-01
6.548916697502136230e-01
6.350216269493103027e-01
6.578091382980346680e-01
6.550613641738891602e-01
6.621009707450866699e-01
6.593547463417053223e-01
6.620032787322998047e-01
6.665791869163513184e-01
6.188481450080871582e-01
6.432449221611022949e-01
6.643306612968444824e-01
6.653111577033996582e-01
6.588471531867980957e-01
6.620725989341735840e-01
6.601800322532653809e-01
6.612714529037475586e-01
6.599670052528381348e-01
6.590071320533752441e-01
6.642267107963562012e-01
6.645398139953613281e-01
6.641102433204650879e-01
6.681473255157470703e-01
6.693899631500244141e-01
6.715133190155029297e-01
6.763738393783569336e-01
6.778237223625183105e-01
6.777728796005249023e-01
6.217998862266540527e-01
6.735388040542602539e-01
6.691659688949584961e-01
6.848887801170349121e-01
6.787739396095275879e-01
6.759353280067443848e-01
6.771615147590637207e-01
6.751754879951477051e-01
6.758946776390075684e-01
6.764596104621887207e-01
6.762614250183105469e-01
6.817335486412048340e-01
6.827034354209899902e-01
6.836844682693481445e-01
6.890814304351806641e-01
6.912631392478942871e-01
6.949802041053771973e-01
6.982867717742919922e-01
7.057207822799682617e-01
7.041603922843933105e-01
6.759753227233886719e-01
6.905145645141601562e-01
7.106749415397644043e-01
6.956440210342407227e-01
6.863701939582824707e-01
6.951634287834167480e-01
6.911342144012451172e-01
6.968284845352172852e-01
6.924540400505065918e-01
6.977344751358032227e-01
6.953454017639160156e-01
6.970503330230712891e-01
6.959348320960998535e-01
6.980897784233093262e-01
6.953628659248352051e-01
5.633593201637268066e-01
5.848997235298156738e-01
6.608237624168395996e-01
6.501051187515258789e-01
6.697625517845153809e-01
6.787229776382446289e-01
6.662805080413818359e-01
6.584198474884033203e-01
6.557778120040893555e-01
6.511375904083251953e-01
6.485747098922729492e-01
6.475161314010620117e-01
6.479533314704895020e-01
6.495459079742431641e-01
6.510661244392395020e-01
6.516358256340026855e-01
6.553358435630798340e-01
6.579073667526245117e-01
6.577854752540588379e-01
6.596423983573913574e-01
6.614907979965209961e-01
6.631178259849548340e-01
6.649933457374572754e-01
6.666319370269775391e-01
6.681129932403564453e-01
6.680405735969543457e-01
6.710913181304931641e-01
6.731500029563903809e-01
6.721748113632202148e-01
6.736868023872375488e-01
6.740034222602844238e-01
6.743230819702148438e-01
6.755245327949523926e-01
6.743751168251037598e-01
6.765641570091247559e-01
6.781738996505737305e-01
6.768836379051208496e-01
6.768853664398193359e-01
6.775564551353454590e-01
6.769770979881286621e-01
6.758348345756530762e-01
6.790936589241027832e-01
6.781944036483764648e-01
6.774796247482299805e-01
6.779003143310546875e-01
6.765553355216979980e-01
6.771063804626464844e-01
6.786769628524780273e-01
6.759283542633056641e-01
6.787164211273193359e-01
6.770338416099548340e-01
6.742990612983703613e-01
6.766909360885620117e-01
6.782686114311218262e-01
6.732699275016784668e-01
6.779209375381469727e-01
6.795820593833923340e-01
