8.499644279479980469e+00
7.351073741912841797e+00
6.430193424224853516e+00
5.917109489440917969e+00
3.958182573318481445e+00
3.061524868011474609e+00
2.961861133575439453e+00
2.862295866012573242e+00
2.798424243927001953e+00
2.745082855224609375e+00
2.737872838973999023e+00
2.746877908706665039e+00
2.740975141525268555e+00
2.822119235992431641e+00
2.755887031555175781e+00
2.775204420089721680e+00
2.784855842590332031e+00
2.785273790359497070e+00
2.785735368728637695e+00
2.805419921875000000e+00
2.822666406631469727e+00
2.827712059020996094e+00
2.843056678771972656e+00
2.845060348510742188e+00
2.824628591537475586e+00
2.853460311889648438e+00
2.831772089004516602e+00
2.847095012664794922e+00
2.877902030944824219e+00
2.903851509094238281e+00
2.867153882980346680e+00
2.850472927093505859e+00
2.852483034133911133e+00
2.848950862884521484e+00
2.843600273132324219e+00
2.854067802429199219e+00
2.862495422363281250e+00
2.859805822372436523e+00
2.860444545745849609e+00
2.869070529937744141e+00
2.881973028182983398e+00
2.881597995758056641e+00
2.886092901229858398e+00
2.882749319076538086e+00
2.880144357681274414e+00
2.928497076034545898e+00
2.891222238540649414e+00
2.879293680191040039e+00
2.863220214843750000e+00
2.855669975280761719e+00
2.853304862976074219e+00
2.809710264205932617e+00
2.815854549407958984e+00
2.743844032287597656e+00
2.766906499862670898e+00
2.816497564315795898e+00
2.923787593841552734e+00
2.891686677932739258e+00
2.791193723678588867e+00
2.822329521179199219e+00
2.767867326736450195e+00
2.815404653549194336e+00
2.828962087631225586e+00
2.852126836776733398e+00
2.855996608734130859e+00
2.891364812850952148e+00
2.871074438095092773e+00
2.900247812271118164e+00
2.895620107650756836e+00
2.904027938842773438e+00
2.899320125579833984e+00
2.901577234268188477e+00
2.902212619781494141e+00
2.908054590225219727e+00
2.908429861068725586e+00
2.920088529586791992e+00
2.911696434020996094e+00
2.925720214843750000e+00
2.914079189300537109e+00
2.916870117187500000e+00
2.923624277114868164e+00
2.912755489349365234e+00
2.926614046096801758e+00
2.917307615280151367e+00
2.930794239044189453e+00
2.924367427825927734e+00
2.927126169204711914e+00
2.929840087890625000e+00
2.910365581512451172e+00
2.933448314666748047e+00
2.918908596038818359e+00
2.945266485214233398e+00
2.922431707382202148e+00
2.944412231445312500e+00
2.917377233505249023e+00
2.946992397308349609e+00
2.925719738006591797e+00
2.946538448333740234e+00
2.933145761489868164e+00
2.943888187408447266e+00
2.933400154113769531e+00
2.937709569931030273e+00
2.925166606903076172e+00
2.938889265060424805e+00
2.924070119857788086e+00
2.949390888214111328e+00
2.930054664611816406e+00
2.948770284652709961e+00
2.926509857177734375e+00
2.942973852157592773e+00
2.921775579452514648e+00
2.937647342681884766e+00
2.917188882827758789e+00
2.940037965774536133e+00
2.922338008880615234e+00
2.940742731094360352e+00
2.921346902847290039e+00
2.938423871994018555e+00
2.922675132751464844e+00
2.939506292343139648e+00
2.925946474075317383e+00
2.940172910690307617e+00
2.929430723190307617e+00
2.938614606857299805e+00
2.929224967956542969e+00
2.933174610137939453e+00
2.927392959594726562e+00
2.930413007736206055e+00
2.921427011489868164e+00
2.932067155838012695e+00
2.922138929367065430e+00
2.942200183868408203e+00
2.932475805282592773e+00
2.928902149200439453e+00
2.929750680923461914e+00
2.925326824188232422e+00
2.939545869827270508e+00
2.928923606872558594e+00
2.945048332214355469e+00
2.933892011642456055e+00
2.943774461746215820e+00
2.932624340057373047e+00
2.925664424896240234e+00
2.935091972351074219e+00
2.931030511856079102e+00
2.943389654159545898e+00
2.933629512786865234e+00
2.928400754928588867e+00
2.931253910064697266e+00
2.924078226089477539e+00
2.944297790527343750e+00
2.935176372528076172e+00
2.945727109909057617e+00
2.931938171386718750e+00
2.923573493957519531e+00
2.930173397064208984e+00
2.925177574157714844e+00
2.923352003097534180e+00
2.916959524154663086e+00
2.920601606369018555e+00
2.923698902130126953e+00
2.939785718917846680e+00
2.933413505554199219e+00
2.947768449783325195e+00
2.935178518295288086e+00
2.932238101959228516e+00
2.924790859222412109e+00
2.933770656585693359e+00
2.930740356445312500e+00
2.933154106140136719e+00
2.929496049880981445e+00
2.915781259536743164e+00
2.935194253921508789e+00
2.925955057144165039e+00
2.942278861999511719e+00
2.926212549209594727e+00
2.922135829925537109e+00
2.925903320312500000e+00
2.930889844894409180e+00
2.933573722839355469e+00
2.929860591888427734e+00
2.914717197418212891e+00
2.934817314147949219e+00
2.924015760421752930e+00
2.941484212875366211e+00
2.925113201141357422e+00
2.922446966171264648e+00
2.925681352615356445e+00
2.929790258407592773e+00
2.925551891326904297e+00
2.921730756759643555e+00
2.927522897720336914e+00
2.930267810821533203e+00
2.934048175811767578e+00
2.929476022720336914e+00
2.912808895111083984e+00
2.933579206466674805e+00
2.922268867492675781e+00
2.940210580825805664e+00
2.924358129501342773e+00
