5.381319046020507812e+01
4.366056060791015625e+01
3.218686676025390625e+01
2.199217033386230469e+01
1.682284355163574219e+01
1.522642135620117188e+01
1.511069488525390625e+01
1.528922939300537109e+01
1.615593719482421875e+01
1.707439994812011719e+01
1.437267398834228516e+01
1.396782016754150391e+01
1.412867641448974609e+01
1.428972530364990234e+01
1.427084827423095703e+01
1.417320823669433594e+01
1.396970653533935547e+01
1.456029319763183594e+01
1.333300495147705078e+01
1.335068225860595703e+01
1.348649501800537109e+01
1.351502895355224609e+01
1.350888919830322266e+01
1.349797153472900391e+01
1.344210147857666016e+01
1.336546897888183594e+01
1.332361507415771484e+01
1.332067584991455078e+01
1.332360553741455078e+01
1.331998920440673828e+01
1.330790996551513672e+01
1.329474449157714844e+01
1.328084945678710938e+01
1.327105712890625000e+01
1.329990005493164062e+01
1.333519172668457031e+01
1.334197807312011719e+01
1.332821369171142578e+01
1.330651283264160156e+01
1.330273151397705078e+01
1.329888629913330078e+01
1.328920078277587891e+01
1.328161239624023438e+01
1.327725410461425781e+01
1.327400016784667969e+01
1.326373672485351562e+01
1.321317863464355469e+01
1.331268596649169922e+01
1.329266166687011719e+01
1.362358570098876953e+01
1.328890514373779297e+01
1.349040794372558594e+01
1.355042171478271484e+01
1.348192310333251953e+01
1.342856311798095703e+01
1.328906822204589844e+01
1.446014881134033203e+01
1.291976356506347656e+01
1.280419540405273438e+01
1.282844543457031250e+01
1.288125038146972656e+01
1.289779567718505859e+01
1.288010978698730469e+01
1.285524845123291016e+01
1.283616161346435547e+01
1.282229328155517578e+01
1.281329727172851562e+01
1.281329917907714844e+01
1.280851364135742188e+01
1.280442714691162109e+01
1.279657554626464844e+01
1.279356193542480469e+01
1.278696346282958984e+01
1.278551673889160156e+01
1.278929901123046875e+01
1.278863906860351562e+01
1.279098415374755859e+01
1.278146648406982422e+01
1.278489589691162109e+01
1.276976108551025391e+01
1.277041721343994141e+01
1.277900505065917969e+01
1.277629947662353516e+01
1.276121997833251953e+01
1.276459121704101562e+01
1.275225734710693359e+01
1.273060417175292969e+01
1.281603050231933594e+01
1.308745479583740234e+01
1.306953811645507812e+01
1.286279487609863281e+01
1.276886558532714844e+01
1.284417057037353516e+01
1.287073516845703125e+01
1.280996036529541016e+01
1.279105377197265625e+01
1.278382205963134766e+01
1.276642608642578125e+01
1.277201271057128906e+01
1.272996330261230469e+01
1.285849761962890625e+01
1.279117107391357422e+01
1.276179504394531250e+01
1.285526180267333984e+01
1.287577152252197266e+01
1.281280422210693359e+01
1.276309204101562500e+01
1.275302124023437500e+01
1.275427722930908203e+01
1.275384426116943359e+01
1.275480079650878906e+01
1.275792503356933594e+01
1.276100826263427734e+01
1.276225376129150391e+01
1.275405025482177734e+01
1.273708724975585938e+01
1.272884654998779297e+01
1.273072719573974609e+01
1.273149299621582031e+01
1.272967910766601562e+01
1.272858810424804688e+01
1.272849941253662109e+01
1.272863864898681641e+01
1.272880840301513672e+01
1.272878837585449219e+01
1.272854709625244141e+01
1.272843837738037109e+01
1.272840213775634766e+01
1.272855663299560547e+01
1.272824573516845703e+01
1.272799491882324219e+01
1.272811222076416016e+01
1.272827529907226562e+01
1.272848606109619141e+01
1.272884559631347656e+01
1.272909164428710938e+01
1.272912979125976562e+01
1.272951507568359375e+01
1.272963619232177734e+01
1.272947311401367188e+01
1.272931671142578125e+01
1.272928619384765625e+01
1.272943878173828125e+01
1.272955513000488281e+01
1.272966861724853516e+01
1.272978115081787109e+01
1.272991085052490234e+01
1.273002815246582031e+01
1.273012256622314453e+01
1.273018741607666016e+01
1.273023128509521484e+01
1.273027324676513672e+01
1.273030948638916016e+01
1.271116352081298828e+01
1.271466445922851562e+01
1.271683311462402344e+01
1.271694564819335938e+01
1.271973037719726562e+01
1.271736335754394531e+01
1.271903419494628906e+01
1.271616268157958984e+01
1.271682453155517578e+01
1.271612358093261719e+01
1.271665287017822266e+01
1.271480178833007812e+01
1.271619129180908203e+01
1.271386909484863281e+01
1.271685981750488281e+01
1.271247291564941406e+01
1.271799850463867188e+01
1.271067523956298828e+01
1.271836948394775391e+01
1.270837593078613281e+01
1.271958923339843750e+01
1.270625114440917969e+01
1.272258090972900391e+01
1.270791530609130859e+01
1.272569942474365234e+01
1.270913219451904297e+01
1.272577476501464844e+01
1.270963478088378906e+01
1.272448539733886719e+01
1.270689105987548828e+01
1.272217941284179688e+01
1.270603275299072266e+01
1.271966552734375000e+01
1.270558452606201172e+01
1.271760559082031250e+01
1.270393466949462891e+01
1.271566677093505859e+01
1.270153236389160156e+01
1.271191024780273438e+01
1.269416618347167969e+01
1.270844268798828125e+01
1.269246768951416016e+01
1.271337985992431641e+01
1.269248485565185547e+01
1.271446418762207031e+01
1.269246292114257812e+01
1.271086978912353516e+01
