4.257947540283203125e+01
3.561205291748046875e+01
3.022909164428710938e+01
2.824897956848144531e+01
2.840637207031250000e+01
2.889380455017089844e+01
2.960955810546875000e+01
2.949124336242675781e+01
2.903116416931152344e+01
2.880973434448242188e+01
2.883509445190429688e+01
2.890148353576660156e+01
2.881223297119140625e+01
2.889471435546875000e+01
2.873833084106445312e+01
2.892469787597656250e+01
2.887493705749511719e+01
2.877040290832519531e+01
2.892977142333984375e+01
2.885535049438476562e+01
2.877054595947265625e+01
2.903719139099121094e+01
2.896033859252929688e+01
2.882658576965332031e+01
2.893254280090332031e+01
2.882440757751464844e+01
2.896696662902832031e+01
2.887776756286621094e+01
2.903315162658691406e+01
2.882023239135742188e+01
2.898059654235839844e+01
2.894311523437500000e+01
2.899051094055175781e+01
2.896211242675781250e+01
2.895960617065429688e+01
2.897215080261230469e+01
2.900027656555175781e+01
2.903777313232421875e+01
2.900492668151855469e+01
2.903397941589355469e+01
2.905076408386230469e+01
2.903909873962402344e+01
2.904373359680175781e+01
2.905671691894531250e+01
2.907652091979980469e+01
2.907478904724121094e+01
2.907761764526367188e+01
2.908585929870605469e+01
2.914285850524902344e+01
2.910208702087402344e+01
2.909310150146484375e+01
2.910440635681152344e+01
2.911639785766601562e+01
2.912432098388671875e+01
2.912337303161621094e+01
2.912079238891601562e+01
2.912596511840820312e+01
2.913345909118652344e+01
2.913709640502929688e+01
2.913483047485351562e+01
2.913867187500000000e+01
2.914556121826171875e+01
2.914774131774902344e+01
2.914816856384277344e+01
2.915137290954589844e+01
2.915036773681640625e+01
2.915132713317871094e+01
2.915416145324707031e+01
2.915497779846191406e+01
2.915357017517089844e+01
2.914336013793945312e+01
2.942299652099609375e+01
2.931934165954589844e+01
2.899373435974121094e+01
2.898300743103027344e+01
2.901771736145019531e+01
2.907535934448242188e+01
2.893147850036621094e+01
2.895892333984375000e+01
2.917080688476562500e+01
2.865559959411621094e+01
2.919555664062500000e+01
2.887728881835937500e+01
2.898046875000000000e+01
2.905716705322265625e+01
2.879709625244140625e+01
2.923023605346679688e+01
2.888930511474609375e+01
2.920640754699707031e+01
2.904655265808105469e+01
2.896354484558105469e+01
2.889989662170410156e+01
2.916743469238281250e+01
2.890242576599121094e+01
2.893629646301269531e+01
2.912538909912109375e+01
2.892259979248046875e+01
2.919775390625000000e+01
2.892348861694335938e+01
2.896314620971679688e+01
2.926896858215332031e+01
2.899937820434570312e+01
2.927675628662109375e+01
2.981735801696777344e+01
2.892148017883300781e+01
2.928082847595214844e+01
2.906184959411621094e+01
2.900798416137695312e+01
2.927497482299804688e+01
2.898765373229980469e+01
2.894857406616210938e+01
2.925411224365234375e+01
2.900803375244140625e+01
2.903544235229492188e+01
2.902122306823730469e+01
2.915356445312500000e+01
2.897454071044921875e+01
2.920335769653320312e+01
2.899714279174804688e+01
2.910328865051269531e+01
2.897785949707031250e+01
2.929305076599121094e+01
2.902271080017089844e+01
2.885510826110839844e+01
2.924780273437500000e+01
2.903868293762207031e+01
2.904552650451660156e+01
2.910141181945800781e+01
2.913230705261230469e+01
2.906809616088867188e+01
2.919951629638671875e+01
2.897512435913085938e+01
2.932646369934082031e+01
2.907696914672851562e+01
2.887329673767089844e+01
2.932987213134765625e+01
2.905784988403320312e+01
2.891306686401367188e+01
2.934287071228027344e+01
2.913408660888671875e+01
2.905088615417480469e+01
2.907760810852050781e+01
2.916458129882812500e+01
2.900487709045410156e+01
2.914869308471679688e+01
2.901510238647460938e+01
2.914739227294921875e+01
2.905168914794921875e+01
2.913530731201171875e+01
2.905974578857421875e+01
2.917388153076171875e+01
2.902945518493652344e+01
2.915458869934082031e+01
2.907174873352050781e+01
2.916140747070312500e+01
2.905009651184082031e+01
2.916781616210937500e+01
2.905564117431640625e+01
2.916122055053710938e+01
2.905756568908691406e+01
2.917070960998535156e+01
2.905303764343261719e+01
2.920263099670410156e+01
2.908516120910644531e+01
2.919988250732421875e+01
2.911123657226562500e+01
2.924111938476562500e+01
2.905931472778320312e+01
2.920538711547851562e+01
2.909215545654296875e+01
2.920344543457031250e+01
2.909331130981445312e+01
2.922937011718750000e+01
2.905995941162109375e+01
2.919545745849609375e+01
2.907935714721679688e+01
2.919156646728515625e+01
2.907230758666992188e+01
2.920113754272460938e+01
2.905859375000000000e+01
2.918176269531250000e+01
2.907560920715332031e+01
2.919574928283691406e+01
2.905430412292480469e+01
2.915315818786621094e+01
2.908174133300781250e+01
2.920082855224609375e+01
2.902252006530761719e+01
2.913888168334960938e+01
2.908224487304687500e+01
2.918980789184570312e+01
2.901334190368652344e+01
2.913015747070312500e+01
2.908132553100585938e+01
2.919265937805175781e+01
2.899979209899902344e+01
2.911141204833984375e+01
2.909246253967285156e+01
2.916724014282226562e+01
2.900817298889160156e+01
