4.561016082763671875e+01
3.454823684692382812e+01
2.170913124084472656e+01
1.245946788787841797e+01
9.318384170532226562e+00
8.918775558471679688e+00
9.159676551818847656e+00
9.270051002502441406e+00
9.292972564697265625e+00
9.523515701293945312e+00
8.966048240661621094e+00
9.062171936035156250e+00
9.256978034973144531e+00
9.109099388122558594e+00
9.227769851684570312e+00
9.147113800048828125e+00
9.119334220886230469e+00
9.154703140258789062e+00
9.148725509643554688e+00
9.076581954956054688e+00
9.058369636535644531e+00
9.102523803710937500e+00
9.091515541076660156e+00
9.058371543884277344e+00
8.993482589721679688e+00
8.889383316040039062e+00
8.936747550964355469e+00
8.908550262451171875e+00
8.894973754882812500e+00
8.870616912841796875e+00
8.884019851684570312e+00
8.839989662170410156e+00
8.837748527526855469e+00
8.831865310668945312e+00
8.922026634216308594e+00
8.757136344909667969e+00
8.931117057800292969e+00
8.685814857482910156e+00
8.850637435913085938e+00
8.913107872009277344e+00
8.611606597900390625e+00
8.789885520935058594e+00
8.831108093261718750e+00
8.735177040100097656e+00
8.686193466186523438e+00
8.743150711059570312e+00
8.753855705261230469e+00
8.905786514282226562e+00
8.646181106567382812e+00
8.760289192199707031e+00
8.686084747314453125e+00
8.689403533935546875e+00
8.667754173278808594e+00
8.678775787353515625e+00
8.664010047912597656e+00
8.655756950378417969e+00
8.576879501342773438e+00
8.629665374755859375e+00
8.668909072875976562e+00
8.639266014099121094e+00
8.640795707702636719e+00
8.594436645507812500e+00
8.627983093261718750e+00
8.605833053588867188e+00
8.624237060546875000e+00
8.575841903686523438e+00
8.617609977722167969e+00
8.611158370971679688e+00
8.725443840026855469e+00
8.578590393066406250e+00
8.683590888977050781e+00
8.509569168090820312e+00
8.660663604736328125e+00
8.451858520507812500e+00
8.816156387329101562e+00
8.463679313659667969e+00
8.535910606384277344e+00
8.497513771057128906e+00
8.492327690124511719e+00
8.454207420349121094e+00
8.499979019165039062e+00
8.503430366516113281e+00
8.486821174621582031e+00
8.464591979980468750e+00
8.456997871398925781e+00
8.446014404296875000e+00
8.395677566528320312e+00
8.696221351623535156e+00
8.375033378601074219e+00
8.488886833190917969e+00
8.468050003051757812e+00
8.356938362121582031e+00
8.359682083129882812e+00
8.569582939147949219e+00
8.284374237060546875e+00
8.399286270141601562e+00
8.304270744323730469e+00
8.315284729003906250e+00
8.307927131652832031e+00
8.293653488159179688e+00
8.293327331542968750e+00
8.298960685729980469e+00
8.286983489990234375e+00
8.298617362976074219e+00
8.281375885009765625e+00
8.295701980590820312e+00
8.277738571166992188e+00
8.290238380432128906e+00
8.263384819030761719e+00
8.243740081787109375e+00
8.208783149719238281e+00
8.191123962402343750e+00
8.255079269409179688e+00
8.274248123168945312e+00
8.251356124877929688e+00
8.264217376708984375e+00
8.243332862854003906e+00
8.260093688964843750e+00
8.245838165283203125e+00
8.259480476379394531e+00
8.237801551818847656e+00
8.264532089233398438e+00
8.232159614562988281e+00
8.269118309020996094e+00
8.227551460266113281e+00
8.270406723022460938e+00
8.224162101745605469e+00
8.272912025451660156e+00
8.230202674865722656e+00
8.259840965270996094e+00
8.226388931274414062e+00
8.252328872680664062e+00
8.225175857543945312e+00
8.246284484863281250e+00
8.222438812255859375e+00
8.248596191406250000e+00
8.217942237854003906e+00
8.232810974121093750e+00
8.216145515441894531e+00
8.227055549621582031e+00
8.215428352355957031e+00
8.221055030822753906e+00
8.213780403137207031e+00
8.217938423156738281e+00
8.211382865905761719e+00
8.215295791625976562e+00
8.204051971435546875e+00
8.205847740173339844e+00
8.203346252441406250e+00
8.203707695007324219e+00
8.201078414916992188e+00
8.124545097351074219e+00
8.128123283386230469e+00
8.213171005249023438e+00
8.118459701538085938e+00
8.234247207641601562e+00
8.214054107666015625e+00
8.191335678100585938e+00
8.178159713745117188e+00
8.176095962524414062e+00
8.187940597534179688e+00
8.166769981384277344e+00
8.188829421997070312e+00
8.167441368103027344e+00
8.185209274291992188e+00
8.164762496948242188e+00
8.181157112121582031e+00
8.166213989257812500e+00
8.178172111511230469e+00
8.160445213317871094e+00
8.170316696166992188e+00
8.168536186218261719e+00
8.168058395385742188e+00
8.166123390197753906e+00
8.161910057067871094e+00
8.161122322082519531e+00
8.168773651123046875e+00
8.156111717224121094e+00
8.162680625915527344e+00
8.156516075134277344e+00
8.158441543579101562e+00
8.159510612487792969e+00
8.151210784912109375e+00
8.168329238891601562e+00
8.143889427185058594e+00
8.162226676940917969e+00
8.148949623107910156e+00
8.150510787963867188e+00
8.149782180786132812e+00
8.146563529968261719e+00
8.151499748229980469e+00
8.141590118408203125e+00
8.151618003845214844e+00
8.146104812622070312e+00
8.142078399658203125e+00
8.145846366882324219e+00
8.140049934387207031e+00
8.146249771118164062e+00
8.136068344116210938e+00
8.145877838134765625e+00
