4.905799484252929688e+01
4.489657974243164062e+01
4.117391967773437500e+01
3.797005462646484375e+01
3.551867294311523438e+01
3.394363403320312500e+01
3.311251068115234375e+01
3.277506637573242188e+01
3.261748504638671875e+01
3.251733398437500000e+01
3.251823043823242188e+01
3.240698623657226562e+01
3.232297134399414062e+01
3.220133209228515625e+01
3.209969329833984375e+01
3.202275848388671875e+01
3.195860671997070312e+01
3.193295669555664062e+01
3.191102409362792969e+01
3.187088203430175781e+01
3.184063339233398438e+01
3.181936454772949219e+01
3.177073860168457031e+01
3.175927162170410156e+01
3.174746704101562500e+01
3.171726036071777344e+01
3.170683288574218750e+01
3.114163017272949219e+01
1.899459075927734375e+01
1.078376197814941406e+01
8.531899452209472656e+00
8.667140960693359375e+00
9.201069831848144531e+00
9.638323783874511719e+00
9.599830627441406250e+00
9.686215400695800781e+00
9.541155815124511719e+00
9.563430786132812500e+00
9.580403327941894531e+00
9.493196487426757812e+00
9.466037750244140625e+00
9.431836128234863281e+00
9.433976173400878906e+00
9.408679962158203125e+00
9.433619499206542969e+00
9.402488708496093750e+00
9.436348915100097656e+00
9.403779029846191406e+00
9.432267189025878906e+00
9.399324417114257812e+00
9.423600196838378906e+00
9.392526626586914062e+00
9.420224189758300781e+00
9.381315231323242188e+00
9.420687675476074219e+00
9.379109382629394531e+00
9.432146072387695312e+00
9.370669364929199219e+00
9.441638946533203125e+00
9.367191314697265625e+00
9.444833755493164062e+00
9.365202903747558594e+00
9.472556114196777344e+00
9.379973411560058594e+00
9.426287651062011719e+00
9.395951271057128906e+00
9.394781112670898438e+00
9.364917755126953125e+00
9.386279106140136719e+00
9.374241828918457031e+00
1.047611141204833984e+01
9.959098815917968750e+00
9.698390007019042969e+00
9.629110336303710938e+00
9.656258583068847656e+00
9.679013252258300781e+00
9.687747955322265625e+00
9.671551704406738281e+00
9.661278724670410156e+00
9.642232894897460938e+00
9.639666557312011719e+00
9.629560470581054688e+00
9.633563041687011719e+00
9.620862007141113281e+00
9.621704101562500000e+00
9.611739158630371094e+00
9.631564140319824219e+00
9.597840309143066406e+00
9.671264648437500000e+00
9.579037666320800781e+00
9.757785797119140625e+00
9.866095542907714844e+00
9.721601486206054688e+00
9.660122871398925781e+00
9.623903274536132812e+00
9.574604034423828125e+00
9.560584068298339844e+00
9.561239242553710938e+00
9.556612968444824219e+00
9.556752204895019531e+00
9.556115150451660156e+00
9.554821968078613281e+00
9.553646087646484375e+00
9.551341056823730469e+00
9.549102783203125000e+00
9.547149658203125000e+00
9.546332359313964844e+00
9.544746398925781250e+00
9.543167114257812500e+00
9.540755271911621094e+00
9.541286468505859375e+00
9.539399147033691406e+00
9.538833618164062500e+00
9.537880897521972656e+00
9.547904968261718750e+00
9.542013168334960938e+00
9.539947509765625000e+00
9.536966323852539062e+00
9.549921989440917969e+00
9.538340568542480469e+00
9.551519393920898438e+00
9.534618377685546875e+00
9.560234069824218750e+00
9.536593437194824219e+00
9.578149795532226562e+00
9.546771049499511719e+00
9.579625129699707031e+00
9.557197570800781250e+00
9.560041427612304688e+00
9.547257423400878906e+00
9.537440299987792969e+00
9.539122581481933594e+00
9.537269592285156250e+00
9.537980079650878906e+00
9.538615226745605469e+00
9.537831306457519531e+00
9.538599014282226562e+00
9.538894653320312500e+00
9.539241790771484375e+00
9.539595603942871094e+00
9.539404869079589844e+00
9.539216995239257812e+00
9.538967132568359375e+00
9.538795471191406250e+00
9.538628578186035156e+00
9.538392066955566406e+00
9.547163963317871094e+00
9.529758453369140625e+00
9.550154685974121094e+00
9.526829719543457031e+00
9.583011627197265625e+00
9.543781280517578125e+00
9.587230682373046875e+00
9.561641693115234375e+00
9.561560630798339844e+00
9.546318054199218750e+00
9.535819053649902344e+00
9.537511825561523438e+00
9.533390045166015625e+00
9.533370018005371094e+00
9.533254623413085938e+00
9.533670425415039062e+00
9.534124374389648438e+00
9.533748626708984375e+00
9.532100677490234375e+00
9.533966064453125000e+00
9.533596992492675781e+00
9.531785964965820312e+00
9.533151626586914062e+00
9.531185150146484375e+00
9.533169746398925781e+00
9.530652999877929688e+00
9.532895088195800781e+00
9.530110359191894531e+00
9.532766342163085938e+00
9.529569625854492188e+00
9.532725334167480469e+00
9.528980255126953125e+00
9.532793998718261719e+00
9.528175354003906250e+00
9.531889915466308594e+00
9.523598670959472656e+00
9.544444084167480469e+00
9.514796257019042969e+00
9.585076332092285156e+00
9.538016319274902344e+00
9.634749412536621094e+00
9.596104621887207031e+00
9.615348815917968750e+00
9.605815887451171875e+00
9.549978256225585938e+00
9.536473274230957031e+00
9.524573326110839844e+00
9.521355628967285156e+00
9.517884254455566406e+00
9.519390106201171875e+00
9.522131919860839844e+00
9.521660804748535156e+00
9.522788047790527344e+00
9.522101402282714844e+00
