1.129675149917602539e+00
6.431735754013061523e-01
5.294207930564880371e-01
5.072800517082214355e-01
5.137391090393066406e-01
5.258333086967468262e-01
5.201398730278015137e-01
5.116672515869140625e-01
5.364201068878173828e-01
5.315735936164855957e-01
4.890697002410888672e-01
4.853973388671875000e-01
4.821703732013702393e-01
4.822493493556976318e-01
4.888980388641357422e-01
4.920500516891479492e-01
4.730231165885925293e-01
4.909466505050659180e-01
4.805510342121124268e-01
4.706355631351470947e-01
4.865905344486236572e-01
4.714097082614898682e-01
5.038204789161682129e-01
4.766634404659271240e-01
4.681895077228546143e-01
5.043877959251403809e-01
4.776611328125000000e-01
4.785742759704589844e-01
4.724214971065521240e-01
4.701349437236785889e-01
4.673966467380523682e-01
4.630263149738311768e-01
4.583989977836608887e-01
4.551436603069305420e-01
4.526641666889190674e-01
4.496709704399108887e-01
4.461234211921691895e-01
4.439629614353179932e-01
4.415961802005767822e-01
4.388549923896789551e-01
4.373732507228851318e-01
4.349100887775421143e-01
4.331353008747100830e-01
4.323921203613281250e-01
4.317067861557006836e-01
4.303139746189117432e-01
4.293252825736999512e-01
4.283601045608520508e-01
4.281112253665924072e-01
4.275581836700439453e-01
4.274005591869354248e-01
4.267322421073913574e-01
4.268378019332885742e-01
4.260708987712860107e-01
4.275493621826171875e-01
4.258280098438262939e-01
4.540698230266571045e-01
4.299730360507965088e-01
4.541124999523162842e-01
4.431433081626892090e-01
4.239385128021240234e-01
4.071200489997863770e-01
4.002710878849029541e-01
3.977502286434173584e-01
3.953387141227722168e-01
3.934273123741149902e-01
3.923126757144927979e-01
3.912317156791687012e-01
3.901380896568298340e-01
3.891544342041015625e-01
3.883340060710906982e-01
3.875882327556610107e-01
3.869187831878662109e-01
3.863085806369781494e-01
3.857801258563995361e-01
3.852897882461547852e-01
3.848443329334259033e-01
3.844376206398010254e-01
3.840701580047607422e-01
3.837251961231231689e-01
3.834039568901062012e-01
3.831027746200561523e-01
3.828187584877014160e-01
3.825542032718658447e-01
3.823018372058868408e-01
3.820643723011016846e-01
3.818329274654388428e-01
3.816159963607788086e-01
3.796923458576202393e-01
3.787028193473815918e-01
3.779734969139099121e-01
3.770176768302917480e-01
3.762523531913757324e-01
3.757234513759613037e-01
3.753547072410583496e-01
3.750686049461364746e-01
3.748162984848022461e-01
3.745748102664947510e-01
3.743202090263366699e-01
3.740786612033843994e-01
3.738580942153930664e-01
3.736467957496643066e-01
3.734432756900787354e-01
3.732498586177825928e-01
3.730618357658386230e-01
3.728812038898468018e-01
3.727025687694549561e-01
3.725319206714630127e-01
3.723590075969696045e-01
3.721979558467864990e-01
3.720279633998870850e-01
3.718802928924560547e-01
3.717071413993835449e-01
3.715836107730865479e-01
3.713891804218292236e-01
3.713266253471374512e-01
3.710585832595825195e-01
3.711610436439514160e-01
3.712631165981292725e-01
3.706691861152648926e-01
3.700304627418518066e-01
3.712999522686004639e-01
3.708772361278533936e-01
3.706624805927276611e-01
3.708723187446594238e-01
3.702660202980041504e-01
3.695825338363647461e-01
3.708251118659973145e-01
3.699822127819061279e-01
3.702240884304046631e-01
3.705059587955474854e-01
3.696872591972351074e-01
3.696887195110321045e-01
3.700333237648010254e-01
3.693237602710723877e-01
3.698090016841888428e-01
3.696995973587036133e-01
3.691542446613311768e-01
3.694903850555419922e-01
3.694028556346893311e-01
3.687306344509124756e-01
3.690678775310516357e-01
3.688984811305999756e-01
3.685573339462280273e-01
3.682858049869537354e-01
3.689806759357452393e-01
3.681443333625793457e-01
3.688440024852752686e-01
3.685437142848968506e-01
3.680047094821929932e-01
3.681474328041076660e-01
3.683306574821472168e-01
3.680898845195770264e-01
3.677438497543334961e-01
3.682281374931335449e-01
3.679708242416381836e-01
3.673626780509948730e-01
3.680759370326995850e-01
3.676134347915649414e-01
3.672726750373840332e-01
3.678281605243682861e-01
3.673855066299438477e-01
3.670176267623901367e-01
3.675320744514465332e-01
3.671851456165313721e-01
3.666043877601623535e-01
3.675111532211303711e-01
3.671894967555999756e-01
3.672289252281188965e-01
3.668259382247924805e-01
3.666461110115051270e-01
3.671269118785858154e-01
3.668504059314727783e-01
3.662069737911224365e-01
3.671766221523284912e-01
3.668354451656341553e-01
3.668365180492401123e-01
3.665284216403961182e-01
3.663721978664398193e-01
3.668343722820281982e-01
3.665786683559417725e-01
3.659962415695190430e-01
3.667528927326202393e-01
3.665013909339904785e-01
3.665282726287841797e-01
3.663087189197540283e-01
3.656689524650573730e-01
3.668587803840637207e-01
3.661979138851165771e-01
3.663025796413421631e-01
3.667105138301849365e-01
3.661199808120727539e-01
3.660635948181152344e-01
3.664014041423797607e-01
3.662068247795104980e-01
3.661964833736419678e-01
3.661552369594573975e-01
3.663198947906494141e-01
3.660337328910827637e-01
3.662040531635284424e-01
