3.363663482666015625e+01
2.835429573059082031e+01
2.222642898559570312e+01
2.078558349609375000e+01
2.077083015441894531e+01
2.105662155151367188e+01
2.114615440368652344e+01
2.105827140808105469e+01
2.095431137084960938e+01
2.093055152893066406e+01
2.087952423095703125e+01
2.090423202514648438e+01
2.082658195495605469e+01
2.080196189880371094e+01
2.090595245361328125e+01
2.103723144531250000e+01
2.098217010498046875e+01
2.096434211730957031e+01
2.085647201538085938e+01
2.071261978149414062e+01
2.070395851135253906e+01
2.070442199707031250e+01
2.073264503479003906e+01
2.073385810852050781e+01
2.071144866943359375e+01
2.071569252014160156e+01
2.070000457763671875e+01
2.069675254821777344e+01
2.067909431457519531e+01
2.068724632263183594e+01
2.067493629455566406e+01
2.068144416809082031e+01
2.066465377807617188e+01
2.067285728454589844e+01
2.066071319580078125e+01
2.066122245788574219e+01
2.065247344970703125e+01
2.066275596618652344e+01
2.064756011962890625e+01
2.064557647705078125e+01
2.064482307434082031e+01
2.064176368713378906e+01
2.064542198181152344e+01
2.063620185852050781e+01
2.064593124389648438e+01
2.063320541381835938e+01
2.063791656494140625e+01
2.063024139404296875e+01
2.064071464538574219e+01
2.062889099121093750e+01
2.062560653686523438e+01
2.063213920593261719e+01
2.062686347961425781e+01
2.062587738037109375e+01
2.062546920776367188e+01
2.062274169921875000e+01
2.062322616577148438e+01
2.062839508056640625e+01
2.062033462524414062e+01
2.062734222412109375e+01
2.061604690551757812e+01
2.061840057373046875e+01
2.061705398559570312e+01
2.062349128723144531e+01
2.061359405517578125e+01
2.061848640441894531e+01
2.061322021484375000e+01
2.061575126647949219e+01
2.061044502258300781e+01
2.061015701293945312e+01
2.063028907775878906e+01
2.061170959472656250e+01
2.059720993041992188e+01
2.060500144958496094e+01
2.061425590515136719e+01
2.060374450683593750e+01
2.060233116149902344e+01
2.060729217529296875e+01
2.060209083557128906e+01
2.060411834716796875e+01
2.059591102600097656e+01
2.059623146057128906e+01
2.060530471801757812e+01
2.059686660766601562e+01
2.058959770202636719e+01
2.059732818603515625e+01
2.059545516967773438e+01
2.058980941772460938e+01
2.059189033508300781e+01
2.060449981689453125e+01
2.059067535400390625e+01
2.058271980285644531e+01
2.058710479736328125e+01
2.059682655334472656e+01
2.059203147888183594e+01
2.058715057373046875e+01
2.058640480041503906e+01
2.058296585083007812e+01
2.058085250854492188e+01
2.058033180236816406e+01
2.058613204956054688e+01
2.058384704589843750e+01
2.058121299743652344e+01
2.058506774902343750e+01
2.057876968383789062e+01
2.057738494873046875e+01
2.057723426818847656e+01
2.059261131286621094e+01
2.052539634704589844e+01
2.053007507324218750e+01
2.071508598327636719e+01
2.071690750122070312e+01
2.067003059387207031e+01
2.071220207214355469e+01
2.063059234619140625e+01
2.052561569213867188e+01
2.067404174804687500e+01
2.071212005615234375e+01
2.069021797180175781e+01
2.063599395751953125e+01
2.064512634277343750e+01
2.065420150756835938e+01
2.056991004943847656e+01
2.054479789733886719e+01
2.063061714172363281e+01
2.064434051513671875e+01
2.060884666442871094e+01
2.060420608520507812e+01
2.060872459411621094e+01
2.060893440246582031e+01
2.061123275756835938e+01
2.061223983764648438e+01
2.060906600952148438e+01
2.060643005371093750e+01
2.060939598083496094e+01
2.061030769348144531e+01
2.061009979248046875e+01
2.060786437988281250e+01
2.061045837402343750e+01
2.061147689819335938e+01
2.061141014099121094e+01
2.060902595520019531e+01
2.061170959472656250e+01
2.061250686645507812e+01
2.061285972595214844e+01
2.061054611206054688e+01
2.061308670043945312e+01
2.061195564270019531e+01
2.061289978027343750e+01
2.061171340942382812e+01
2.061306571960449219e+01
2.061255645751953125e+01
2.061123657226562500e+01
2.061191558837890625e+01
2.061233139038085938e+01
2.060961341857910156e+01
2.061128997802734375e+01
2.061131095886230469e+01
2.061011123657226562e+01
2.060816955566406250e+01
2.060475921630859375e+01
2.060552406311035156e+01
2.059745979309082031e+01
2.058521270751953125e+01
2.058824729919433594e+01
2.059549903869628906e+01
2.058564949035644531e+01
2.058728790283203125e+01
2.058604049682617188e+01
2.058268165588378906e+01
2.058523368835449219e+01
2.058415603637695312e+01
2.058536720275878906e+01
2.058966827392578125e+01
2.057970619201660156e+01
2.058553886413574219e+01
2.058375358581542969e+01
2.059280014038085938e+01
2.057696533203125000e+01
2.058462142944335938e+01
2.058322715759277344e+01
2.058653831481933594e+01
2.057693672180175781e+01
2.058128929138183594e+01
2.058140373229980469e+01
2.058551597595214844e+01
2.057615661621093750e+01
2.058114051818847656e+01
2.058170318603515625e+01
2.057915687561035156e+01
2.057979774475097656e+01
2.057580947875976562e+01
2.058261871337890625e+01
2.058117866516113281e+01
2.058344650268554688e+01
2.057812309265136719e+01
2.058004379272460938e+01
2.057632637023925781e+01
2.058081626892089844e+01
2.057471466064453125e+01
