4.199758529663085938e+01
3.823528289794921875e+01
3.324684906005859375e+01
2.755592155456542969e+01
2.569534111022949219e+01
2.521608924865722656e+01
2.520933723449707031e+01
2.532548713684082031e+01
2.538600349426269531e+01
2.539013099670410156e+01
2.536664772033691406e+01
2.533663368225097656e+01
2.531174468994140625e+01
2.529187202453613281e+01
2.527385711669921875e+01
2.525460243225097656e+01
2.523333930969238281e+01
2.521099472045898438e+01
2.519507026672363281e+01
2.518931770324707031e+01
2.520622444152832031e+01
2.519582939147949219e+01
2.517853164672851562e+01
2.516023254394531250e+01
2.515288352966308594e+01
2.513879013061523438e+01
2.514110755920410156e+01
2.513204574584960938e+01
2.513406753540039062e+01
2.513144493103027344e+01
2.513143920898437500e+01
2.512851715087890625e+01
2.512717819213867188e+01
2.512430763244628906e+01
2.512276077270507812e+01
2.511929893493652344e+01
2.512060737609863281e+01
2.511788558959960938e+01
2.511960983276367188e+01
2.511676216125488281e+01
2.511831092834472656e+01
2.511610221862792969e+01
2.511740684509277344e+01
2.511459922790527344e+01
2.511617660522460938e+01
2.511345481872558594e+01
2.511538505554199219e+01
2.511223030090332031e+01
2.511405944824218750e+01
2.511123085021972656e+01
2.511393928527832031e+01
2.511076927185058594e+01
2.511371040344238281e+01
2.511001014709472656e+01
2.511230087280273438e+01
2.509725379943847656e+01
2.506346511840820312e+01
2.501891136169433594e+01
2.500099945068359375e+01
2.499554252624511719e+01
2.500973129272460938e+01
2.501174354553222656e+01
2.500864219665527344e+01
2.501021957397460938e+01
2.500991630554199219e+01
2.500799369812011719e+01
2.500852203369140625e+01
2.500652885437011719e+01
2.500537681579589844e+01
2.500220489501953125e+01
2.500602912902832031e+01
2.501158332824707031e+01
2.501200866699218750e+01
2.501351928710937500e+01
2.500992202758789062e+01
2.501088142395019531e+01
2.500836944580078125e+01
2.500972366333007812e+01
2.500870323181152344e+01
2.500759887695312500e+01
2.500935173034667969e+01
2.500569534301757812e+01
2.500986289978027344e+01
2.499940299987792969e+01
2.491466331481933594e+01
2.494915962219238281e+01
2.516874313354492188e+01
2.531799507141113281e+01
2.534592819213867188e+01
2.531056976318359375e+01
2.527976608276367188e+01
2.525683212280273438e+01
2.522677230834960938e+01
2.514045524597167969e+01
2.512381935119628906e+01
2.505477333068847656e+01
2.583892440795898438e+01
2.505783843994140625e+01
2.514153861999511719e+01
2.519722938537597656e+01
2.520506095886230469e+01
9.171152114868164062e+00
6.547039508819580078e+00
7.540020465850830078e+00
7.798950195312500000e+00
7.157489776611328125e+00
7.070908546447753906e+00
7.166728973388671875e+00
7.263022422790527344e+00
7.054806709289550781e+00
7.147453308105468750e+00
7.051112174987792969e+00
7.156864643096923828e+00
7.029198169708251953e+00
7.506855010986328125e+00
6.952122211456298828e+00
7.524578571319580078e+00
7.014908313751220703e+00
7.171594142913818359e+00
7.012246131896972656e+00
1.005640602111816406e+01
7.892729759216308594e+00
7.147106170654296875e+00
7.134315490722656250e+00
7.090457439422607422e+00
6.933287143707275391e+00
6.902784347534179688e+00
6.963262557983398438e+00
6.972650527954101562e+00
6.950227737426757812e+00
6.935003757476806641e+00
6.923835277557373047e+00
6.926750659942626953e+00
6.918726921081542969e+00
6.925137996673583984e+00
6.914459705352783203e+00
6.922049522399902344e+00
6.919033527374267578e+00
6.914879322052001953e+00
6.903499126434326172e+00
6.912157058715820312e+00
6.907452106475830078e+00
6.911378383636474609e+00
6.902751922607421875e+00
6.907317161560058594e+00
6.901502132415771484e+00
6.904885292053222656e+00
6.897005081176757812e+00
6.902623176574707031e+00
6.898193359375000000e+00
6.900313854217529297e+00
6.891629219055175781e+00
6.898548126220703125e+00
6.896020412445068359e+00
6.896298408508300781e+00
6.886570930480957031e+00
6.894419193267822266e+00
6.892998218536376953e+00
6.892954826354980469e+00
6.883752346038818359e+00
6.892395019531250000e+00
6.891679763793945312e+00
6.891283512115478516e+00
6.881004333496093750e+00
6.889237403869628906e+00
6.888237476348876953e+00
6.888558387756347656e+00
6.878439426422119141e+00
6.886715888977050781e+00
6.885587215423583984e+00
6.886082649230957031e+00
6.875821590423583984e+00
6.884355545043945312e+00
6.883195877075195312e+00
6.883949279785156250e+00
6.873462677001953125e+00
6.882231712341308594e+00
6.881102085113525391e+00
6.881937503814697266e+00
6.871345043182373047e+00
6.880244731903076172e+00
6.879375934600830078e+00
6.880029201507568359e+00
6.869432926177978516e+00
6.878310203552246094e+00
6.877748012542724609e+00
6.878529548645019531e+00
6.867484092712402344e+00
6.876696109771728516e+00
6.876143932342529297e+00
6.877150535583496094e+00
6.865548610687255859e+00
6.875659465789794922e+00
6.874208450317382812e+00
6.876547336578369141e+00
6.863242149353027344e+00
6.875185966491699219e+00
6.871953010559082031e+00
6.876545906066894531e+00
6.860864639282226562e+00
