1.581672906875610352e+00
1.271567940711975098e+00
1.183425903320312500e+00
1.172235846519470215e+00
1.177790760993957520e+00
1.185062170028686523e+00
1.187589645385742188e+00
1.185119032859802246e+00
1.180535912513732910e+00
1.180861711502075195e+00
1.175066828727722168e+00
1.169255852699279785e+00
1.165199875831604004e+00
1.162706375122070312e+00
1.161782264709472656e+00
1.161588430404663086e+00
1.160394668579101562e+00
1.158502340316772461e+00
1.156484961509704590e+00
1.154838562011718750e+00
1.153725624084472656e+00
1.153054952621459961e+00
1.152280449867248535e+00
1.151713490486145020e+00
1.151640176773071289e+00
1.151639103889465332e+00
1.151478290557861328e+00
1.151383042335510254e+00
1.151324272155761719e+00
1.151274204254150391e+00
1.151237726211547852e+00
1.151211380958557129e+00
1.151189804077148438e+00
1.155063033103942871e+00
1.160696148872375488e+00
1.160899877548217773e+00
1.160037994384765625e+00
1.158749461174011230e+00
1.158070802688598633e+00
1.157364726066589355e+00
1.163809418678283691e+00
1.156633853912353516e+00
1.160933852195739746e+00
1.161810994148254395e+00
1.168462038040161133e+00
1.166277766227722168e+00
1.167622923851013184e+00
1.170352935791015625e+00
1.173707365989685059e+00
1.173830032348632812e+00
1.167543768882751465e+00
1.172182083129882812e+00
1.169400930404663086e+00
1.158511519432067871e+00
1.156190633773803711e+00
1.152558803558349609e+00
1.145686030387878418e+00
1.137970685958862305e+00
1.132416009902954102e+00
1.136749863624572754e+00
1.124240517616271973e+00
1.156479597091674805e+00
1.123917937278747559e+00
1.119494557380676270e+00
1.126860380172729492e+00
1.119585037231445312e+00
1.122751235961914062e+00
1.123447299003601074e+00
1.115694046020507812e+00
1.117889881134033203e+00
1.113342523574829102e+00
1.118167877197265625e+00
1.113270401954650879e+00
1.115741372108459473e+00
1.110587120056152344e+00
1.113175868988037109e+00
1.108724832534790039e+00
1.110736966133117676e+00
1.103574991226196289e+00
1.107909798622131348e+00
1.101068139076232910e+00
1.105240464210510254e+00
1.098368287086486816e+00
1.102548599243164062e+00
1.093620777130126953e+00
1.089201807975769043e+00
1.093993186950683594e+00
1.087193846702575684e+00
1.087930202484130859e+00
1.079800844192504883e+00
1.081213355064392090e+00
1.074217915534973145e+00
1.074958801269531250e+00
1.075792789459228516e+00
1.074364185333251953e+00
1.078361749649047852e+00
1.068939208984375000e+00
1.070345997810363770e+00
1.069067955017089844e+00
1.069156527519226074e+00
1.081532716751098633e+00
1.065955162048339844e+00
1.064206719398498535e+00
1.065545201301574707e+00
1.062886834144592285e+00
1.083186030387878418e+00
1.058834791183471680e+00
1.056240558624267578e+00
1.060260534286499023e+00
1.058772444725036621e+00
1.056140661239624023e+00
1.057891726493835449e+00
1.055136084556579590e+00
1.072304129600524902e+00
1.054687857627868652e+00
1.048420548439025879e+00
1.070822358131408691e+00
1.058696985244750977e+00
1.049341440200805664e+00
1.056934118270874023e+00
1.048995614051818848e+00
1.045100808143615723e+00
1.053753376007080078e+00
1.048119902610778809e+00
1.049041152000427246e+00
1.046086192131042480e+00
1.069730520248413086e+00
1.062792778015136719e+00
1.046125650405883789e+00
1.039105057716369629e+00
1.047694921493530273e+00
1.036439061164855957e+00
1.036378860473632812e+00
1.036244034767150879e+00
1.044549584388732910e+00
1.033293128013610840e+00
1.033277392387390137e+00
1.032139420509338379e+00
1.038416266441345215e+00
1.028809905052185059e+00
1.046380758285522461e+00
1.028357863426208496e+00
1.028242707252502441e+00
1.029397845268249512e+00
1.027156472206115723e+00
1.035839557647705078e+00
1.025320887565612793e+00
1.040646076202392578e+00
1.023696899414062500e+00
1.024756908416748047e+00
1.025415420532226562e+00
1.024489402770996094e+00
1.053330063819885254e+00
1.050113439559936523e+00
1.031791925430297852e+00
1.022363066673278809e+00
1.028117299079895020e+00
1.024221897125244141e+00
1.028182387351989746e+00
1.026592493057250977e+00
1.023486733436584473e+00
1.032423615455627441e+00
1.022113323211669922e+00
1.039455533027648926e+00
1.025817871093750000e+00
1.019670128822326660e+00
1.026724100112915039e+00
1.017459869384765625e+00
1.019979476928710938e+00
1.019510746002197266e+00
1.016866922378540039e+00
1.024747014045715332e+00
1.015993714332580566e+00
1.030727624893188477e+00
1.018038988113403320e+00
1.027324199676513672e+00
1.026201605796813965e+00
1.021583199501037598e+00
1.028294563293457031e+00
1.018156766891479492e+00
1.032333493232727051e+00
1.017310261726379395e+00
1.017042756080627441e+00
1.017849683761596680e+00
1.015535354614257812e+00
1.022740840911865234e+00
1.014495491981506348e+00
1.030825734138488770e+00
1.015058755874633789e+00
1.015082478523254395e+00
1.016134858131408691e+00
1.015630364418029785e+00
1.044603228569030762e+00
1.035868883132934570e+00
1.019173264503479004e+00
1.016593337059020996e+00
1.022695183753967285e+00
1.014078378677368164e+00
1.014703989028930664e+00
1.014389872550964355e+00
