4.605553817749023438e+01
3.759537506103515625e+01
2.890718841552734375e+01
2.100446510314941406e+01
1.513226604461669922e+01
1.167742538452148438e+01
1.006672286987304688e+01
9.539303779602050781e+00
9.528729438781738281e+00
9.566249847412109375e+00
9.386702537536621094e+00
9.142509460449218750e+00
8.914050102233886719e+00
8.665050506591796875e+00
8.460597038269042969e+00
8.308586120605468750e+00
8.185550689697265625e+00
8.112028121948242188e+00
8.046000480651855469e+00
7.980961799621582031e+00
7.939964294433593750e+00
7.909521102905273438e+00
7.884935855865478516e+00
7.868304729461669922e+00
7.859277725219726562e+00
7.854215145111083984e+00
7.850566864013671875e+00
7.850659370422363281e+00
7.850009918212890625e+00
7.849164962768554688e+00
7.849160671234130859e+00
7.850112915039062500e+00
7.850666046142578125e+00
7.855915069580078125e+00
7.855149269104003906e+00
7.858913421630859375e+00
7.859747409820556641e+00
7.861783981323242188e+00
7.862483024597167969e+00
7.862869262695312500e+00
7.865756511688232422e+00
7.866131305694580078e+00
7.868036270141601562e+00
7.867745876312255859e+00
7.868027687072753906e+00
7.867052555084228516e+00
7.867596149444580078e+00
7.866525173187255859e+00
7.865973949432373047e+00
7.864826202392578125e+00
7.865010261535644531e+00
7.864209175109863281e+00
7.862763881683349609e+00
7.862196922302246094e+00
7.861622810363769531e+00
7.860990524291992188e+00
7.861939430236816406e+00
7.861274242401123047e+00
7.860986232757568359e+00
7.861170768737792969e+00
7.862305164337158203e+00
7.862031459808349609e+00
7.861708164215087891e+00
7.861303806304931641e+00
7.861376762390136719e+00
7.861360073089599609e+00
7.861444950103759766e+00
7.863498687744140625e+00
7.863740444183349609e+00
7.864480495452880859e+00
7.864874839782714844e+00
7.865376472473144531e+00
7.865518569946289062e+00
7.865780353546142578e+00
7.865941524505615234e+00
7.866016864776611328e+00
7.866055488586425781e+00
7.866217136383056641e+00
7.865930080413818359e+00
7.864734649658203125e+00
7.864579677581787109e+00
7.864139080047607422e+00
7.863831520080566406e+00
7.863575458526611328e+00
7.863418102264404297e+00
7.863372802734375000e+00
7.863335132598876953e+00
7.863317489624023438e+00
7.863294124603271484e+00
7.863270282745361328e+00
7.863250255584716797e+00
7.863228797912597656e+00
7.863217353820800781e+00
7.862872123718261719e+00
7.861831188201904297e+00
7.861425876617431641e+00
7.861332893371582031e+00
7.861206531524658203e+00
7.861155509948730469e+00
7.861346244812011719e+00
7.861510276794433594e+00
7.861349105834960938e+00
7.859908580780029297e+00
7.857718467712402344e+00
7.854133129119873047e+00
7.851573467254638672e+00
7.849563121795654297e+00
7.846115589141845703e+00
7.843307971954345703e+00
7.840705394744873047e+00
7.838934898376464844e+00
7.837936878204345703e+00
7.837440967559814453e+00
7.837191104888916016e+00
7.836924076080322266e+00
7.834957122802734375e+00
7.832504272460937500e+00
7.830427646636962891e+00
7.828897953033447266e+00
7.826035499572753906e+00
7.822910785675048828e+00
7.820306777954101562e+00
7.818480014801025391e+00
7.817494392395019531e+00
7.816908359527587891e+00
7.816442012786865234e+00
7.815991401672363281e+00
7.815629959106445312e+00
7.815382480621337891e+00
7.815200328826904297e+00
7.815042018890380859e+00
7.814881801605224609e+00
7.814724922180175781e+00
7.814575672149658203e+00
7.814592361450195312e+00
7.814768791198730469e+00
7.815118789672851562e+00
7.815505027770996094e+00
7.815838336944580078e+00
7.815272331237792969e+00
7.815046787261962891e+00
7.814513206481933594e+00
7.814544200897216797e+00
7.814442634582519531e+00
7.814097881317138672e+00
7.813876628875732422e+00
7.813796997070312500e+00
7.813905239105224609e+00
7.814121246337890625e+00
7.814320564270019531e+00
7.814557552337646484e+00
7.814857006072998047e+00
7.815154552459716797e+00
7.815711498260498047e+00
7.815849781036376953e+00
7.815855026245117188e+00
7.815852165222167969e+00
7.815750122070312500e+00
7.815770626068115234e+00
7.816000938415527344e+00
7.816222190856933594e+00
7.816482543945312500e+00
7.816704273223876953e+00
7.816866397857666016e+00
7.817015647888183594e+00
7.817265510559082031e+00
7.819179534912109375e+00
7.816859245300292969e+00
7.817932605743408203e+00
7.817095756530761719e+00
7.806306838989257812e+00
7.808345794677734375e+00
7.812377452850341797e+00
7.815202713012695312e+00
7.818741798400878906e+00
7.820085525512695312e+00
7.820684909820556641e+00
7.829105854034423828e+00
7.840600490570068359e+00
7.815310478210449219e+00
7.787405490875244141e+00
7.773787021636962891e+00
7.762948513031005859e+00
7.760956287384033203e+00
7.760658740997314453e+00
7.759766578674316406e+00
7.758717536926269531e+00
7.757233142852783203e+00
7.756087779998779297e+00
7.755295753479003906e+00
7.754767894744873047e+00
7.754439830780029297e+00
7.754175186157226562e+00
7.753946781158447266e+00
7.753739833831787109e+00
7.753548622131347656e+00
7.753371238708496094e+00
7.753200054168701172e+00
7.753037452697753906e+00
7.752877712249755859e+00
