4.389607620239257812e+01
3.952082443237304688e+01
3.565843963623046875e+01
3.235171127319335938e+01
2.984831428527832031e+01
2.828314208984375000e+01
2.750939941406250000e+01
2.723771667480468750e+01
2.721186256408691406e+01
2.726502990722656250e+01
2.731323623657226562e+01
2.733421325683593750e+01
2.733176422119140625e+01
2.719954299926757812e+01
2.711940193176269531e+01
2.698226928710937500e+01
2.693915557861328125e+01
2.686927986145019531e+01
2.692197418212890625e+01
2.664092636108398438e+01
2.676282310485839844e+01
2.659922599792480469e+01
2.658362197875976562e+01
2.685371780395507812e+01
2.671932792663574219e+01
2.652847290039062500e+01
2.651702308654785156e+01
2.655847167968750000e+01
2.658062171936035156e+01
2.671016120910644531e+01
2.662676811218261719e+01
2.650746154785156250e+01
2.649257087707519531e+01
2.652334022521972656e+01
2.654899597167968750e+01
2.657905578613281250e+01
2.656270980834960938e+01
2.655292892456054688e+01
2.655039215087890625e+01
2.653491210937500000e+01
2.651058197021484375e+01
2.650495338439941406e+01
2.648940277099609375e+01
2.652996253967285156e+01
2.656861305236816406e+01
2.659321594238281250e+01
2.660166931152343750e+01
2.654888343811035156e+01
2.650381660461425781e+01
2.649640274047851562e+01
2.653691291809082031e+01
2.653196907043457031e+01
2.651376724243164062e+01
2.651230430603027344e+01
2.652044486999511719e+01
2.652689933776855469e+01
2.652458000183105469e+01
2.652864646911621094e+01
2.653148651123046875e+01
2.652948188781738281e+01
2.652440071105957031e+01
2.651918029785156250e+01
2.651083183288574219e+01
2.652247428894042969e+01
2.653507804870605469e+01
2.653709793090820312e+01
2.652999877929687500e+01
2.652033042907714844e+01
2.651298713684082031e+01
2.650923538208007812e+01
2.650799751281738281e+01
2.650766563415527344e+01
2.650720787048339844e+01
2.650627136230468750e+01
2.650493812561035156e+01
2.650338172912597656e+01
2.650173759460449219e+01
2.650007629394531250e+01
2.649834823608398438e+01
2.649497985839843750e+01
2.649155235290527344e+01
2.648956489562988281e+01
2.648867797851562500e+01
2.648792266845703125e+01
2.648676490783691406e+01
2.648500251770019531e+01
2.648325157165527344e+01
2.648172569274902344e+01
2.648036193847656250e+01
2.647881507873535156e+01
2.647696876525878906e+01
2.647491645812988281e+01
2.647282218933105469e+01
2.647047615051269531e+01
2.646762657165527344e+01
2.646498298645019531e+01
2.646286392211914062e+01
2.646116828918457031e+01
2.645977401733398438e+01
2.645863151550292969e+01
2.645794486999511719e+01
2.645774269104003906e+01
2.645743370056152344e+01
2.645703506469726562e+01
2.645661926269531250e+01
2.645650672912597656e+01
2.645626068115234375e+01
2.645558738708496094e+01
2.645427131652832031e+01
2.645450019836425781e+01
2.646266746520996094e+01
2.645236968994140625e+01
2.642712783813476562e+01
2.647477531433105469e+01
2.642662048339843750e+01
2.646697807312011719e+01
2.646228790283203125e+01
2.641280746459960938e+01
2.638194084167480469e+01
2.640734863281250000e+01
2.638192558288574219e+01
2.640405654907226562e+01
2.644408416748046875e+01
2.637777328491210938e+01
2.639521980285644531e+01
2.639351844787597656e+01
2.637475013732910156e+01
2.636826324462890625e+01
2.641175079345703125e+01
2.637567710876464844e+01
2.638446807861328125e+01
2.639453506469726562e+01
2.637333869934082031e+01
2.637484741210937500e+01
2.636817741394042969e+01
2.637404251098632812e+01
2.636667060852050781e+01
2.636120223999023438e+01
2.638834381103515625e+01
2.641223716735839844e+01
2.640966987609863281e+01
2.639892196655273438e+01
2.639082527160644531e+01
2.639086532592773438e+01
2.639025497436523438e+01
2.639121818542480469e+01
2.638961982727050781e+01
2.639043045043945312e+01
2.638898086547851562e+01
2.638980293273925781e+01
2.638790893554687500e+01
2.638860511779785156e+01
2.638590240478515625e+01
2.638825988769531250e+01
2.638401985168457031e+01
2.638813591003417969e+01
2.638296699523925781e+01
2.639035034179687500e+01
2.637061500549316406e+01
2.642064666748046875e+01
2.650093841552734375e+01
2.645519828796386719e+01
2.651468276977539062e+01
2.642030334472656250e+01
2.625922584533691406e+01
2.638710594177246094e+01
2.653483772277832031e+01
2.661689758300781250e+01
2.662111854553222656e+01
2.658033561706542969e+01
2.653618812561035156e+01
2.649303245544433594e+01
2.645627021789550781e+01
2.642777442932128906e+01
2.640367889404296875e+01
2.638844490051269531e+01
2.638179016113281250e+01
2.638182258605957031e+01
2.638395690917968750e+01
2.639980506896972656e+01
2.636446571350097656e+01
2.633961868286132812e+01
2.633344459533691406e+01
2.634541130065917969e+01
2.635257911682128906e+01
2.635761833190917969e+01
2.635380935668945312e+01
2.635540771484375000e+01
2.634258079528808594e+01
2.639764404296875000e+01
2.649701690673828125e+01
2.644871902465820312e+01
2.637742805480957031e+01
2.637324714660644531e+01
2.636797714233398438e+01
2.636887359619140625e+01
2.636471176147460938e+01
2.635291862487792969e+01
2.634960937500000000e+01
2.635011672973632812e+01
