3.728934860229492188e+01
2.949775695800781250e+01
1.909733772277832031e+01
1.075632381439208984e+01
7.290037155151367188e+00
6.256158351898193359e+00
6.545470714569091797e+00
6.644601821899414062e+00
6.527447700500488281e+00
6.499195098876953125e+00
6.427182674407958984e+00
6.108223438262939453e+00
5.763783931732177734e+00
5.798102855682373047e+00
5.816941261291503906e+00
5.807772636413574219e+00
5.891903400421142578e+00
5.873157501220703125e+00
5.835506916046142578e+00
5.849899768829345703e+00
5.827427387237548828e+00
5.816574096679687500e+00
5.772992134094238281e+00
5.740207195281982422e+00
5.709955692291259766e+00
5.731661319732666016e+00
5.701809406280517578e+00
5.718598365783691406e+00
5.701859951019287109e+00
5.724863052368164062e+00
5.701333999633789062e+00
5.734208106994628906e+00
5.695606708526611328e+00
5.721790790557861328e+00
5.698710918426513672e+00
5.718689918518066406e+00
5.658780097961425781e+00
5.681665420532226562e+00
5.668898105621337891e+00
5.701302528381347656e+00
5.697301387786865234e+00
5.719558238983154297e+00
5.699116706848144531e+00
5.726798057556152344e+00
5.699210166931152344e+00
5.712892055511474609e+00
5.704116821289062500e+00
5.720409870147705078e+00
5.688579559326171875e+00
5.724804401397705078e+00
5.695461750030517578e+00
5.726223468780517578e+00
5.692432403564453125e+00
5.713064670562744141e+00
5.691623687744140625e+00
5.693124294281005859e+00
5.680246829986572266e+00
5.671187877655029297e+00
5.657877922058105469e+00
5.717451572418212891e+00
5.680122375488281250e+00
5.691014289855957031e+00
5.850560188293457031e+00
5.870719432830810547e+00
6.471223831176757812e+00
6.860609054565429688e+00
6.596683979034423828e+00
6.430296897888183594e+00
6.268013954162597656e+00
6.269356250762939453e+00
6.263278484344482422e+00
6.266499519348144531e+00
6.292493820190429688e+00
6.276090145111083984e+00
6.287544727325439453e+00
6.261087417602539062e+00
6.271711826324462891e+00
6.247580051422119141e+00
6.261035442352294922e+00
6.237892627716064453e+00
6.251857757568359375e+00
6.229747772216796875e+00
6.242780685424804688e+00
6.222761631011962891e+00
6.234187126159667969e+00
6.216851711273193359e+00
6.226196289062500000e+00
6.211607933044433594e+00
6.218795776367187500e+00
6.206694602966308594e+00
6.211970329284667969e+00
6.201958656311035156e+00
6.205714702606201172e+00
6.197354793548583984e+00
6.200000762939453125e+00
6.192879199981689453e+00
6.194763183593750000e+00
6.188503742218017578e+00
6.189888954162597656e+00
6.189524173736572266e+00
6.188603401184082031e+00
6.177587032318115234e+00
6.186172008514404297e+00
6.150137901306152344e+00
6.150474548339843750e+00
6.194981575012207031e+00
6.217362403869628906e+00
6.216775894165039062e+00
6.228614330291748047e+00
6.169414520263671875e+00
6.090174198150634766e+00
6.108650684356689453e+00
6.140216827392578125e+00
6.153181552886962891e+00
6.147676467895507812e+00
6.138737678527832031e+00
6.133893966674804688e+00
6.127222537994384766e+00
6.128193855285644531e+00
6.131033897399902344e+00
6.127644538879394531e+00
6.125626087188720703e+00
6.126488685607910156e+00
6.126300334930419922e+00
6.126010417938232422e+00
6.125880241394042969e+00
6.125313758850097656e+00
6.124676704406738281e+00
6.124085903167724609e+00
6.123456954956054688e+00
6.122844219207763672e+00
6.122257709503173828e+00
6.121672630310058594e+00
6.121092796325683594e+00
6.120522975921630859e+00
6.119963645935058594e+00
6.119412422180175781e+00
6.118870258331298828e+00
6.118338584899902344e+00
6.117816448211669922e+00
6.117303848266601562e+00
6.116800785064697266e+00
6.116305828094482422e+00
6.115819454193115234e+00
6.115342617034912109e+00
6.114872455596923828e+00
6.114411830902099609e+00
6.113959789276123047e+00
6.113513946533203125e+00
6.113076210021972656e+00
6.112646579742431641e+00
6.112222671508789062e+00
6.111805915832519531e+00
6.111395835876464844e+00
6.110992431640625000e+00
6.110593318939208984e+00
6.110201358795166016e+00
6.109812259674072266e+00
6.109429836273193359e+00
6.109049797058105469e+00
6.108673572540283203e+00
6.108302116394042969e+00
6.107933521270751953e+00
6.107565402984619141e+00
6.107199192047119141e+00
6.106833457946777344e+00
6.106470108032226562e+00
6.106103420257568359e+00
6.105736255645751953e+00
6.105367183685302734e+00
6.104991912841796875e+00
6.104611873626708984e+00
6.104222297668457031e+00
6.103824138641357422e+00
6.103412151336669922e+00
6.102985858917236328e+00
6.102539062500000000e+00
6.102066040039062500e+00
6.101560592651367188e+00
6.101013183593750000e+00
6.100412845611572266e+00
6.099742412567138672e+00
6.098978042602539062e+00
6.098084449768066406e+00
6.097009181976318359e+00
6.095675945281982422e+00
6.093953132629394531e+00
6.091619491577148438e+00
6.088266372680664062e+00
6.083102703094482422e+00
6.074515342712402344e+00
6.059497356414794922e+00
6.032863616943359375e+00
6.014012336730957031e+00
6.043344974517822266e+00
5.967586994171142578e+00
6.154488563537597656e+00
6.138763904571533203e+00
6.118839740753173828e+00
6.108904838562011719e+00
