1.261815071105957031e+01
6.188981056213378906e+00
3.638567924499511719e+00
6.892499446868896484e+00
6.432520866394042969e+00
4.599852561950683594e+00
4.685567855834960938e+00
4.965507507324218750e+00
4.668517589569091797e+00
4.257976055145263672e+00
4.754785060882568359e+00
4.619227886199951172e+00
4.428803920745849609e+00
4.530820369720458984e+00
4.335375785827636719e+00
4.143671035766601562e+00
4.335923671722412109e+00
4.248536109924316406e+00
4.226196289062500000e+00
4.164442062377929688e+00
4.203421115875244141e+00
4.166743278503417969e+00
4.141003608703613281e+00
3.891306877136230469e+00
3.955163955688476562e+00
3.973746538162231445e+00
3.925693988800048828e+00
3.908113479614257812e+00
3.880230426788330078e+00
3.875163316726684570e+00
3.871851205825805664e+00
3.847233295440673828e+00
3.831884384155273438e+00
3.816908359527587891e+00
3.815925836563110352e+00
3.805176019668579102e+00
3.803688287734985352e+00
3.801812648773193359e+00
3.809005022048950195e+00
3.808838605880737305e+00
3.814946174621582031e+00
3.813133239746093750e+00
3.818890810012817383e+00
3.809797048568725586e+00
3.821372270584106445e+00
3.815924406051635742e+00
3.826245784759521484e+00
3.821540117263793945e+00
3.829500675201416016e+00
3.823771238327026367e+00
3.831184148788452148e+00
3.825807571411132812e+00
3.834024667739868164e+00
3.821108341217041016e+00
3.831207275390625000e+00
3.821295738220214844e+00
3.828802585601806641e+00
3.820610284805297852e+00
3.833448886871337891e+00
3.821089506149291992e+00
3.828317642211914062e+00
3.822847366333007812e+00
3.824183940887451172e+00
3.820733785629272461e+00
3.820464134216308594e+00
3.814740180969238281e+00
3.809364318847656250e+00
3.785890579223632812e+00
3.746428251266479492e+00
3.652702808380126953e+00
3.591839313507080078e+00
3.617610931396484375e+00
3.601100444793701172e+00
3.579526901245117188e+00
3.585550785064697266e+00
3.588148355484008789e+00
3.586970329284667969e+00
3.583961486816406250e+00
3.586743354797363281e+00
3.579191684722900391e+00
3.584419488906860352e+00
3.578289270401000977e+00
3.583899736404418945e+00
3.577240705490112305e+00
3.577553510665893555e+00
3.577324867248535156e+00
3.576180458068847656e+00
3.571027994155883789e+00
3.573736667633056641e+00
3.569881916046142578e+00
3.575334310531616211e+00
3.566042900085449219e+00
3.570073127746582031e+00
3.564047574996948242e+00
3.897621870040893555e+00
3.522215604782104492e+00
3.468351364135742188e+00
3.749847412109375000e+00
4.093014717102050781e+00
3.804116249084472656e+00
3.607189655303955078e+00
3.419033527374267578e+00
3.660470724105834961e+00
4.074119091033935547e+00
3.666748046875000000e+00
3.724467039108276367e+00
3.550378799438476562e+00
3.541933059692382812e+00
3.703981637954711914e+00
3.872994184494018555e+00
3.543109178543090820e+00
3.631657361984252930e+00
3.655491352081298828e+00
3.700659751892089844e+00
3.564822673797607422e+00
3.679325103759765625e+00
3.663482189178466797e+00
3.661757230758666992e+00
3.635676383972167969e+00
3.687673568725585938e+00
3.665021657943725586e+00
3.688386678695678711e+00
3.654261589050292969e+00
3.582870483398437500e+00
3.686381816864013672e+00
3.699175834655761719e+00
3.593393087387084961e+00
3.598221540451049805e+00
3.708972215652465820e+00
3.733086824417114258e+00
3.658094882965087891e+00
3.550080060958862305e+00
3.662618637084960938e+00
3.670859575271606445e+00
3.710146188735961914e+00
3.580711126327514648e+00
3.670365571975708008e+00
3.670557022094726562e+00
3.682421445846557617e+00
3.652375459671020508e+00
3.694829702377319336e+00
3.603412628173828125e+00
3.710818767547607422e+00
3.700999498367309570e+00
3.621957302093505859e+00
3.711319208145141602e+00
3.701407670974731445e+00
3.619781017303466797e+00
3.691968441009521484e+00
3.702516317367553711e+00
3.628058910369873047e+00
3.710128545761108398e+00
3.684897184371948242e+00
3.659577608108520508e+00
3.713582277297973633e+00
3.746017456054687500e+00
3.703634738922119141e+00
3.613001346588134766e+00
3.659621000289916992e+00
3.819371223449707031e+00
3.633896827697753906e+00
4.072472095489501953e+00
3.783900499343872070e+00
3.385049581527709961e+00
3.336802482604980469e+00
3.693881034851074219e+00
3.698395252227783203e+00
3.523711681365966797e+00
3.572919368743896484e+00
3.479894638061523438e+00
3.648802995681762695e+00
3.600062608718872070e+00
3.620440721511840820e+00
3.568968772888183594e+00
3.588232517242431641e+00
3.660294532775878906e+00
3.603084087371826172e+00
3.581758022308349609e+00
3.733631372451782227e+00
3.500929594039916992e+00
3.647769451141357422e+00
3.507313728332519531e+00
3.572253227233886719e+00
3.530930280685424805e+00
3.611186742782592773e+00
3.571018218994140625e+00
3.680855989456176758e+00
3.564625978469848633e+00
3.498763799667358398e+00
3.497706413269042969e+00
3.588485479354858398e+00
3.540570497512817383e+00
3.526908397674560547e+00
3.504341363906860352e+00
3.549032688140869141e+00
3.513072013854980469e+00
3.615870952606201172e+00
3.515321731567382812e+00
3.625872850418090820e+00
3.494704961776733398e+00
