1.214679479598999023e+00
1.109436511993408203e+00
1.113139510154724121e+00
1.112126231193542480e+00
1.111772179603576660e+00
1.113705158233642578e+00
1.122830510139465332e+00
1.137079834938049316e+00
1.145467519760131836e+00
1.148212552070617676e+00
1.145565032958984375e+00
1.140187978744506836e+00
1.136471271514892578e+00
1.135747909545898438e+00
1.137345552444458008e+00
1.139292240142822266e+00
1.139502644538879395e+00
1.138589978218078613e+00
1.138281345367431641e+00
1.138370037078857422e+00
1.138384819030761719e+00
1.138644456863403320e+00
1.138763189315795898e+00
1.138636827468872070e+00
1.138396382331848145e+00
1.138366103172302246e+00
1.138176798820495605e+00
1.137580275535583496e+00
1.137625098228454590e+00
1.137729287147521973e+00
1.137685179710388184e+00
1.138825774192810059e+00
1.140431642532348633e+00
1.146892428398132324e+00
1.146114468574523926e+00
1.142595648765563965e+00
1.159018516540527344e+00
1.140558004379272461e+00
1.141783118247985840e+00
1.160074710845947266e+00
1.144316792488098145e+00
1.152160644531250000e+00
1.142397046089172363e+00
1.146456956863403320e+00
1.155659198760986328e+00
1.143459439277648926e+00
1.148692011833190918e+00
1.148078322410583496e+00
1.148959398269653320e+00
1.148373126983642578e+00
1.147753715515136719e+00
1.148558020591735840e+00
1.149292945861816406e+00
1.148388743400573730e+00
1.148968100547790527e+00
1.148224115371704102e+00
1.148782968521118164e+00
1.148064136505126953e+00
1.148594617843627930e+00
1.148299098014831543e+00
1.148933887481689453e+00
1.147815108299255371e+00
1.148185968399047852e+00
1.147899270057678223e+00
1.148585438728332520e+00
1.147943377494812012e+00
1.148443222045898438e+00
1.147724032402038574e+00
1.148248672485351562e+00
1.147590517997741699e+00
1.148125171661376953e+00
1.147473335266113281e+00
1.148011684417724609e+00
1.146947741508483887e+00
1.150112748146057129e+00
1.147924423217773438e+00
1.147980213165283203e+00
1.147020459175109863e+00
1.150042891502380371e+00
1.148272752761840820e+00
1.148880481719970703e+00
1.147557973861694336e+00
1.149092435836791992e+00
1.147675395011901855e+00
1.147957801818847656e+00
1.147450685501098633e+00
1.150610804557800293e+00
1.148056864738464355e+00
1.147910237312316895e+00
1.149279117584228516e+00
1.147685289382934570e+00
1.149728059768676758e+00
1.147654294967651367e+00
1.150198101997375488e+00
1.147932171821594238e+00
1.150249004364013672e+00
1.147889733314514160e+00
1.150131940841674805e+00
1.147863268852233887e+00
1.150055289268493652e+00
1.147856354713439941e+00
1.149970173835754395e+00
1.147841334342956543e+00
1.149877667427062988e+00
1.147827386856079102e+00
1.149787306785583496e+00
1.147815108299255371e+00
1.149697303771972656e+00
1.147803664207458496e+00
1.149607658386230469e+00
1.147793054580688477e+00
1.149518370628356934e+00
1.147783160209655762e+00
1.149429440498352051e+00
1.147774100303649902e+00
1.149340987205505371e+00
1.147765636444091797e+00
1.149253010749816895e+00
1.147757887840270996e+00
1.149165511131286621e+00
1.147750377655029297e+00
1.149092316627502441e+00
1.148598551750183105e+00
1.149729609489440918e+00
1.148030519485473633e+00
1.150797843933105469e+00
1.147972583770751953e+00
1.148642182350158691e+00
1.150216817855834961e+00
1.148033857345581055e+00
1.150510907173156738e+00
1.147879242897033691e+00
1.148626565933227539e+00
1.150114536285400391e+00
1.148070454597473145e+00
1.150355100631713867e+00
1.147714495658874512e+00
1.148206830024719238e+00
1.148179769515991211e+00
1.148012876510620117e+00
1.148085236549377441e+00
1.148215055465698242e+00
1.148275136947631836e+00
1.148320198059082031e+00
1.147293925285339355e+00
1.148925185203552246e+00
1.146709322929382324e+00
1.148166418075561523e+00
1.148380637168884277e+00
1.148112654685974121e+00
1.148092031478881836e+00
1.148647904396057129e+00
1.148397803306579590e+00
1.148250222206115723e+00
1.148832917213439941e+00
1.147402524948120117e+00
1.148729205131530762e+00
1.147615432739257812e+00
1.148146986961364746e+00
1.148191452026367188e+00
1.148160457611083984e+00
1.148771166801452637e+00
1.147396206855773926e+00
1.148654341697692871e+00
1.148506641387939453e+00
1.148229956626892090e+00
1.148560404777526855e+00
1.148363351821899414e+00
1.148613452911376953e+00
1.148381471633911133e+00
1.148687481880187988e+00
1.147354722023010254e+00
1.148613095283508301e+00
1.148484706878662109e+00
1.148581862449645996e+00
1.148285746574401855e+00
1.148522496223449707e+00
1.148345351219177246e+00
1.148594737052917480e+00
1.148372292518615723e+00
1.148681402206420898e+00
1.147328019142150879e+00
1.148576974868774414e+00
1.148467183113098145e+00
1.148547410964965820e+00
1.148641347885131836e+00
1.148246765136718750e+00
1.148469090461730957e+00
1.148825049400329590e+00
1.147274494171142578e+00
1.148508191108703613e+00
1.148410201072692871e+00
1.148515343666076660e+00
1.148624658584594727e+00
1.148222565650939941e+00
1.148440003395080566e+00
1.148789286613464355e+00
1.147237062454223633e+00
1.148481488227844238e+00
1.148375868797302246e+00
