3.226910400390625000e+01
2.889460182189941406e+01
2.565266227722167969e+01
1.945035743713378906e+01
1.389428520202636719e+01
1.114428997039794922e+01
1.218538570404052734e+01
1.240507030487060547e+01
1.225795650482177734e+01
1.201851177215576172e+01
1.196451950073242188e+01
1.162954998016357422e+01
1.199624061584472656e+01
1.175396251678466797e+01
1.145930576324462891e+01
1.125543689727783203e+01
1.114393901824951172e+01
1.106997299194335938e+01
1.097630405426025391e+01
1.091981983184814453e+01
1.089859676361083984e+01
1.077536487579345703e+01
1.069285202026367188e+01
1.062925910949707031e+01
1.058107280731201172e+01
1.054235553741455078e+01
1.045122241973876953e+01
1.049220180511474609e+01
1.039884185791015625e+01
1.031220149993896484e+01
1.027884674072265625e+01
1.027998256683349609e+01
1.024065685272216797e+01
1.016321468353271484e+01
1.011195564270019531e+01
1.014092636108398438e+01
1.013122177124023438e+01
1.007041645050048828e+01
1.003159999847412109e+01
9.940267562866210938e+00
9.579241752624511719e+00
1.070163345336914062e+01
1.037420082092285156e+01
1.025886154174804688e+01
1.013356018066406250e+01
1.052378463745117188e+01
1.045286560058593750e+01
1.005732345581054688e+01
1.004525375366210938e+01
9.920805931091308594e+00
9.748050689697265625e+00
9.340637207031250000e+00
9.487689018249511719e+00
9.284509658813476562e+00
9.205841064453125000e+00
9.183944702148437500e+00
9.092617988586425781e+00
9.023578643798828125e+00
8.963577270507812500e+00
8.853934288024902344e+00
8.816503524780273438e+00
9.054732322692871094e+00
8.805044174194335938e+00
8.655260086059570312e+00
8.571418762207031250e+00
8.496967315673828125e+00
8.428697586059570312e+00
8.379550933837890625e+00
8.395088195800781250e+00
8.295274734497070312e+00
8.341235160827636719e+00
8.245604515075683594e+00
8.275511741638183594e+00
8.200589179992675781e+00
8.218677520751953125e+00
8.164068222045898438e+00
8.179514884948730469e+00
8.131852149963378906e+00
8.141975402832031250e+00
8.097107887268066406e+00
8.117870330810546875e+00
8.076211929321289062e+00
8.096629142761230469e+00
8.153484344482421875e+00
8.075397491455078125e+00
7.978990077972412109e+00
8.011613845825195312e+00
8.019248008728027344e+00
8.079748153686523438e+00
7.919236183166503906e+00
7.998939990997314453e+00
7.917427539825439453e+00
7.935932159423828125e+00
7.946437835693359375e+00
7.840897083282470703e+00
7.921846389770507812e+00
7.919011592864990234e+00
7.858217716217041016e+00
7.796780586242675781e+00
7.820153713226318359e+00
7.886147499084472656e+00
7.848940372467041016e+00
7.828268051147460938e+00
7.731583118438720703e+00
7.780014514923095703e+00
7.978907108306884766e+00
1.005509376525878906e+01
7.678763389587402344e+00
7.657396316528320312e+00
7.851988315582275391e+00
7.742857456207275391e+00
7.846345424652099609e+00
7.830446720123291016e+00
7.707231521606445312e+00
7.889329433441162109e+00
7.831457614898681641e+00
7.667322635650634766e+00
7.848114490509033203e+00
7.703722476959228516e+00
7.761006355285644531e+00
7.918107509613037109e+00
7.593842029571533203e+00
7.825891971588134766e+00
7.694805622100830078e+00
7.624483585357666016e+00
7.700773239135742188e+00
7.619480133056640625e+00
7.683862209320068359e+00
7.725729942321777344e+00
7.617874145507812500e+00
7.633131980895996094e+00
7.618619918823242188e+00
7.618823051452636719e+00
7.610429286956787109e+00
7.657541275024414062e+00
7.643056869506835938e+00
7.588427543640136719e+00
7.573057174682617188e+00
7.619841575622558594e+00
7.613101959228515625e+00
7.606771469116210938e+00
7.593586921691894531e+00
7.586681842803955078e+00
7.579877853393554688e+00
7.586671352386474609e+00
7.586475372314453125e+00
7.704273223876953125e+00
9.923810958862304688e+00
8.403137207031250000e+00
7.513448715209960938e+00
7.485968589782714844e+00
7.638681888580322266e+00
7.623795032501220703e+00
7.632312774658203125e+00
7.579767227172851562e+00
7.651265621185302734e+00
7.691698074340820312e+00
7.557305812835693359e+00
7.679706573486328125e+00
7.640694141387939453e+00
7.642787933349609375e+00
7.619885444641113281e+00
7.594104766845703125e+00
7.601680755615234375e+00
7.624033451080322266e+00
7.645102024078369141e+00
7.648422241210937500e+00
7.644355773925781250e+00
7.618494510650634766e+00
9.037569999694824219e+00
1.019527721405029297e+01
8.885541915893554688e+00
8.283646583557128906e+00
7.777533054351806641e+00
7.690250396728515625e+00
7.763498306274414062e+00
7.735597133636474609e+00
7.689948081970214844e+00
7.665210723876953125e+00
7.643827438354492188e+00
7.648506641387939453e+00
7.653649806976318359e+00
7.645832061767578125e+00
7.642298221588134766e+00
7.641777515411376953e+00
7.628544807434082031e+00
7.631789207458496094e+00
7.618940830230712891e+00
7.622460842132568359e+00
7.614250659942626953e+00
7.609962940216064453e+00
7.615155696868896484e+00
7.604565143585205078e+00
7.607947349548339844e+00
7.597784996032714844e+00
7.604010105133056641e+00
8.336775779724121094e+00
9.115492820739746094e+00
9.768562316894531250e+00
8.954658508300781250e+00
