5.496326684951782227e-01
3.857146799564361572e-01
4.187702238559722900e-01
4.208289682865142822e-01
4.075519442558288574e-01
3.980085849761962891e-01
3.968658447265625000e-01
3.999482989311218262e-01
4.047873318195343018e-01
4.097864627838134766e-01
4.097394347190856934e-01
4.124507308006286621e-01
4.221427142620086670e-01
4.257551729679107666e-01
4.267526566982269287e-01
4.261836707592010498e-01
4.257881939411163330e-01
4.257198274135589600e-01
4.257085621356964111e-01
4.257355332374572754e-01
4.258708357810974121e-01
4.260597825050354004e-01
4.262008070945739746e-01
4.262632429599761963e-01
4.262993633747100830e-01
4.263629913330078125e-01
4.264720380306243896e-01
4.266001582145690918e-01
4.267018139362335205e-01
4.267606735229492188e-01
4.267959296703338623e-01
4.268936216831207275e-01
4.269908070564270020e-01
4.270362257957458496e-01
4.271062314510345459e-01
4.271543323993682861e-01
4.272232055664062500e-01
4.272288680076599121e-01
4.272464811801910400e-01
4.273424744606018066e-01
4.274006187915802002e-01
4.274497330188751221e-01
4.275715351104736328e-01
4.276313185691833496e-01
4.278070330619812012e-01
4.278472363948822021e-01
4.283047914505004883e-01
4.277886748313903809e-01
4.270256757736206055e-01
4.265984594821929932e-01
4.270222187042236328e-01
4.247666597366333008e-01
4.293463528156280518e-01
4.337875247001647949e-01
4.356829226016998291e-01
4.351271688938140869e-01
4.344615936279296875e-01
4.343147277832031250e-01
4.346191287040710449e-01
4.350739717483520508e-01
4.352473020553588867e-01
4.352310299873352051e-01
4.353362321853637695e-01
4.356320798397064209e-01
4.357865750789642334e-01
4.359291195869445801e-01
4.361392259597778320e-01
4.361762404441833496e-01
4.362545013427734375e-01
4.362676441669464111e-01
4.364014863967895508e-01
4.366375803947448730e-01
4.366694390773773193e-01
4.367051422595977783e-01
4.366717338562011719e-01
4.367360770702362061e-01
4.369101822376251221e-01
4.369202256202697754e-01
4.369637966156005859e-01
4.371038973331451416e-01
4.370908141136169434e-01
4.371284544467926025e-01
4.372866153717041016e-01
4.373259246349334717e-01
4.373954832553863525e-01
4.375123381614685059e-01
4.374308288097381592e-01
4.374124109745025635e-01
4.375317394733428955e-01
4.375066459178924561e-01
4.375317990779876709e-01
4.376662671566009521e-01
4.376566708087921143e-01
4.377065598964691162e-01
4.378635585308074951e-01
4.378724992275238037e-01
4.379505813121795654e-01
4.381338655948638916e-01
4.383557140827178955e-01
4.383715391159057617e-01
4.384735524654388428e-01
4.387360811233520508e-01
4.388142228126525879e-01
4.389581978321075439e-01
4.392640292644500732e-01
4.395394623279571533e-01
4.396552443504333496e-01
4.398040473461151123e-01
4.401462376117706299e-01
4.402774572372436523e-01
4.404681622982025146e-01
4.407544434070587158e-01
4.410840868949890137e-01
4.412010610103607178e-01
4.412841200828552246e-01
4.415081441402435303e-01
4.417477846145629883e-01
4.416997134685516357e-01
4.417647123336791992e-01
4.419435560703277588e-01
4.419460296630859375e-01
4.420485794544219971e-01
4.422605633735656738e-01
4.424702823162078857e-01
4.424666166305541992e-01
4.425446689128875732e-01
4.427399337291717529e-01
4.428492188453674316e-01
4.427188336849212646e-01
4.427995383739471436e-01
4.429934024810791016e-01
4.430593848228454590e-01
4.431803524494171143e-01
4.434630274772644043e-01
4.436462521553039551e-01
4.435879886150360107e-01
4.438762068748474121e-01
4.441132247447967529e-01
4.440312087535858154e-01
4.443391859531402588e-01
4.446305036544799805e-01
4.449971616268157959e-01
4.448910355567932129e-01
4.447133839130401611e-01
4.448403716087341309e-01
4.454896748065948486e-01
4.456541538238525391e-01
4.458063840866088867e-01
4.461486935615539551e-01
4.464378356933593750e-01
4.462055861949920654e-01
4.462418556213378906e-01
4.464929401874542236e-01
4.464633166790008545e-01
4.465822279453277588e-01
4.469096958637237549e-01
4.454958140850067139e-01
4.447239041328430176e-01
4.451838731765747070e-01
4.459200501441955566e-01
4.461833238601684570e-01
4.458538293838500977e-01
4.458898603916168213e-01
4.459224641323089600e-01
4.459858834743499756e-01
4.460981190204620361e-01
4.460451304912567139e-01
4.460062086582183838e-01
4.463437497615814209e-01
4.466829597949981689e-01
4.468809068202972412e-01
4.468051195144653320e-01
4.467724561691284180e-01
4.468624293804168701e-01
4.469918310642242432e-01
4.471035003662109375e-01
4.471210241317749023e-01
4.472014307975769043e-01
4.450560212135314941e-01
4.467788040637969971e-01
4.471124112606048584e-01
4.352312982082366943e-01
4.293257296085357666e-01
4.327575266361236572e-01
4.346702098846435547e-01
4.366977214813232422e-01
4.411442875862121582e-01
4.451575577259063721e-01
4.458053410053253174e-01
4.444201588630676270e-01
4.429572820663452148e-01
4.424676299095153809e-01
4.424458444118499756e-01
4.427420198917388916e-01
4.432220160961151123e-01
4.437072277069091797e-01
4.440725445747375488e-01
4.443339109420776367e-01
4.445332288742065430e-01
4.446947872638702393e-01
