4.587429809570312500e+01
3.634196853637695312e+01
2.349273300170898438e+01
1.491537952423095703e+01
1.094117736816406250e+01
1.025960350036621094e+01
1.060223865509033203e+01
1.057812500000000000e+01
1.016085529327392578e+01
9.764632225036621094e+00
9.472396850585937500e+00
9.250732421875000000e+00
9.084461212158203125e+00
8.933118820190429688e+00
8.775648117065429688e+00
8.617522239685058594e+00
8.457832336425781250e+00
8.301671028137207031e+00
8.164991378784179688e+00
8.040716171264648438e+00
7.926858425140380859e+00
7.816949367523193359e+00
7.714833259582519531e+00
7.619767665863037109e+00
7.531479358673095703e+00
7.454614162445068359e+00
7.384667873382568359e+00
7.326056480407714844e+00
7.274849891662597656e+00
7.232778549194335938e+00
7.194783210754394531e+00
7.164022922515869141e+00
7.131884098052978516e+00
7.108996391296386719e+00
7.084542751312255859e+00
7.082274913787841797e+00
7.037841796875000000e+00
7.031458854675292969e+00
7.004873752593994141e+00
7.000778675079345703e+00
6.978091716766357422e+00
6.984218597412109375e+00
6.954367160797119141e+00
6.978463172912597656e+00
6.934460639953613281e+00
6.987387180328369141e+00
6.919595241546630859e+00
7.021087169647216797e+00
6.918707847595214844e+00
7.104294300079345703e+00
6.974616050720214844e+00
7.113650798797607422e+00
7.054826259613037109e+00
7.081492900848388672e+00
7.012237548828125000e+00
7.087237358093261719e+00
6.983655929565429688e+00
7.024357318878173828e+00
6.945218563079833984e+00
7.017975807189941406e+00
6.965511798858642578e+00
7.019863128662109375e+00
6.960036754608154297e+00
7.006382465362548828e+00
6.949998378753662109e+00
6.997555255889892578e+00
6.942956924438476562e+00
6.992859840393066406e+00
6.936977863311767578e+00
6.990812778472900391e+00
6.931173801422119141e+00
6.991829872131347656e+00
6.925931453704833984e+00
6.996621608734130859e+00
6.921593189239501953e+00
7.005556106567382812e+00
6.919021129608154297e+00
7.019264221191406250e+00
6.917163848876953125e+00
7.099451065063476562e+00
6.957715034484863281e+00
7.086056232452392578e+00
6.931369304656982422e+00
7.063893318176269531e+00
7.003962516784667969e+00
7.044927120208740234e+00
6.969175815582275391e+00
6.989394664764404297e+00
6.962884426116943359e+00
6.987318038940429688e+00
6.954210758209228516e+00
6.975393295288085938e+00
6.946879863739013672e+00
6.962042808532714844e+00
6.941473960876464844e+00
6.952432155609130859e+00
6.937796115875244141e+00
6.941287040710449219e+00
6.933773517608642578e+00
6.928555965423583984e+00
6.945175647735595703e+00
6.954894542694091797e+00
6.937442302703857422e+00
6.933772087097167969e+00
6.941130161285400391e+00
6.952977657318115234e+00
6.925943851470947266e+00
6.934885501861572266e+00
6.941167354583740234e+00
6.951236248016357422e+00
6.924606800079345703e+00
6.928681373596191406e+00
6.940923213958740234e+00
6.919817447662353516e+00
6.917266368865966797e+00
6.935330867767333984e+00
6.951005458831787109e+00
6.925228595733642578e+00
6.939279079437255859e+00
6.936347007751464844e+00
6.926337242126464844e+00
6.931520462036132812e+00
6.970317363739013672e+00
6.945277214050292969e+00
6.949586868286132812e+00
6.905695915222167969e+00
6.944109916687011719e+00
6.931068420410156250e+00
6.985922336578369141e+00
6.763193130493164062e+00
6.868939876556396484e+00
7.059329509735107422e+00
6.853794097900390625e+00
6.803589820861816406e+00
6.969561576843261719e+00
6.828242301940917969e+00
6.967090606689453125e+00
6.811735153198242188e+00
7.005994796752929688e+00
6.773107528686523438e+00
6.909810066223144531e+00
6.792300224304199219e+00
6.918182373046875000e+00
6.777481079101562500e+00
6.944869041442871094e+00
6.730628967285156250e+00
6.829320430755615234e+00
6.706823348999023438e+00
6.850048542022705078e+00
6.713307857513427734e+00
6.832280635833740234e+00
6.396971702575683594e+00
5.923694610595703125e+00
5.931251525878906250e+00
7.300796508789062500e+00
6.611939430236816406e+00
6.739212036132812500e+00
6.447466850280761719e+00
6.979249954223632812e+00
6.854742050170898438e+00
7.277289390563964844e+00
7.096019268035888672e+00
7.609701633453369141e+00
7.314173698425292969e+00
7.517844676971435547e+00
7.513320922851562500e+00
8.360980033874511719e+00
7.355287551879882812e+00
7.261732101440429688e+00
7.142596244812011719e+00
6.853751182556152344e+00
6.725738048553466797e+00
6.866128444671630859e+00
6.722860336303710938e+00
6.917196273803710938e+00
6.713283538818359375e+00
6.959288120269775391e+00
6.718150615692138672e+00
7.023179531097412109e+00
6.759774684906005859e+00
7.037872314453125000e+00
6.780908584594726562e+00
7.020780086517333984e+00
6.779024124145507812e+00
6.997901916503906250e+00
6.765029907226562500e+00
6.977966308593750000e+00
6.752453327178955078e+00
6.965065956115722656e+00
6.745938301086425781e+00
6.954584121704101562e+00
6.741171360015869141e+00
6.943449497222900391e+00
6.736217975616455078e+00
6.931759357452392578e+00
6.731189727783203125e+00
6.919941902160644531e+00
6.726010799407958984e+00
6.916023731231689453e+00
6.927023410797119141e+00
