4.605622863769531250e+01
3.795967483520507812e+01
3.277260208129882812e+01
3.064467048645019531e+01
3.106291198730468750e+01
3.160041236877441406e+01
3.165551757812500000e+01
3.155549240112304688e+01
3.140694808959960938e+01
3.092463684082031250e+01
3.077446365356445312e+01
3.071108818054199219e+01
3.065369987487792969e+01
3.065534019470214844e+01
3.064926147460937500e+01
3.065775299072265625e+01
3.064738464355468750e+01
3.061732673645019531e+01
3.060687065124511719e+01
3.056792068481445312e+01
3.055723381042480469e+01
3.052123069763183594e+01
3.050270652770996094e+01
3.049198532104492188e+01
3.047028160095214844e+01
3.044180488586425781e+01
3.041498756408691406e+01
3.043877410888671875e+01
3.044098854064941406e+01
3.066492080688476562e+01
3.040538215637207031e+01
3.039700126647949219e+01
3.060434913635253906e+01
3.038241195678710938e+01
3.033240509033203125e+01
3.027638816833496094e+01
3.037382888793945312e+01
3.038138580322265625e+01
3.033003616333007812e+01
3.025187301635742188e+01
3.019703483581542969e+01
3.026298904418945312e+01
3.025774574279785156e+01
3.014528465270996094e+01
3.021554183959960938e+01
3.020389938354492188e+01
3.019396209716796875e+01
3.021998405456542969e+01
3.016032409667968750e+01
3.015112304687500000e+01
3.057654953002929688e+01
3.040547180175781250e+01
3.013771247863769531e+01
3.022992897033691406e+01
3.027064132690429688e+01
3.026389122009277344e+01
3.017932510375976562e+01
3.025847625732421875e+01
3.017994499206542969e+01
3.019600677490234375e+01
3.017525100708007812e+01
3.012266349792480469e+01
3.051710319519042969e+01
2.996886253356933594e+01
2.993633270263671875e+01
3.010546493530273438e+01
3.013025283813476562e+01
3.004169273376464844e+01
3.008220672607421875e+01
3.003774833679199219e+01
3.001032447814941406e+01
2.997922325134277344e+01
3.005110168457031250e+01
3.000306892395019531e+01
2.995712471008300781e+01
2.996216201782226562e+01
3.010983467102050781e+01
3.007956504821777344e+01
3.000883865356445312e+01
2.994091415405273438e+01
2.993987846374511719e+01
2.993188095092773438e+01
3.000702857971191406e+01
2.994512176513671875e+01
3.000226020812988281e+01
3.002475929260253906e+01
3.009437179565429688e+01
2.998998260498046875e+01
3.004720687866210938e+01
2.992978477478027344e+01
2.988951683044433594e+01
3.004790496826171875e+01
2.997730255126953125e+01
2.999228477478027344e+01
2.998812484741210938e+01
3.007669258117675781e+01
2.987535667419433594e+01
3.014602470397949219e+01
2.986458587646484375e+01
2.989785957336425781e+01
2.991842651367187500e+01
3.001245117187500000e+01
2.988466835021972656e+01
3.000568580627441406e+01
2.986450958251953125e+01
3.006221008300781250e+01
2.990225410461425781e+01
2.989617729187011719e+01
3.004271507263183594e+01
2.978460502624511719e+01
2.986224937438964844e+01
3.009241104125976562e+01
2.994903373718261719e+01
3.017066764831542969e+01
2.994361114501953125e+01
3.004257392883300781e+01
3.000926017761230469e+01
2.994620132446289062e+01
3.011267852783203125e+01
2.992252349853515625e+01
3.000538444519042969e+01
3.006774520874023438e+01
2.996535682678222656e+01
2.996510124206542969e+01
3.001756477355957031e+01
2.994935798645019531e+01
3.006778717041015625e+01
2.990131187438964844e+01
2.984641456604003906e+01
2.975953292846679688e+01
2.988391494750976562e+01
2.999181365966796875e+01
2.978060150146484375e+01
2.978770256042480469e+01
2.980221176147460938e+01
2.995870590209960938e+01
2.984557151794433594e+01
2.980221557617187500e+01
2.976271629333496094e+01
2.993038558959960938e+01
2.984565162658691406e+01
2.985446739196777344e+01
2.978275680541992188e+01
2.991584777832031250e+01
2.984165382385253906e+01
2.984675216674804688e+01
2.984417533874511719e+01
2.985749244689941406e+01
2.988637733459472656e+01
2.978258895874023438e+01
2.983336448669433594e+01
2.978640556335449219e+01
2.981023979187011719e+01
2.989075088500976562e+01
2.985710144042968750e+01
2.977496910095214844e+01
2.978810691833496094e+01
2.978203582763671875e+01
2.986224174499511719e+01
2.980402565002441406e+01
2.976536369323730469e+01
2.988470649719238281e+01
2.977201843261718750e+01
2.985209274291992188e+01
2.980122756958007812e+01
2.981047058105468750e+01
2.991745185852050781e+01
2.981034469604492188e+01
2.977462959289550781e+01
2.989961242675781250e+01
2.978303146362304688e+01
2.983335685729980469e+01
2.987162017822265625e+01
2.981252098083496094e+01
2.980841255187988281e+01
2.977832794189453125e+01
2.985353279113769531e+01
2.974234390258789062e+01
2.977329826354980469e+01
2.982387351989746094e+01
2.980952835083007812e+01
2.973747253417968750e+01
2.978826141357421875e+01
2.979277801513671875e+01
2.982998847961425781e+01
2.975115203857421875e+01
2.981164550781250000e+01
2.986778831481933594e+01
2.977615547180175781e+01
2.989285659790039062e+01
2.976946830749511719e+01
2.976158714294433594e+01
2.984525680541992188e+01
2.977293205261230469e+01
2.975063514709472656e+01
2.989084053039550781e+01
2.977488899230957031e+01
2.982789421081542969e+01
2.974527740478515625e+01
2.975637626647949219e+01
