2.603756189346313477e+00
2.022073507308959961e+00
1.787285804748535156e+00
1.704909801483154297e+00
1.727736592292785645e+00
1.751776814460754395e+00
1.783434033393859863e+00
1.775809645652770996e+00
1.790338158607482910e+00
1.789976239204406738e+00
1.790107011795043945e+00
1.766941308975219727e+00
1.740048170089721680e+00
1.707897782325744629e+00
1.699573397636413574e+00
1.681547284126281738e+00
1.657523274421691895e+00
1.648959755897521973e+00
1.638410806655883789e+00
1.632007479667663574e+00
1.625996708869934082e+00
1.622009634971618652e+00
1.615994095802307129e+00
1.607844829559326172e+00
1.602709889411926270e+00
1.600885033607482910e+00
1.600295424461364746e+00
1.599367856979370117e+00
1.598361611366271973e+00
1.597544789314270020e+00
1.595780968666076660e+00
1.594603419303894043e+00
1.593766570091247559e+00
1.593322396278381348e+00
1.636037588119506836e+00
1.631293416023254395e+00
1.625583171844482422e+00
1.622254610061645508e+00
1.620584726333618164e+00
1.619782209396362305e+00
1.619968056678771973e+00
1.620777368545532227e+00
1.621108531951904297e+00
1.621068835258483887e+00
1.621160030364990234e+00
1.621669292449951172e+00
1.622221589088439941e+00
1.622255563735961914e+00
1.621675014495849609e+00
1.621152162551879883e+00
1.620968818664550781e+00
1.621037244796752930e+00
1.621168255805969238e+00
1.621260046958923340e+00
1.621393561363220215e+00
1.621138572692871094e+00
1.620832562446594238e+00
1.620626568794250488e+00
1.620208501815795898e+00
1.620132446289062500e+00
1.620260238647460938e+00
1.619995355606079102e+00
1.619494676589965820e+00
1.619145750999450684e+00
1.618959546089172363e+00
1.618786573410034180e+00
1.618598341941833496e+00
1.618421435356140137e+00
1.618256926536560059e+00
1.618085861206054688e+00
1.617923140525817871e+00
1.617774367332458496e+00
1.617636799812316895e+00
1.617508769035339355e+00
1.617390394210815430e+00
1.617284536361694336e+00
1.617185592651367188e+00
1.617097020149230957e+00
1.616931557655334473e+00
1.616560220718383789e+00
1.616249322891235352e+00
1.616148233413696289e+00
1.616019129753112793e+00
1.615918636322021484e+00
1.615980863571166992e+00
1.616010308265686035e+00
1.615964889526367188e+00
1.615883231163024902e+00
1.615747094154357910e+00
1.615434288978576660e+00
1.615001916885375977e+00
1.614315390586853027e+00
1.613142967224121094e+00
1.611689090728759766e+00
1.589519619941711426e+00
1.584308266639709473e+00
1.585642576217651367e+00
1.584669232368469238e+00
1.584235668182373047e+00
1.582065820693969727e+00
1.580776214599609375e+00
1.585426807403564453e+00
1.583153247833251953e+00
1.579966902732849121e+00
1.577967643737792969e+00
1.576483130455017090e+00
1.575461745262145996e+00
1.574579358100891113e+00
1.573864579200744629e+00
1.572608709335327148e+00
1.571602106094360352e+00
1.570876598358154297e+00
1.570122480392456055e+00
1.569366931915283203e+00
1.568729758262634277e+00
1.568389892578125000e+00
1.567853212356567383e+00
1.567025303840637207e+00
1.566979408264160156e+00
1.567332506179809570e+00
1.567085146903991699e+00
1.566967606544494629e+00
1.567208051681518555e+00
1.567166209220886230e+00
1.567205786705017090e+00
1.567027330398559570e+00
1.566845536231994629e+00
1.566717267036437988e+00
1.566444873809814453e+00
1.566070914268493652e+00
1.565750718116760254e+00
1.565323472023010254e+00
1.564669251441955566e+00
1.563863873481750488e+00
1.562766551971435547e+00
1.561435937881469727e+00
1.560565710067749023e+00
1.558417201042175293e+00
1.554942369461059570e+00
1.553064823150634766e+00
1.553698301315307617e+00
1.554852962493896484e+00
1.630031466484069824e+00
1.621061325073242188e+00
1.606758952140808105e+00
1.598978281021118164e+00
1.599182367324829102e+00
1.549211740493774414e+00
1.550040364265441895e+00
1.551643133163452148e+00
1.552178263664245605e+00
1.552548527717590332e+00
1.551593422889709473e+00
1.550368905067443848e+00
1.549072980880737305e+00
1.549200177192687988e+00
1.547325134277343750e+00
1.547755002975463867e+00
1.638652563095092773e+00
1.618893623352050781e+00
1.608105659484863281e+00
1.619961142539978027e+00
1.615020275115966797e+00
1.613431692123413086e+00
1.605288386344909668e+00
1.605897784233093262e+00
1.631851673126220703e+00
1.632585406303405762e+00
1.630168914794921875e+00
1.629626989364624023e+00
1.618981122970581055e+00
1.620536804199218750e+00
1.623976707458496094e+00
1.611085295677185059e+00
1.606426358222961426e+00
1.611334562301635742e+00
1.633236289024353027e+00
1.631826996803283691e+00
1.628929018974304199e+00
1.626420378684997559e+00
1.625937461853027344e+00
1.625659942626953125e+00
1.626184940338134766e+00
1.626837849617004395e+00
1.627215385437011719e+00
1.627753615379333496e+00
1.628046393394470215e+00
1.628315806388854980e+00
1.628211855888366699e+00
1.628615736961364746e+00
1.629073143005371094e+00
1.628677487373352051e+00
1.629493236541748047e+00
1.628993034362792969e+00
1.629946470260620117e+00
1.629200696945190430e+00
1.629589915275573730e+00
1.629571318626403809e+00
1.630055904388427734e+00
1.629902482032775879e+00
