3.584040832519531250e+01
2.746414375305175781e+01
1.893279457092285156e+01
1.096213340759277344e+01
7.138016700744628906e+00
6.103359222412109375e+00
6.142344951629638672e+00
6.430707454681396484e+00
6.774632453918457031e+00
6.534193515777587891e+00
6.089371681213378906e+00
6.057414054870605469e+00
6.160516738891601562e+00
6.178673744201660156e+00
6.330718517303466797e+00
6.217586994171142578e+00
5.999677181243896484e+00
6.111852645874023438e+00
5.199010848999023438e+00
5.654916763305664062e+00
5.983294010162353516e+00
5.989053726196289062e+00
5.795047283172607422e+00
5.794892311096191406e+00
5.702836036682128906e+00
5.877311229705810547e+00
5.737739086151123047e+00
5.672284126281738281e+00
5.663249015808105469e+00
5.665755271911621094e+00
5.792529582977294922e+00
5.767626285552978516e+00
5.711470127105712891e+00
5.677880287170410156e+00
5.658945083618164062e+00
5.592800617218017578e+00
5.612579345703125000e+00
5.754042148590087891e+00
5.684689998626708984e+00
5.697812557220458984e+00
5.682962417602539062e+00
5.667286872863769531e+00
5.688724040985107422e+00
5.692512989044189453e+00
5.666564464569091797e+00
5.716343879699707031e+00
5.698502063751220703e+00
5.664941310882568359e+00
5.660072326660156250e+00
5.671406745910644531e+00
5.711611270904541016e+00
5.680571079254150391e+00
5.766944885253906250e+00
5.724337100982666016e+00
5.692326545715332031e+00
5.648543357849121094e+00
5.698720932006835938e+00
5.677756786346435547e+00
5.664259433746337891e+00
5.676924705505371094e+00
5.668848037719726562e+00
5.646357059478759766e+00
5.681321144104003906e+00
5.659989356994628906e+00
5.647297859191894531e+00
5.637362003326416016e+00
5.719024181365966797e+00
5.670015335083007812e+00
5.857053279876708984e+00
5.789603710174560547e+00
5.718107223510742188e+00
5.669528007507324219e+00
5.744134426116943359e+00
5.850340366363525391e+00
5.820530891418457031e+00
5.747295379638671875e+00
5.688221931457519531e+00
5.668381214141845703e+00
5.643038749694824219e+00
5.774532318115234375e+00
5.751835346221923828e+00
5.719800472259521484e+00
5.665362834930419922e+00
5.665814876556396484e+00
5.658339500427246094e+00
5.695330142974853516e+00
5.651439189910888672e+00
5.729142189025878906e+00
5.687773704528808594e+00
5.688176155090332031e+00
5.642720222473144531e+00
5.806313037872314453e+00
5.770356655120849609e+00
5.743622779846191406e+00
5.682992458343505859e+00
5.668046474456787109e+00
5.630929470062255859e+00
5.789468765258789062e+00
5.757435798645019531e+00
5.741284370422363281e+00
5.680152893066406250e+00
5.669488430023193359e+00
5.625892639160156250e+00
5.761879444122314453e+00
5.726298332214355469e+00
5.725145339965820312e+00
5.640796184539794922e+00
5.673617839813232422e+00
5.624349117279052734e+00
5.702636241912841797e+00
5.672722816467285156e+00
5.640951156616210938e+00
5.632092475891113281e+00
5.644325733184814453e+00
5.596316337585449219e+00
5.604022979736328125e+00
5.535167694091796875e+00
5.571653842926025391e+00
5.547255516052246094e+00
5.561635971069335938e+00
5.529376506805419922e+00
5.558798313140869141e+00
5.531173706054687500e+00
5.559494972229003906e+00
5.531112670898437500e+00
5.552259922027587891e+00
5.525605678558349609e+00
5.551040649414062500e+00
5.527026176452636719e+00
5.556199550628662109e+00
5.528942108154296875e+00
5.547953605651855469e+00
5.522245407104492188e+00
5.545469760894775391e+00
5.520783424377441406e+00
5.543029785156250000e+00
5.518795967102050781e+00
5.539946556091308594e+00
5.515967369079589844e+00
5.536645412445068359e+00
5.513103485107421875e+00
5.533871173858642578e+00
5.510292053222656250e+00
5.529680252075195312e+00
5.507166385650634766e+00
5.526698112487792969e+00
5.504516601562500000e+00
5.524441719055175781e+00
5.502261638641357422e+00
5.521985054016113281e+00
5.499936580657958984e+00
5.519234180450439453e+00
5.497523307800292969e+00
5.516446590423583984e+00
5.495127677917480469e+00
5.513752937316894531e+00
5.493389129638671875e+00
5.509578704833984375e+00
5.490026473999023438e+00
5.507521629333496094e+00
5.487777709960937500e+00
5.506481170654296875e+00
5.485860347747802734e+00
5.505253314971923828e+00
5.483985900878906250e+00
5.503197193145751953e+00
5.481865406036376953e+00
5.500589370727539062e+00
5.479540348052978516e+00
5.497960090637207031e+00
5.477554321289062500e+00
5.494626998901367188e+00
5.474563598632812500e+00
5.493033885955810547e+00
5.472349643707275391e+00
5.492676734924316406e+00
5.470905303955078125e+00
5.491008281707763672e+00
5.468716144561767578e+00
5.488780021667480469e+00
5.466446399688720703e+00
5.486849784851074219e+00
5.464265346527099609e+00
5.484803199768066406e+00
5.462059497833251953e+00
5.482921123504638672e+00
5.459935188293457031e+00
5.480878353118896484e+00
5.457796573638916016e+00
5.478946208953857422e+00
5.455804347991943359e+00
5.476590156555175781e+00
5.453586578369140625e+00
5.474446296691894531e+00
5.451494693756103516e+00
5.472349643707275391e+00
5.449447631835937500e+00
5.470181941986083984e+00
5.447395324707031250e+00
5.467765331268310547e+00
