3.689940643310546875e+01
3.194479370117187500e+01
2.764736366271972656e+01
1.791277694702148438e+01
9.721652984619140625e+00
6.585255146026611328e+00
6.047496318817138672e+00
5.809012413024902344e+00
5.877653598785400391e+00
5.972474098205566406e+00
8.002095222473144531e+00
5.063385009765625000e+00
5.982414722442626953e+00
6.437488555908203125e+00
5.312273979187011719e+00
5.459347724914550781e+00
5.593125820159912109e+00
6.324728012084960938e+00
7.100564002990722656e+00
5.429824352264404297e+00
5.280811309814453125e+00
5.415264129638671875e+00
5.493675231933593750e+00
5.381150722503662109e+00
5.339911937713623047e+00
5.251610279083251953e+00
6.005624771118164062e+00
5.950458526611328125e+00
5.949290275573730469e+00
5.947196483612060547e+00
5.942181587219238281e+00
5.936568737030029297e+00
5.945483684539794922e+00
5.958492279052734375e+00
5.946826457977294922e+00
5.948067665100097656e+00
5.976194381713867188e+00
5.982923507690429688e+00
5.789177417755126953e+00
5.033818721771240234e+00
5.288915157318115234e+00
5.236774921417236328e+00
5.192148685455322266e+00
5.961022853851318359e+00
6.936025142669677734e+00
5.614269256591796875e+00
5.953156948089599609e+00
6.027405261993408203e+00
5.868791580200195312e+00
5.807607650756835938e+00
5.816898345947265625e+00
5.833643436431884766e+00
5.836351394653320312e+00
5.830949783325195312e+00
5.831380367279052734e+00
5.836167812347412109e+00
5.837101459503173828e+00
5.832328796386718750e+00
5.832188606262207031e+00
5.831860542297363281e+00
5.837602615356445312e+00
5.843877792358398438e+00
5.845831394195556641e+00
5.765477657318115234e+00
4.803175926208496094e+00
4.824871063232421875e+00
5.950122833251953125e+00
5.881341457366943359e+00
5.985538482666015625e+00
5.677361011505126953e+00
5.514533042907714844e+00
5.571248054504394531e+00
5.958213329315185547e+00
5.483633518218994141e+00
4.641352653503417969e+00
4.641002178192138672e+00
4.772350788116455078e+00
4.797609806060791016e+00
4.750551223754882812e+00
4.762783050537109375e+00
4.727224349975585938e+00
4.723076343536376953e+00
4.819782257080078125e+00
4.738018512725830078e+00
4.721418380737304688e+00
4.742536544799804688e+00
4.767107963562011719e+00
4.724809646606445312e+00
5.108969688415527344e+00
4.741389274597167969e+00
4.888240814208984375e+00
4.771867275238037109e+00
4.687942028045654297e+00
4.682062625885009766e+00
4.694843292236328125e+00
4.682633399963378906e+00
6.484874248504638672e+00
5.731422901153564453e+00
4.658431053161621094e+00
4.951142787933349609e+00
5.813083171844482422e+00
4.885292530059814453e+00
5.009473323822021484e+00
5.109881401062011719e+00
5.079138278961181641e+00
5.034304141998291016e+00
5.031797885894775391e+00
5.044441223144531250e+00
5.048126220703125000e+00
5.045537948608398438e+00
5.044518947601318359e+00
5.045949935913085938e+00
5.047622203826904297e+00
5.048624038696289062e+00
5.049294948577880859e+00
5.049968242645263672e+00
5.050644397735595703e+00
5.051247119903564453e+00
5.051764965057373047e+00
5.052175521850585938e+00
5.052391052246093750e+00
5.052657127380371094e+00
5.052990436553955078e+00
5.053130149841308594e+00
5.053234577178955078e+00
5.053287506103515625e+00
5.053388595581054688e+00
5.053421497344970703e+00
5.053514480590820312e+00
5.053654670715332031e+00
5.053523063659667969e+00
5.053257942199707031e+00
5.053244113922119141e+00
5.053380966186523438e+00
5.053221225738525391e+00
5.052888870239257812e+00
5.052801132202148438e+00
5.052809715270996094e+00
5.051696300506591797e+00
4.956971645355224609e+00
4.917575836181640625e+00
4.912055492401123047e+00
4.923971176147460938e+00
4.925544261932373047e+00
4.922439098358154297e+00
4.919966697692871094e+00
5.282430171966552734e+00
4.918738842010498047e+00
5.051023960113525391e+00
5.058990478515625000e+00
4.985363960266113281e+00
4.936817169189453125e+00
4.922457695007324219e+00
4.919142723083496094e+00
4.916352272033691406e+00
4.915515899658203125e+00
4.917000293731689453e+00
4.918734550476074219e+00
4.919269561767578125e+00
4.918736934661865234e+00
4.918229579925537109e+00
4.918110370635986328e+00
4.917952060699462891e+00
4.917857646942138672e+00
4.917871952056884766e+00
4.917681694030761719e+00
4.917500019073486328e+00
4.917316436767578125e+00
4.917308330535888672e+00
4.917393207550048828e+00
4.917231559753417969e+00
4.917126655578613281e+00
4.917171955108642578e+00
4.917010307312011719e+00
4.916917800903320312e+00
4.916974544525146484e+00
4.916808605194091797e+00
4.916719913482666016e+00
4.916786670684814453e+00
4.916629314422607422e+00
4.916547775268554688e+00
4.916625022888183594e+00
4.916474819183349609e+00
4.916404724121093750e+00
4.916492938995361328e+00
4.916348457336425781e+00
4.916287422180175781e+00
4.916388034820556641e+00
4.916247367858886719e+00
4.916195392608642578e+00
4.916306018829345703e+00
4.916169643402099609e+00
4.916122913360595703e+00
4.916244983673095703e+00
4.916107177734375000e+00
4.916063308715820312e+00
4.916194915771484375e+00
4.916053295135498047e+00
4.915928840637207031e+00
4.915827751159667969e+00
