3.206504821777343750e+01
2.865542602539062500e+01
2.243445777893066406e+01
1.634126472473144531e+01
1.181182479858398438e+01
9.313418388366699219e+00
8.369887351989746094e+00
8.246715545654296875e+00
8.392562866210937500e+00
8.520472526550292969e+00
8.532518386840820312e+00
8.296532630920410156e+00
7.911827564239501953e+00
7.503280639648437500e+00
7.140451431274414062e+00
6.876331329345703125e+00
6.719247341156005859e+00
6.641283512115478516e+00
6.606507301330566406e+00
6.593200683593750000e+00
6.588468551635742188e+00
6.585947990417480469e+00
6.584225177764892578e+00
6.582634449005126953e+00
6.581202983856201172e+00
6.579431533813476562e+00
6.577812671661376953e+00
6.576725482940673828e+00
6.604650497436523438e+00
6.600414752960205078e+00
6.586857318878173828e+00
6.577870845794677734e+00
6.602321147918701172e+00
6.627087593078613281e+00
6.610309600830078125e+00
6.589527130126953125e+00
6.578492641448974609e+00
6.575616359710693359e+00
6.692265987396240234e+00
6.669427871704101562e+00
6.615592002868652344e+00
6.583695411682128906e+00
6.569097518920898438e+00
6.564641952514648438e+00
6.565821647644042969e+00
6.567661285400390625e+00
6.568091869354248047e+00
6.566676139831542969e+00
6.564954757690429688e+00
6.563414096832275391e+00
6.561638355255126953e+00
6.559975147247314453e+00
6.558518886566162109e+00
6.557403087615966797e+00
6.556307792663574219e+00
6.554905414581298828e+00
6.554135322570800781e+00
6.553828239440917969e+00
6.553090572357177734e+00
6.552466869354248047e+00
6.552143096923828125e+00
6.551892280578613281e+00
6.551576137542724609e+00
6.551263809204101562e+00
6.550992012023925781e+00
6.550736427307128906e+00
6.550473213195800781e+00
6.550216674804687500e+00
6.549972057342529297e+00
6.549733638763427734e+00
6.549505233764648438e+00
6.549285888671875000e+00
6.549070358276367188e+00
6.548861503601074219e+00
6.548655986785888672e+00
6.548455715179443359e+00
6.548255443572998047e+00
6.548052310943603516e+00
6.547841548919677734e+00
6.547621250152587891e+00
6.547382354736328125e+00
6.547118663787841797e+00
6.546828746795654297e+00
6.546466827392578125e+00
6.545822143554687500e+00
6.545536518096923828e+00
6.545735836029052734e+00
6.545609474182128906e+00
6.545422077178955078e+00
6.545175552368164062e+00
6.545041084289550781e+00
6.544906139373779297e+00
6.544810771942138672e+00
6.544715404510498047e+00
6.544640064239501953e+00
6.544564723968505859e+00
6.544501304626464844e+00
6.544444084167480469e+00
6.544394493103027344e+00
6.544349193572998047e+00
6.544309616088867188e+00
6.544274806976318359e+00
6.544244766235351562e+00
6.544218540191650391e+00
6.544201850891113281e+00
6.544183731079101562e+00
6.544169425964355469e+00
6.544158935546875000e+00
6.544151782989501953e+00
6.544147968292236328e+00
6.544147491455078125e+00
6.544149398803710938e+00
6.544154167175292969e+00
6.544160366058349609e+00
6.544170856475830078e+00
6.544180870056152344e+00
6.544194698333740234e+00
6.544209957122802734e+00
6.544228076934814453e+00
6.544247150421142578e+00
6.544268131256103516e+00
6.544290065765380859e+00
6.544314384460449219e+00
6.544340610504150391e+00
6.544366836547851562e+00
6.544395923614501953e+00
6.544423580169677734e+00
6.544455528259277344e+00
6.544484615325927734e+00
6.544515132904052734e+00
6.544548511505126953e+00
6.544581890106201172e+00
6.544615268707275391e+00
6.544649600982666016e+00
6.544682979583740234e+00
6.544718742370605469e+00
6.544753551483154297e+00
6.544790267944335938e+00
6.544827461242675781e+00
6.544865131378173828e+00
6.544903278350830078e+00
6.544940948486328125e+00
6.544980049133300781e+00
6.545018672943115234e+00
6.545058727264404297e+00
6.545097827911376953e+00
6.545136928558349609e+00
6.545177936553955078e+00
6.545219898223876953e+00
6.545260429382324219e+00
6.545301437377929688e+00
6.545341014862060547e+00
6.545382499694824219e+00
6.545425415039062500e+00
6.545468330383300781e+00
6.545673847198486328e+00
6.545630455017089844e+00
6.545594215393066406e+00
6.545658588409423828e+00
6.545711040496826172e+00
6.545728683471679688e+00
6.545743942260742188e+00
6.545766353607177734e+00
6.545793056488037109e+00
6.545821666717529297e+00
6.545847892761230469e+00
6.545876979827880859e+00
6.545907974243164062e+00
6.545940876007080078e+00
6.545972824096679688e+00
6.546006202697753906e+00
6.546041488647460938e+00
6.546075820922851562e+00
6.546110630035400391e+00
6.546146869659423828e+00
6.546183586120605469e+00
6.546218395233154297e+00
6.546537399291992188e+00
6.546400070190429688e+00
6.546308517456054688e+00
6.546393871307373047e+00
6.546439170837402344e+00
6.546421051025390625e+00
6.546393871307373047e+00
6.546382427215576172e+00
6.546380519866943359e+00
6.546380519866943359e+00
6.546382427215576172e+00
6.546391010284423828e+00
6.546401977539062500e+00
6.546412944793701172e+00
6.546426296234130859e+00
6.546441555023193359e+00
6.546458244323730469e+00
6.546473979949951172e+00
6.546491622924804688e+00
6.546510219573974609e+00
6.546529769897460938e+00
6.546551227569580078e+00
6.546570777893066406e+00
