1.996558380126953125e+01
1.804954910278320312e+01
1.578093719482421875e+01
1.062993717193603516e+01
6.761080265045166016e+00
5.074301719665527344e+00
4.648151874542236328e+00
4.610440731048583984e+00
4.618683815002441406e+00
4.668264389038085938e+00
4.696061134338378906e+00
4.689043045043945312e+00
4.689408779144287109e+00
4.696883201599121094e+00
4.823593616485595703e+00
4.801462173461914062e+00
4.829975605010986328e+00
4.854239463806152344e+00
4.874028205871582031e+00
4.902581214904785156e+00
4.926067829132080078e+00
4.948524951934814453e+00
4.971352100372314453e+00
4.991696357727050781e+00
5.009949684143066406e+00
5.024613380432128906e+00
5.018099308013916016e+00
4.861320972442626953e+00
4.867557525634765625e+00
4.890275478363037109e+00
4.896834373474121094e+00
4.903037548065185547e+00
4.914778232574462891e+00
4.921763896942138672e+00
4.927794456481933594e+00
4.934953212738037109e+00
4.941767692565917969e+00
4.947704792022705078e+00
4.953051567077636719e+00
4.957738876342773438e+00
4.961891651153564453e+00
4.965663909912109375e+00
4.969049930572509766e+00
4.972051620483398438e+00
4.974706649780273438e+00
4.977045536041259766e+00
4.979094982147216797e+00
4.980887413024902344e+00
4.982446193695068359e+00
4.983773708343505859e+00
4.984944820404052734e+00
4.985956668853759766e+00
4.986816406250000000e+00
4.987550258636474609e+00
4.988170146942138672e+00
4.988692283630371094e+00
4.989126682281494141e+00
4.989480972290039062e+00
4.989762306213378906e+00
4.989976882934570312e+00
4.990128040313720703e+00
4.990218162536621094e+00
4.990243911743164062e+00
4.990199089050292969e+00
4.990080356597900391e+00
4.989887237548828125e+00
4.989631175994873047e+00
4.989284515380859375e+00
4.989143848419189453e+00
4.988657474517822266e+00
4.986002445220947266e+00
4.985720634460449219e+00
4.988566875457763672e+00
4.983793258666992188e+00
4.985593318939208984e+00
4.985916614532470703e+00
4.986270904541015625e+00
4.985857009887695312e+00
4.985708236694335938e+00
4.985673904418945312e+00
4.985352516174316406e+00
4.985034942626953125e+00
4.984897613525390625e+00
4.984720230102539062e+00
4.984498023986816406e+00
4.984350204467773438e+00
4.984132289886474609e+00
4.983939647674560547e+00
4.983724117279052734e+00
4.984538078308105469e+00
4.985137939453125000e+00
4.982903480529785156e+00
4.983609676361083984e+00
4.983955860137939453e+00
4.983725070953369141e+00
4.983853340148925781e+00
4.984150886535644531e+00
4.983124732971191406e+00
4.983432769775390625e+00
4.984425067901611328e+00
4.984232425689697266e+00
4.984071254730224609e+00
4.984281063079833984e+00
4.984254360198974609e+00
4.984205722808837891e+00
4.984215259552001953e+00
4.984323501586914062e+00
4.984478473663330078e+00
4.984576225280761719e+00
4.984745025634765625e+00
4.984884262084960938e+00
4.985017299652099609e+00
4.985161304473876953e+00
4.985263824462890625e+00
4.985349178314208984e+00
4.985439777374267578e+00
4.985526084899902344e+00
4.985602855682373047e+00
4.985673427581787109e+00
4.985740184783935547e+00
4.985804080963134766e+00
4.985865116119384766e+00
4.985924243927001953e+00
4.985981941223144531e+00
4.986038684844970703e+00
4.986095905303955078e+00
4.986152172088623047e+00
4.986207485198974609e+00
4.986260890960693359e+00
4.986309528350830078e+00
4.986349105834960938e+00
4.986375808715820312e+00
4.986392498016357422e+00
4.986414909362792969e+00
4.986459732055664062e+00
4.986521244049072266e+00
4.853028774261474609e+00
4.529867172241210938e+00
4.405985355377197266e+00
4.376001834869384766e+00
4.380304813385009766e+00
4.392498970031738281e+00
4.402321815490722656e+00
4.407873630523681641e+00
4.410312175750732422e+00
4.411358833312988281e+00
4.411743164062500000e+00
4.412075042724609375e+00
4.412099838256835938e+00
4.412511825561523438e+00
4.412326812744140625e+00
4.413302421569824219e+00
4.412452220916748047e+00
4.415645599365234375e+00
4.412471294403076172e+00
4.421005725860595703e+00
4.414741516113281250e+00
4.434031009674072266e+00
4.418008327484130859e+00
4.418748855590820312e+00
4.417917251586914062e+00
4.419250488281250000e+00
4.416469097137451172e+00
4.415783405303955078e+00
4.533463954925537109e+00
4.594710350036621094e+00
4.584353923797607422e+00
4.542737483978271484e+00
4.489732265472412109e+00
4.467601299285888672e+00
4.449390888214111328e+00
4.435771942138671875e+00
4.429708957672119141e+00
4.426492691040039062e+00
4.422429084777832031e+00
4.417922019958496094e+00
4.418374538421630859e+00
4.415740489959716797e+00
4.414611816406250000e+00
4.416060924530029297e+00
4.413992881774902344e+00
4.412374496459960938e+00
4.412978172302246094e+00
4.412823200225830078e+00
4.414554595947265625e+00
4.412840843200683594e+00
4.413956165313720703e+00
4.413355350494384766e+00
4.414360523223876953e+00
4.413138389587402344e+00
4.413235664367675781e+00
4.413855075836181641e+00
4.413333892822265625e+00
4.413454532623291016e+00
4.412454605102539062e+00
4.413746356964111328e+00
4.412658691406250000e+00
4.413079738616943359e+00
4.413041591644287109e+00
4.413317680358886719e+00
