4.058440399169921875e+01
2.768365859985351562e+01
1.587537097930908203e+01
1.025900268554687500e+01
9.263023376464843750e+00
9.852245330810546875e+00
9.572298049926757812e+00
9.334908485412597656e+00
9.102648735046386719e+00
8.922061920166015625e+00
9.179829597473144531e+00
8.757004737854003906e+00
9.599179267883300781e+00
8.443903923034667969e+00
8.688936233520507812e+00
8.336875915527343750e+00
8.055575370788574219e+00
8.164663314819335938e+00
8.398821830749511719e+00
8.326138496398925781e+00
8.209630966186523438e+00
8.123260498046875000e+00
8.041582107543945312e+00
7.926306724548339844e+00
7.993260383605957031e+00
7.843457698822021484e+00
7.943665504455566406e+00
7.772345542907714844e+00
8.201803207397460938e+00
7.673163414001464844e+00
7.795907974243164062e+00
8.011867523193359375e+00
7.829224586486816406e+00
7.776354312896728516e+00
7.794973373413085938e+00
7.669768333435058594e+00
7.685666561126708984e+00
7.721617221832275391e+00
7.694825649261474609e+00
7.664536476135253906e+00
7.774072170257568359e+00
7.646923065185546875e+00
7.482875823974609375e+00
7.570327758789062500e+00
7.604623317718505859e+00
7.678373813629150391e+00
7.642603874206542969e+00
7.612313747406005859e+00
7.545393466949462891e+00
7.586675643920898438e+00
7.555897712707519531e+00
7.559433937072753906e+00
7.454914569854736328e+00
7.311121940612792969e+00
7.194120883941650391e+00
7.225897789001464844e+00
7.150684833526611328e+00
7.282417774200439453e+00
7.121125221252441406e+00
7.259333610534667969e+00
7.089109897613525391e+00
7.206709861755371094e+00
7.212884426116943359e+00
7.218947410583496094e+00
7.213970184326171875e+00
7.211667537689208984e+00
7.173028469085693359e+00
7.201299667358398438e+00
7.083208560943603516e+00
7.220776081085205078e+00
7.044474601745605469e+00
7.166210651397705078e+00
7.254429340362548828e+00
7.223179817199707031e+00
7.185983657836914062e+00
7.165610790252685547e+00
7.181190967559814453e+00
7.130717277526855469e+00
7.143342494964599609e+00
7.055859088897705078e+00
7.202745914459228516e+00
6.989039421081542969e+00
7.066494464874267578e+00
7.255109310150146484e+00
7.032291889190673828e+00
7.101609230041503906e+00
7.243106365203857422e+00
7.190233707427978516e+00
7.216074943542480469e+00
7.359945297241210938e+00
7.197855949401855469e+00
7.191852092742919922e+00
7.203844547271728516e+00
7.129598617553710938e+00
7.131799221038818359e+00
7.040399074554443359e+00
7.108767986297607422e+00
7.203973293304443359e+00
7.043650627136230469e+00
7.019764423370361328e+00
7.115049839019775391e+00
7.132917881011962891e+00
7.134797573089599609e+00
7.032139301300048828e+00
7.123227596282958984e+00
7.164504051208496094e+00
7.160431861877441406e+00
7.190135002136230469e+00
7.191346645355224609e+00
7.214440822601318359e+00
7.204127311706542969e+00
7.145960807800292969e+00
7.043605804443359375e+00
7.092375755310058594e+00
7.171888828277587891e+00
7.227070331573486328e+00
7.223502635955810547e+00
7.187827587127685547e+00
7.138569355010986328e+00
7.115447044372558594e+00
7.126972675323486328e+00
7.140153408050537109e+00
7.132868766784667969e+00
7.129750251770019531e+00
7.131529808044433594e+00
7.132536888122558594e+00
7.132565021514892578e+00
7.131817340850830078e+00
7.132058620452880859e+00
7.132168292999267578e+00
7.134367942810058594e+00
7.134874820709228516e+00
7.134968280792236328e+00
7.135793685913085938e+00
7.137179851531982422e+00
7.192640781402587891e+00
7.197842121124267578e+00
7.213244915008544922e+00
7.210976123809814453e+00
7.213346958160400391e+00
7.201109886169433594e+00
7.172294139862060547e+00
7.226380348205566406e+00
7.390067100524902344e+00
7.436709880828857422e+00
7.375368595123291016e+00
7.335303306579589844e+00
7.334023952484130859e+00
7.334486484527587891e+00
7.324718475341796875e+00
7.315949916839599609e+00
7.308349609375000000e+00
7.301965713500976562e+00
7.307520866394042969e+00
7.335228443145751953e+00
7.262577533721923828e+00
7.223139762878417969e+00
7.089223861694335938e+00
7.108452320098876953e+00
7.171290397644042969e+00
7.211809635162353516e+00
7.270501613616943359e+00
7.305401325225830078e+00
7.307646751403808594e+00
7.234215259552001953e+00
7.183104038238525391e+00
7.548388957977294922e+00
7.238336086273193359e+00
7.158522605895996094e+00
7.011000633239746094e+00
7.125126361846923828e+00
7.273530483245849609e+00
7.270039558410644531e+00
7.262441635131835938e+00
6.935781478881835938e+00
7.011734962463378906e+00
7.390620231628417969e+00
7.384977817535400391e+00
7.263618946075439453e+00
7.291286468505859375e+00
7.264389991760253906e+00
7.266448020935058594e+00
7.267664909362792969e+00
7.206233024597167969e+00
7.162909507751464844e+00
7.200359344482421875e+00
7.259720802307128906e+00
7.345760822296142578e+00
8.297795295715332031e+00
7.486350536346435547e+00
7.187138557434082031e+00
7.015485286712646484e+00
6.699311256408691406e+00
6.523730278015136719e+00
6.953485012054443359e+00
7.339846134185791016e+00
7.277317523956298828e+00
7.157301902770996094e+00
7.139865398406982422e+00
7.188311100006103516e+00
