9.316024780273437500e-01
8.943447470664978027e-01
9.066295623779296875e-01
9.046341776847839355e-01
8.986440896987915039e-01
8.966304659843444824e-01
8.967329263687133789e-01
8.973922729492187500e-01
8.978110551834106445e-01
8.978571295738220215e-01
8.977529406547546387e-01
8.976678252220153809e-01
8.976404070854187012e-01
8.976327776908874512e-01
8.975820541381835938e-01
8.974747061729431152e-01
8.974202275276184082e-01
8.971912264823913574e-01
8.970033526420593262e-01
8.966436386108398438e-01
8.966987729072570801e-01
8.963767290115356445e-01
8.959633111953735352e-01
8.955547213554382324e-01
8.961416482925415039e-01
8.953886032104492188e-01
8.953567743301391602e-01
8.971066474914550781e-01
8.953796625137329102e-01
8.964502215385437012e-01
8.958486914634704590e-01
8.969106674194335938e-01
9.022108316421508789e-01
9.075557589530944824e-01
9.098785519599914551e-01
9.096927642822265625e-01
9.088321924209594727e-01
9.080196619033813477e-01
9.059312939643859863e-01
9.067119956016540527e-01
9.074530601501464844e-01
9.071399569511413574e-01
9.064853787422180176e-01
9.058915376663208008e-01
9.050507545471191406e-01
9.048549532890319824e-01
9.049468040466308594e-01
9.050495028495788574e-01
9.046738743782043457e-01
9.052805304527282715e-01
9.066047072410583496e-01
9.105694890022277832e-01
9.061332941055297852e-01
9.053549766540527344e-01
9.060494303703308105e-01
9.049275517463684082e-01
9.049205780029296875e-01
9.046365618705749512e-01
9.046592116355895996e-01
9.049282073974609375e-01
9.055439233779907227e-01
9.084114432334899902e-01
9.118529558181762695e-01
9.128568768501281738e-01
9.134430289268493652e-01
9.125677347183227539e-01
9.129921793937683105e-01
9.120752215385437012e-01
9.133701324462890625e-01
9.119827151298522949e-01
9.123487472534179688e-01
9.119885563850402832e-01
9.120985269546508789e-01
9.118782281875610352e-01
9.119872450828552246e-01
9.118443727493286133e-01
9.119252562522888184e-01
9.118120074272155762e-01
9.118963479995727539e-01
9.122621417045593262e-01
9.124603271484375000e-01
9.119337201118469238e-01
9.119518399238586426e-01
9.116344451904296875e-01
9.116926193237304688e-01
9.115577936172485352e-01
9.116086959838867188e-01
9.115352630615234375e-01
9.115552306175231934e-01
9.115080237388610840e-01
9.115091562271118164e-01
9.114732742309570312e-01
9.114646911621093750e-01
9.114451408386230469e-01
9.114825129508972168e-01
9.114431738853454590e-01
9.113157391548156738e-01
9.113777279853820801e-01
9.113340377807617188e-01
9.113670587539672852e-01
9.113666415214538574e-01
9.113472104072570801e-01
9.112000465393066406e-01
9.112733006477355957e-01
9.112303853034973145e-01
9.112637639045715332e-01
9.112667441368103027e-01
9.112607836723327637e-01
9.111028909683227539e-01
9.111745953559875488e-01
9.110978245735168457e-01
9.112688302993774414e-01
9.110045433044433594e-01
9.111416935920715332e-01
9.111419916152954102e-01
9.110671877861022949e-01
9.111204147338867188e-01
9.117006659507751465e-01
9.120214581489562988e-01
9.112247824668884277e-01
9.113036990165710449e-01
9.110612273216247559e-01
9.111480712890625000e-01
9.110231399536132812e-01
9.109278917312622070e-01
9.109639525413513184e-01
9.108883142471313477e-01
9.108507037162780762e-01
9.108464121818542480e-01
9.108846783638000488e-01
9.108740091323852539e-01
9.110246896743774414e-01
9.108123779296875000e-01
9.108511805534362793e-01
9.108266830444335938e-01
9.107939004898071289e-01
9.108190536499023438e-01
9.108522534370422363e-01
9.108427166938781738e-01
9.109943509101867676e-01
9.107570052146911621e-01
9.108150601387023926e-01
9.107732772827148438e-01
9.107477068901062012e-01
9.107662439346313477e-01
9.108085632324218750e-01
9.107164740562438965e-01
9.107670187950134277e-01
9.107809066772460938e-01
9.107738733291625977e-01
9.109384417533874512e-01
9.106667637825012207e-01
9.107574820518493652e-01
9.106928706169128418e-01
9.106823205947875977e-01
9.106870889663696289e-01
9.107457995414733887e-01
9.106300473213195801e-01
9.107064604759216309e-01
9.106988906860351562e-01
9.106290936470031738e-01
9.106693267822265625e-01
9.106990098953247070e-01
9.106740951538085938e-01
9.108871817588806152e-01
9.104987978935241699e-01
9.108894467353820801e-01
9.104170203208923340e-01
9.107624292373657227e-01
9.105293154716491699e-01
9.111043214797973633e-01
9.104118347167968750e-01
9.108581542968750000e-01
9.104091525077819824e-01
9.107562899589538574e-01
9.104391336441040039e-01
9.108635783195495605e-01
9.104827046394348145e-01
9.111547470092773438e-01
9.104119539260864258e-01
9.112889170646667480e-01
9.102285504341125488e-01
9.108867645263671875e-01
9.134893417358398438e-01
9.131864905357360840e-01
9.108147025108337402e-01
9.108909964561462402e-01
9.106909036636352539e-01
9.101755023002624512e-01
9.105831384658813477e-01
9.103002548217773438e-01
9.106737971305847168e-01
9.102624058723449707e-01
9.104582667350769043e-01
9.104809165000915527e-01
6.953183412551879883e-01
6.108147501945495605e-01
5.677898526191711426e-01
5.682936906814575195e-01
5.633506178855895996e-01
