2.121928977966308594e+01
1.447944736480712891e+01
6.446087837219238281e+00
2.350172996520996094e+00
3.033762931823730469e+00
3.022859096527099609e+00
2.928745031356811523e+00
2.894230365753173828e+00
2.919630289077758789e+00
2.948916196823120117e+00
2.946024417877197266e+00
3.006246328353881836e+00
3.005790472030639648e+00
2.979233264923095703e+00
3.035000085830688477e+00
3.086738824844360352e+00
3.085161924362182617e+00
3.126761674880981445e+00
3.134366035461425781e+00
3.160867452621459961e+00
3.182312726974487305e+00
3.058221101760864258e+00
3.257900953292846680e+00
3.377830505371093750e+00
3.325189113616943359e+00
3.401107788085937500e+00
3.392594337463378906e+00
3.382282972335815430e+00
3.365928649902343750e+00
3.327076196670532227e+00
3.395547151565551758e+00
3.402825832366943359e+00
3.381408214569091797e+00
3.425608634948730469e+00
3.404984474182128906e+00
3.292657136917114258e+00
3.314240932464599609e+00
3.467749834060668945e+00
3.508395433425903320e+00
3.444108009338378906e+00
3.410648107528686523e+00
3.464267015457153320e+00
3.472081184387207031e+00
3.415309667587280273e+00
3.538823604583740234e+00
3.574899196624755859e+00
3.507080078125000000e+00
3.457737207412719727e+00
3.581111669540405273e+00
3.619045972824096680e+00
3.526004076004028320e+00
3.410948991775512695e+00
3.471523523330688477e+00
3.503483533859252930e+00
3.611346960067749023e+00
3.578350782394409180e+00
3.446388721466064453e+00
3.465301990509033203e+00
3.660421371459960938e+00
3.706980228424072266e+00
3.605009555816650391e+00
3.461202859878540039e+00
3.497025251388549805e+00
3.634797334671020508e+00
3.656533718109130859e+00
3.482246637344360352e+00
3.474992275238037109e+00
3.688284873962402344e+00
3.750693321228027344e+00
3.497615337371826172e+00
3.431781530380249023e+00
3.553608655929565430e+00
3.606955766677856445e+00
3.757645130157470703e+00
3.748537302017211914e+00
3.631167411804199219e+00
3.572835206985473633e+00
3.709426403045654297e+00
3.775254249572753906e+00
3.648721456527709961e+00
3.608715295791625977e+00
3.596587657928466797e+00
3.657409667968750000e+00
3.537006139755249023e+00
3.620886564254760742e+00
3.672734260559082031e+00
3.555697441101074219e+00
3.585593938827514648e+00
3.712250232696533203e+00
3.735126256942749023e+00
3.543088436126708984e+00
3.561574220657348633e+00
3.774962902069091797e+00
3.859853744506835938e+00
3.790120124816894531e+00
3.759935140609741211e+00
3.706027746200561523e+00
3.568982839584350586e+00
3.648214817047119141e+00
3.710286140441894531e+00
3.567495584487915039e+00
3.586248159408569336e+00
3.775023460388183594e+00
3.882733583450317383e+00
3.757618427276611328e+00
3.652872562408447266e+00
3.646449089050292969e+00
3.664153099060058594e+00
3.691261529922485352e+00
3.655533075332641602e+00
3.747674226760864258e+00
3.838687181472778320e+00
3.756141901016235352e+00
3.697500228881835938e+00
3.547827720642089844e+00
3.534741640090942383e+00
3.674860477447509766e+00
3.774694442749023438e+00
3.567300319671630859e+00
3.582112789154052734e+00
3.786209106445312500e+00
3.844718217849731445e+00
3.725324392318725586e+00
3.540366411209106445e+00
3.614235162734985352e+00
3.684277296066284180e+00
3.699961662292480469e+00
3.699081897735595703e+00
3.635245561599731445e+00
3.758222341537475586e+00
3.828093528747558594e+00
3.775672674179077148e+00
3.670035600662231445e+00
3.660089015960693359e+00
3.670330047607421875e+00
3.708405494689941406e+00
3.613239049911499023e+00
3.711746215820312500e+00
3.758878469467163086e+00
3.635900974273681641e+00
3.716065406799316406e+00
3.812302589416503906e+00
3.712553977966308594e+00
3.695131540298461914e+00
3.782661676406860352e+00
3.769745826721191406e+00
3.778646469116210938e+00
3.685881376266479492e+00
3.647915124893188477e+00
3.684564113616943359e+00
3.640504598617553711e+00
3.752780675888061523e+00
3.781731843948364258e+00
3.701558589935302734e+00
3.652340650558471680e+00
3.693418264389038086e+00
3.640021800994873047e+00
3.753669023513793945e+00
3.779052257537841797e+00
3.698203086853027344e+00
3.655438899993896484e+00
3.684419393539428711e+00
3.674474239349365234e+00
3.748958110809326172e+00
3.726826190948486328e+00
3.631771802902221680e+00
3.742097616195678711e+00
3.797685146331787109e+00
3.692345380783081055e+00
3.664003610610961914e+00
3.677799463272094727e+00
3.684714555740356445e+00
3.701303482055664062e+00
3.691411972045898438e+00
3.735668182373046875e+00
3.696027040481567383e+00
3.733600854873657227e+00
3.695632934570312500e+00
3.707694768905639648e+00
3.681051254272460938e+00
3.774578332901000977e+00
3.768827676773071289e+00
3.585661888122558594e+00
3.723175525665283203e+00
3.802411317825317383e+00
3.708305120468139648e+00
3.716716766357421875e+00
3.687942028045654297e+00
3.710647583007812500e+00
3.695726633071899414e+00
3.768347263336181641e+00
3.741890668869018555e+00
3.687949895858764648e+00
3.759730815887451172e+00
3.741908550262451172e+00
3.684867620468139648e+00
3.735833644866943359e+00
3.703973293304443359e+00
3.763092517852783203e+00
3.724548339843750000e+00
