1.698676681518554688e+01
1.116116046905517578e+01
7.302327156066894531e+00
5.966299533843994141e+00
5.990290641784667969e+00
6.306221008300781250e+00
6.398364067077636719e+00
6.281245231628417969e+00
6.125253677368164062e+00
6.024051189422607422e+00
5.957863807678222656e+00
5.883132457733154297e+00
5.860215187072753906e+00
5.840692520141601562e+00
5.814698219299316406e+00
5.790230274200439453e+00
5.767192363739013672e+00
5.755924701690673828e+00
5.743340015411376953e+00
5.728621006011962891e+00
5.714848995208740234e+00
5.704605579376220703e+00
5.694873809814453125e+00
5.684539318084716797e+00
5.674176216125488281e+00
5.662986278533935547e+00
5.650646686553955078e+00
5.637858390808105469e+00
5.623818397521972656e+00
5.607268810272216797e+00
5.589971065521240234e+00
5.571113586425781250e+00
5.574777603149414062e+00
5.548722743988037109e+00
5.518519401550292969e+00
5.507022380828857422e+00
5.494513988494873047e+00
5.502935409545898438e+00
5.563882827758789062e+00
5.579771995544433594e+00
5.545123100280761719e+00
5.516166687011718750e+00
5.444868087768554688e+00
5.497994422912597656e+00
5.546004772186279297e+00
5.448386192321777344e+00
5.468604087829589844e+00
5.509001255035400391e+00
5.447777748107910156e+00
5.452290534973144531e+00
5.468718051910400391e+00
5.424639701843261719e+00
5.405996799468994141e+00
5.427161216735839844e+00
5.408944606781005859e+00
5.409267425537109375e+00
5.456965446472167969e+00
5.419678688049316406e+00
5.410948276519775391e+00
5.428100109100341797e+00
5.458299160003662109e+00
5.429801940917968750e+00
5.415220737457275391e+00
5.430017471313476562e+00
5.444508552551269531e+00
5.432035446166992188e+00
5.368847846984863281e+00
5.389777183532714844e+00
5.487795829772949219e+00
5.482289314270019531e+00
5.450497150421142578e+00
5.437686920166015625e+00
5.406410217285156250e+00
5.475863456726074219e+00
5.484255313873291016e+00
5.438264846801757812e+00
5.381945133209228516e+00
5.380190372467041016e+00
5.413825988769531250e+00
5.412138462066650391e+00
5.347824573516845703e+00
5.408302783966064453e+00
5.416578292846679688e+00
5.414071083068847656e+00
5.420596122741699219e+00
5.403594970703125000e+00
5.409095764160156250e+00
5.353008270263671875e+00
5.404612064361572266e+00
5.413313388824462891e+00
5.351685047149658203e+00
5.395154953002929688e+00
5.397676944732666016e+00
5.401903629302978516e+00
5.354749679565429688e+00
5.397891998291015625e+00
5.394252777099609375e+00
5.429718971252441406e+00
5.454507350921630859e+00
5.444410324096679688e+00
5.448241710662841797e+00
5.366068840026855469e+00
5.358398914337158203e+00
5.387651920318603516e+00
5.363967418670654297e+00
5.357140541076660156e+00
5.353593826293945312e+00
5.417471885681152344e+00
5.368413925170898438e+00
5.369923114776611328e+00
5.356612682342529297e+00
5.399512290954589844e+00
5.345283508300781250e+00
5.408810138702392578e+00
5.398007869720458984e+00
5.382118701934814453e+00
5.347185611724853516e+00
5.372109889984130859e+00
5.364517688751220703e+00
5.393812179565429688e+00
5.410743713378906250e+00
5.401605606079101562e+00
5.362827777862548828e+00
5.357067584991455078e+00
5.370711803436279297e+00
5.393323898315429688e+00
5.380069255828857422e+00
5.344062805175781250e+00
5.372692108154296875e+00
5.374851703643798828e+00
5.380147457122802734e+00
5.358324527740478516e+00
5.416541099548339844e+00
5.424099445343017578e+00
5.437718868255615234e+00
5.402018070220947266e+00
5.385906219482421875e+00
5.358633518218994141e+00
5.345614910125732422e+00
5.369017124176025391e+00
5.366729259490966797e+00
5.346824645996093750e+00
5.354510307312011719e+00
5.329725265502929688e+00
5.378218650817871094e+00
5.376090526580810547e+00
5.366335391998291016e+00
5.342093944549560547e+00
5.357244491577148438e+00
5.344702720642089844e+00
5.379314422607421875e+00
5.366729259490966797e+00
5.349337100982666016e+00
5.387409687042236328e+00
5.323199748992919922e+00
5.374313831329345703e+00
5.357298374176025391e+00
5.359550952911376953e+00
5.337841033935546875e+00
5.396620750427246094e+00
5.350845813751220703e+00
5.350823879241943359e+00
5.383010864257812500e+00
5.328825950622558594e+00
5.354938507080078125e+00
5.382177829742431641e+00
5.341261863708496094e+00
5.359871864318847656e+00
5.322899341583251953e+00
5.352272987365722656e+00
5.393224716186523438e+00
5.329998970031738281e+00
5.337757110595703125e+00
5.361315727233886719e+00
5.357322216033935547e+00
5.349462509155273438e+00
5.367619037628173828e+00
5.330739974975585938e+00
5.359677791595458984e+00
5.340906143188476562e+00
5.374373912811279297e+00
5.341350555419921875e+00
5.369149208068847656e+00
5.358754158020019531e+00
5.339095592498779297e+00
5.366744518280029297e+00
5.324201583862304688e+00
5.347643375396728516e+00
5.361068725585937500e+00
5.347161293029785156e+00
5.332343578338623047e+00
5.377104759216308594e+00
5.367062568664550781e+00
5.352255344390869141e+00
5.421272277832031250e+00
5.416988849639892578e+00
5.439138889312744141e+00
5.390103816986083984e+00
5.367677688598632812e+00
5.365801811218261719e+00
