4.739145040512084961e-01
3.374509215354919434e-01
3.170751631259918213e-01
3.209505379199981689e-01
3.230288326740264893e-01
3.248712718486785889e-01
3.245888352394104004e-01
3.216871917247772217e-01
3.154516518115997314e-01
3.126643896102905273e-01
3.080835342407226562e-01
3.034513890743255615e-01
3.149131238460540771e-01
3.158057034015655518e-01
3.172614276409149170e-01
3.187094628810882568e-01
3.201632797718048096e-01
3.213513493537902832e-01
3.223698735237121582e-01
3.232244253158569336e-01
3.238622248172760010e-01
3.239431679248809814e-01
3.251436054706573486e-01
3.259317576885223389e-01
3.267471790313720703e-01
3.263819515705108643e-01
3.268426656723022461e-01
3.269940316677093506e-01
3.266135752201080322e-01
3.263500928878784180e-01
3.266794383525848389e-01
3.267516195774078369e-01
3.264831900596618652e-01
3.267253339290618896e-01
3.271273672580718994e-01
3.270184695720672607e-01
3.272953927516937256e-01
3.272870182991027832e-01
3.272681534290313721e-01
3.272588253021240234e-01
3.277550339698791504e-01
3.275417089462280273e-01
3.277202248573303223e-01
3.277159035205841064e-01
3.275937736034393311e-01
3.279745876789093018e-01
3.276897072792053223e-01
3.279224634170532227e-01
3.276831209659576416e-01
3.279355764389038086e-01
3.275654315948486328e-01
3.278836905956268311e-01
3.275409638881683350e-01
3.277257978916168213e-01
3.277242481708526611e-01
3.277305364608764648e-01
3.275836706161499023e-01
3.274613916873931885e-01
3.273824453353881836e-01
3.275225460529327393e-01
3.271468877792358398e-01
3.273343741893768311e-01
3.268207013607025146e-01
3.271891772747039795e-01
3.267832994461059570e-01
3.270124495029449463e-01
3.263732194900512695e-01
3.264185488224029541e-01
3.266564905643463135e-01
3.261718750000000000e-01
3.259519636631011963e-01
3.257881700992584229e-01
3.256878256797790527e-01
3.246750235557556152e-01
3.108928203582763672e-01
2.936356365680694580e-01
2.910182774066925049e-01
2.903129458427429199e-01
2.903346121311187744e-01
2.907963395118713379e-01
2.910366058349609375e-01
2.910548746585845947e-01
2.932910919189453125e-01
2.920774519443511963e-01
2.945588529109954834e-01
2.936210632324218750e-01
2.915907502174377441e-01
2.909931540489196777e-01
2.911171913146972656e-01
2.933095395565032959e-01
2.949275672435760498e-01
2.953491210937500000e-01
2.950902879238128662e-01
2.949801683425903320e-01
2.956208884716033936e-01
2.964307069778442383e-01
2.963302135467529297e-01
2.963865697383880615e-01
2.974080443382263184e-01
2.980118989944458008e-01
2.974815070629119873e-01
2.984952628612518311e-01
2.990122735500335693e-01
2.990757226943969727e-01
3.003118336200714111e-01
2.998549640178680420e-01
3.013650178909301758e-01
2.965179085731506348e-01
2.955493628978729248e-01
2.953958809375762939e-01
2.957579195499420166e-01
2.960824072360992432e-01
2.958527207374572754e-01
2.960163652896881104e-01
2.961695492267608643e-01
2.959240078926086426e-01
2.961308360099792480e-01
2.963933646678924561e-01
2.960604429244995117e-01
2.961422801017761230e-01
2.962619960308074951e-01
2.959749400615692139e-01
2.961980402469635010e-01
2.963989675045013428e-01
2.961263358592987061e-01
2.963483333587646484e-01
2.965352237224578857e-01
2.962250411510467529e-01
2.963267564773559570e-01
2.961136400699615479e-01
2.964031994342803955e-01
2.966076135635375977e-01
2.957370877265930176e-01
2.959229350090026855e-01
2.962552309036254883e-01
2.959045767784118652e-01
2.956231534481048584e-01
2.960088551044464111e-01
2.962637841701507568e-01
2.957524061203002930e-01
2.953206598758697510e-01
2.955823540687561035e-01
2.957144081592559814e-01
2.950796782970428467e-01
2.949520051479339600e-01
3.044864833354949951e-01
2.820594906806945801e-01
2.756128013134002686e-01
2.828755974769592285e-01
2.873844504356384277e-01
2.883957624435424805e-01
2.895424365997314453e-01
3.369664549827575684e-01
3.113103508949279785e-01
3.066627085208892822e-01
2.940301895141601562e-01
2.931855618953704834e-01
2.928192615509033203e-01
2.933263480663299561e-01
2.941850721836090088e-01
2.947824001312255859e-01
2.950617074966430664e-01
2.952340543270111084e-01
2.953902781009674072e-01
2.955480813980102539e-01
2.954600155353546143e-01
2.955601811408996582e-01
2.952518463134765625e-01
2.951884567737579346e-01
2.944858670234680176e-01
3.216819167137145996e-01
3.036689460277557373e-01
3.003001809120178223e-01
3.003938794136047363e-01
2.997876405715942383e-01
2.997587025165557861e-01
3.002952039241790771e-01
3.007211387157440186e-01
3.011214435100555420e-01
3.038611114025115967e-01
3.090898096561431885e-01
3.078819811344146729e-01
3.053968250751495361e-01
3.027957975864410400e-01
3.009086251258850098e-01
3.004170656204223633e-01
3.006075918674468994e-01
3.003961741924285889e-01
3.002159297466278076e-01
2.999324500560760498e-01
2.998570501804351807e-01
3.000023365020751953e-01
3.001426160335540771e-01
3.088136613368988037e-01
3.021028339862823486e-01
2.995278239250183105e-01
2.996293306350708008e-01
2.998580038547515869e-01
3.000310063362121582e-01
3.000588715076446533e-01
