4.589415740966796875e+01
3.366285705566406250e+01
1.596565246582031250e+01
6.746282100677490234e+00
3.983004808425903320e+00
3.500436544418334961e+00
3.857366323471069336e+00
3.720776081085205078e+00
3.915891408920288086e+00
3.839144945144653320e+00
3.658818721771240234e+00
3.426193952560424805e+00
3.342847585678100586e+00
3.633461475372314453e+00
3.572485446929931641e+00
3.581827402114868164e+00
3.553841114044189453e+00
3.472925424575805664e+00
3.236768960952758789e+00
2.988543033599853516e+00
2.899688005447387695e+00
2.985646724700927734e+00
2.876933097839355469e+00
2.839350700378417969e+00
2.824158668518066406e+00
2.845547676086425781e+00
2.764571666717529297e+00
2.757077693939208984e+00
2.764869213104248047e+00
2.792185783386230469e+00
2.747863292694091797e+00
2.749164819717407227e+00
2.727154731750488281e+00
2.726936101913452148e+00
2.782740831375122070e+00
2.801141262054443359e+00
2.700097560882568359e+00
2.729482650756835938e+00
2.755175113677978516e+00
2.790928602218627930e+00
2.822200059890747070e+00
2.682243585586547852e+00
2.708158731460571289e+00
2.788938999176025391e+00
2.717396497726440430e+00
2.666098833084106445e+00
2.701928853988647461e+00
2.717585563659667969e+00
2.686254739761352539e+00
3.110576152801513672e+00
2.977061271667480469e+00
3.067533016204833984e+00
3.004292964935302734e+00
3.004099845886230469e+00
3.076764583587646484e+00
3.051820993423461914e+00
2.968554496765136719e+00
3.000571727752685547e+00
2.932915687561035156e+00
3.011162996292114258e+00
2.955612421035766602e+00
2.955233335494995117e+00
3.017991304397583008e+00
2.984821557998657227e+00
2.957029581069946289e+00
2.897219181060791016e+00
2.903548479080200195e+00
2.915451526641845703e+00
2.977874040603637695e+00
2.962644100189208984e+00
2.902388572692871094e+00
2.900930404663085938e+00
2.916875123977661133e+00
2.914202213287353516e+00
2.905236721038818359e+00
2.895267009735107422e+00
2.890608072280883789e+00
2.887588024139404297e+00
2.883815526962280273e+00
2.888789892196655273e+00
2.885492086410522461e+00
2.877531290054321289e+00
2.871129751205444336e+00
2.869343996047973633e+00
2.865340471267700195e+00
2.862987995147705078e+00
2.866634130477905273e+00
2.575443267822265625e+00
2.649321317672729492e+00
2.704872131347656250e+00
2.691412448883056641e+00
2.677900552749633789e+00
2.671659946441650391e+00
2.672536134719848633e+00
2.677744865417480469e+00
2.670489072799682617e+00
2.650823354721069336e+00
2.667241334915161133e+00
2.666583538055419922e+00
2.674548864364624023e+00
2.626004219055175781e+00
2.658937454223632812e+00
2.667868137359619141e+00
2.661194801330566406e+00
2.655991792678833008e+00
2.648710489273071289e+00
2.652093410491943359e+00
2.651943683624267578e+00
2.660460233688354492e+00
2.658087253570556641e+00
2.650255918502807617e+00
2.650042295455932617e+00
2.650071382522583008e+00
2.649726390838623047e+00
2.659915447235107422e+00
2.659639596939086914e+00
2.651601076126098633e+00
2.648783206939697266e+00
2.655665397644042969e+00
2.638195991516113281e+00
2.670650005340576172e+00
2.660730123519897461e+00
2.659036397933959961e+00
2.659968852996826172e+00
2.672293901443481445e+00
2.622257947921752930e+00
2.668294906616210938e+00
2.661412000656127930e+00
2.659568786621093750e+00
2.662526845932006836e+00
2.666770458221435547e+00
2.657751321792602539e+00
2.662268877029418945e+00
2.654237508773803711e+00
2.661665678024291992e+00
2.657122611999511719e+00
2.658620834350585938e+00
2.656056880950927734e+00
2.654348134994506836e+00
2.647292613983154297e+00
2.676057100296020508e+00
2.609241962432861328e+00
2.661099433898925781e+00
2.711417675018310547e+00
2.662156343460083008e+00
2.641984701156616211e+00
2.683359146118164062e+00
2.708279848098754883e+00
2.664725780487060547e+00
2.561027765274047852e+00
2.699699163436889648e+00
2.770354509353637695e+00
2.580256223678588867e+00
2.609489202499389648e+00
2.659460067749023438e+00
2.632350206375122070e+00
2.624765872955322266e+00
2.619093894958496094e+00
2.669597148895263672e+00
2.661019086837768555e+00
2.630384922027587891e+00
2.633268833160400391e+00
2.628687381744384766e+00
2.653959274291992188e+00
2.581871271133422852e+00
2.650214672088623047e+00
2.635671138763427734e+00
2.617520809173583984e+00
2.652805805206298828e+00
2.712238073348999023e+00
2.722037315368652344e+00
2.664183139801025391e+00
2.648604631423950195e+00
2.667751550674438477e+00
2.680433750152587891e+00
2.564480304718017578e+00
2.673826694488525391e+00
2.767385244369506836e+00
2.587844371795654297e+00
2.627475261688232422e+00
2.765359640121459961e+00
2.723556756973266602e+00
2.626513481140136719e+00
2.648739576339721680e+00
2.629477739334106445e+00
2.648568391799926758e+00
2.670153617858886719e+00
2.663349628448486328e+00
2.650448560714721680e+00
2.672174453735351562e+00
2.648098707199096680e+00
2.656673192977905273e+00
2.647757768630981445e+00
2.668055295944213867e+00
2.650739192962646484e+00
2.645820617675781250e+00
2.651213407516479492e+00
2.652530431747436523e+00
2.652631998062133789e+00
2.651559352874755859e+00
