3.798701477050781250e+01
3.095570945739746094e+01
2.345861053466796875e+01
1.561105442047119141e+01
9.174502372741699219e+00
7.203033447265625000e+00
7.463824272155761719e+00
7.501751422882080078e+00
7.486145496368408203e+00
7.568559169769287109e+00
7.519155979156494141e+00
7.467504978179931641e+00
7.514264106750488281e+00
7.663782119750976562e+00
7.547602653503417969e+00
7.438772678375244141e+00
7.394329547882080078e+00
7.389267444610595703e+00
7.413557529449462891e+00
7.425147056579589844e+00
7.427001476287841797e+00
7.416119575500488281e+00
7.401667118072509766e+00
7.402238845825195312e+00
7.399973392486572266e+00
7.395032405853271484e+00
7.389704704284667969e+00
7.375581264495849609e+00
7.390747547149658203e+00
7.379700183868408203e+00
7.364054679870605469e+00
7.358193874359130859e+00
7.369580268859863281e+00
7.377804279327392578e+00
7.380156993865966797e+00
7.370250701904296875e+00
7.384654998779296875e+00
7.357270240783691406e+00
7.335871219635009766e+00
7.347394943237304688e+00
7.385153770446777344e+00
7.380949497222900391e+00
7.411072254180908203e+00
7.399961471557617188e+00
7.408200740814208984e+00
7.407786846160888672e+00
7.451375484466552734e+00
7.459207534790039062e+00
7.464828014373779297e+00
7.463710784912109375e+00
7.484337806701660156e+00
7.472400665283203125e+00
7.457963466644287109e+00
7.483209133148193359e+00
7.479794979095458984e+00
7.480315685272216797e+00
7.512269020080566406e+00
7.515412807464599609e+00
7.518650531768798828e+00
7.520955562591552734e+00
7.523348808288574219e+00
7.522121429443359375e+00
7.530762672424316406e+00
7.512028217315673828e+00
7.487926006317138672e+00
7.530737400054931641e+00
7.531124114990234375e+00
7.419429779052734375e+00
7.393711566925048828e+00
7.384744167327880859e+00
7.403053760528564453e+00
7.433527469635009766e+00
7.414025306701660156e+00
7.401133060455322266e+00
7.414640903472900391e+00
7.385977268218994141e+00
7.396064758300781250e+00
8.130008697509765625e+00
7.973227977752685547e+00
7.944856166839599609e+00
7.956346988677978516e+00
7.967214107513427734e+00
7.960676670074462891e+00
7.952873229980468750e+00
7.952059745788574219e+00
7.947633743286132812e+00
7.953543663024902344e+00
7.945601940155029297e+00
7.945850372314453125e+00
7.939377307891845703e+00
7.933643341064453125e+00
7.927055358886718750e+00
7.928627490997314453e+00
7.923582077026367188e+00
7.922019481658935547e+00
7.920567035675048828e+00
7.925391197204589844e+00
7.922043800354003906e+00
7.923165798187255859e+00
7.918655395507812500e+00
7.916360855102539062e+00
7.909356594085693359e+00
7.911499977111816406e+00
7.907719612121582031e+00
7.906810283660888672e+00
7.903530120849609375e+00
7.902340412139892578e+00
7.897331237792968750e+00
7.902722835540771484e+00
7.897461891174316406e+00
7.894254684448242188e+00
7.890201091766357422e+00
7.895138263702392578e+00
7.890313148498535156e+00
7.888778209686279297e+00
7.886609554290771484e+00
7.888030529022216797e+00
7.882603168487548828e+00
7.886909484863281250e+00
7.881914138793945312e+00
7.878324985504150391e+00
7.875042438507080078e+00
7.880404472351074219e+00
7.876619815826416016e+00
7.877621173858642578e+00
7.873452663421630859e+00
7.872936248779296875e+00
7.804585933685302734e+00
7.148463726043701172e+00
7.291038990020751953e+00
7.421076774597167969e+00
7.509497642517089844e+00
7.537007808685302734e+00
7.522432804107666016e+00
7.496456623077392578e+00
8.201206207275390625e+00
8.041622161865234375e+00
8.007825851440429688e+00
8.039162635803222656e+00
8.064447402954101562e+00
8.069317817687988281e+00
8.065723419189453125e+00
8.061320304870605469e+00
8.057291984558105469e+00
8.054239273071289062e+00
8.049284934997558594e+00
8.047845840454101562e+00
8.044059753417968750e+00
8.040999412536621094e+00
8.029710769653320312e+00
8.033658981323242188e+00
8.037230491638183594e+00
8.012834548950195312e+00
8.004661560058593750e+00
8.021669387817382812e+00
8.018484115600585938e+00
7.992381572723388672e+00
8.011006355285644531e+00
8.002431869506835938e+00
8.004948616027832031e+00
8.018963813781738281e+00
8.013749122619628906e+00
8.007668495178222656e+00
8.010447502136230469e+00
8.016791343688964844e+00
8.019804954528808594e+00
8.020639419555664062e+00
8.018293380737304688e+00
8.014729499816894531e+00
8.013766288757324219e+00
8.011909484863281250e+00
8.011628150939941406e+00
8.012351989746093750e+00
8.013293266296386719e+00
8.013664245605468750e+00
8.013431549072265625e+00
8.010826110839843750e+00
8.009613990783691406e+00
8.010488510131835938e+00
8.012652397155761719e+00
8.012577056884765625e+00
8.010906219482421875e+00
8.011347770690917969e+00
8.012731552124023438e+00
8.011500358581542969e+00
8.009719848632812500e+00
8.010406494140625000e+00
8.011761665344238281e+00
8.010639190673828125e+00
8.009316444396972656e+00
8.010275840759277344e+00
8.011694908142089844e+00
8.010608673095703125e+00
8.009510993957519531e+00
8.010591506958007812e+00
8.013705253601074219e+00
8.010956764221191406e+00
8.011414527893066406e+00
8.012912750244140625e+00
8.014700889587402344e+00
