4.514286041259765625e+01
4.210153961181640625e+01
3.905051040649414062e+01
3.614395904541015625e+01
3.373841476440429688e+01
2.876172065734863281e+01
2.111738395690917969e+01
1.554201602935791016e+01
1.220451354980468750e+01
1.058364868164062500e+01
1.002676773071289062e+01
9.977926254272460938e+00
1.008233642578125000e+01
1.015149593353271484e+01
1.013988685607910156e+01
1.010241794586181641e+01
1.006845569610595703e+01
1.004695606231689453e+01
1.003387737274169922e+01
1.001587867736816406e+01
9.995999336242675781e+00
9.979468345642089844e+00
9.966863632202148438e+00
9.957984924316406250e+00
9.922836303710937500e+00
9.961600303649902344e+00
1.000258922576904297e+01
9.987842559814453125e+00
9.968836784362792969e+00
9.962841033935546875e+00
9.952957153320312500e+00
9.944487571716308594e+00
9.940442085266113281e+00
9.936815261840820312e+00
9.934329986572265625e+00
9.932618141174316406e+00
9.930973052978515625e+00
9.929563522338867188e+00
9.928193092346191406e+00
9.926880836486816406e+00
9.925674438476562500e+00
9.924566268920898438e+00
9.923568725585937500e+00
9.922663688659667969e+00
9.921834945678710938e+00
9.921069145202636719e+00
9.920357704162597656e+00
9.919692039489746094e+00
9.919063568115234375e+00
9.918471336364746094e+00
9.917905807495117188e+00
9.917367935180664062e+00
9.916851043701171875e+00
9.916356086730957031e+00
9.915881156921386719e+00
9.915419578552246094e+00
9.914976119995117188e+00
9.914546966552734375e+00
9.914130210876464844e+00
9.913727760314941406e+00
9.913342475891113281e+00
9.912952423095703125e+00
9.912556648254394531e+00
9.912181854248046875e+00
9.911832809448242188e+00
9.911511421203613281e+00
9.911203384399414062e+00
9.910906791687011719e+00
9.910613059997558594e+00
9.910328865051269531e+00
9.910051345825195312e+00
9.909896850585937500e+00
9.909440994262695312e+00
9.909096717834472656e+00
9.908738136291503906e+00
9.908540725708007812e+00
9.908383369445800781e+00
9.907363891601562500e+00
9.907921791076660156e+00
9.907403945922851562e+00
9.907382965087890625e+00
9.906960487365722656e+00
9.906684875488281250e+00
9.906427383422851562e+00
9.906217575073242188e+00
9.906044006347656250e+00
9.905862808227539062e+00
9.905693054199218750e+00
9.905518531799316406e+00
9.905348777770996094e+00
9.905179023742675781e+00
9.905009269714355469e+00
9.904871940612792969e+00
9.904478073120117188e+00
9.904214859008789062e+00
9.903992652893066406e+00
9.903886795043945312e+00
9.903815269470214844e+00
9.903741836547851562e+00
9.903647422790527344e+00
9.903456687927246094e+00
9.903416633605957031e+00
9.903260231018066406e+00
9.903128623962402344e+00
9.902888298034667969e+00
9.902852058410644531e+00
9.902652740478515625e+00
9.902506828308105469e+00
9.902350425720214844e+00
9.902212142944335938e+00
9.902088165283203125e+00
9.901956558227539062e+00
9.901827812194824219e+00
9.901693344116210938e+00
9.901559829711914062e+00
9.901425361633300781e+00
9.901290893554687500e+00
9.901154518127441406e+00
9.901020050048828125e+00
9.900887489318847656e+00
9.900299072265625000e+00
9.900518417358398438e+00
9.900224685668945312e+00
9.900075912475585938e+00
9.899876594543457031e+00
9.899702072143554688e+00
9.899584770202636719e+00
9.899447441101074219e+00
9.899321556091308594e+00
9.899188041687011719e+00
9.899051666259765625e+00
9.898917198181152344e+00
9.898774147033691406e+00
9.898633003234863281e+00
9.898487091064453125e+00
9.898343086242675781e+00
9.898200035095214844e+00
9.898058891296386719e+00
9.897913932800292969e+00
9.897770881652832031e+00
9.897629737854003906e+00
9.897487640380859375e+00
9.897347450256347656e+00
9.897207260131835938e+00
9.897067070007324219e+00
9.896926879882812500e+00
9.896789550781250000e+00
9.896652221679687500e+00
9.896515846252441406e+00
9.896377563476562500e+00
9.896238327026367188e+00
9.896102905273437500e+00
9.895967483520507812e+00
9.895833015441894531e+00
9.895697593688964844e+00
9.895564079284667969e+00
9.895429611206054688e+00
9.895294189453125000e+00
9.895158767700195312e+00
9.895024299621582031e+00
9.894890785217285156e+00
9.894757270812988281e+00
9.894623756408691406e+00
9.894491195678710938e+00
9.894358634948730469e+00
9.894227027893066406e+00
9.894096374511718750e+00
9.893966674804687500e+00
9.893836975097656250e+00
9.893707275390625000e+00
9.893577575683593750e+00
9.893450736999511719e+00
9.893321990966796875e+00
9.893192291259765625e+00
9.893064498901367188e+00
9.892935752868652344e+00
9.892809867858886719e+00
9.892681121826171875e+00
9.892552375793457031e+00
9.892423629760742188e+00
9.892292976379394531e+00
9.892163276672363281e+00
9.892033576965332031e+00
9.891904830932617188e+00
9.891772270202636719e+00
9.891640663146972656e+00
9.891511917114257812e+00
9.891371726989746094e+00
9.891060829162597656e+00
9.890894889831542969e+00
9.890731811523437500e+00
9.890581130981445312e+00
9.890470504760742188e+00
9.890360832214355469e+00
9.890255928039550781e+00
9.890137672424316406e+00
9.890006065368652344e+00
9.889865875244140625e+00
9.889721870422363281e+00
9.889575958251953125e+00
