1.772198295593261719e+01
1.634814834594726562e+01
1.521936416625976562e+01
1.451130580902099609e+01
1.419483184814453125e+01
1.405958366394042969e+01
1.401152896881103516e+01
1.399534225463867188e+01
1.394870758056640625e+01
1.388579750061035156e+01
1.384360027313232422e+01
1.379081058502197266e+01
1.373181247711181641e+01
1.368845367431640625e+01
1.366751766204833984e+01
1.365164089202880859e+01
1.364956665039062500e+01
1.364916610717773438e+01
1.364588832855224609e+01
1.364476490020751953e+01
1.363819217681884766e+01
1.363592147827148438e+01
1.363537979125976562e+01
1.363144683837890625e+01
1.362983512878417969e+01
1.362868785858154297e+01
1.362210750579833984e+01
1.361639976501464844e+01
1.361260604858398438e+01
1.360822105407714844e+01
1.360221481323242188e+01
1.359748268127441406e+01
1.359298515319824219e+01
1.358765983581542969e+01
1.358594703674316406e+01
1.357581043243408203e+01
1.353523540496826172e+01
1.349957656860351562e+01
1.351351261138916016e+01
1.348079776763916016e+01
1.348069477081298828e+01
1.341668033599853516e+01
1.337264633178710938e+01
1.340399646759033203e+01
1.336110591888427734e+01
1.336157417297363281e+01
1.347862148284912109e+01
1.342047595977783203e+01
1.350899791717529297e+01
1.351795387268066406e+01
1.359134101867675781e+01
1.347145557403564453e+01
1.347504425048828125e+01
1.357391929626464844e+01
1.353311157226562500e+01
1.374300479888916016e+01
1.370065879821777344e+01
1.363521099090576172e+01
1.350971794128417969e+01
1.354364776611328125e+01
1.108751392364501953e+01
7.867224693298339844e+00
7.490800857543945312e+00
7.238269805908203125e+00
7.050360202789306641e+00
7.155587196350097656e+00
7.251570701599121094e+00
7.254344463348388672e+00
7.235073089599609375e+00
7.286379337310791016e+00
7.295530796051025391e+00
7.268924713134765625e+00
7.275360107421875000e+00
7.282446861267089844e+00
7.321102142333984375e+00
7.254622936248779297e+00
7.293449401855468750e+00
7.265725612640380859e+00
7.254062652587890625e+00
7.292724609375000000e+00
7.261569976806640625e+00
7.267405986785888672e+00
7.266872882843017578e+00
7.248722076416015625e+00
7.286486625671386719e+00
7.254196166992187500e+00
7.233280181884765625e+00
7.217598438262939453e+00
7.223821163177490234e+00
7.194286823272705078e+00
7.209529876708984375e+00
7.193424701690673828e+00
7.168101787567138672e+00
7.149613380432128906e+00
7.154011249542236328e+00
7.130966186523437500e+00
7.141319751739501953e+00
7.131848335266113281e+00
7.111500263214111328e+00
7.093371391296386719e+00
7.086841106414794922e+00
7.073450088500976562e+00
7.073838710784912109e+00
7.067635536193847656e+00
7.050931930541992188e+00
7.027497291564941406e+00
7.035685062408447266e+00
7.014006614685058594e+00
7.047923564910888672e+00
7.021747589111328125e+00
7.027132034301757812e+00
7.035784721374511719e+00
7.033579826354980469e+00
6.999259948730468750e+00
7.025630950927734375e+00
7.009139060974121094e+00
7.019701957702636719e+00
6.995011329650878906e+00
7.003741741180419922e+00
6.987328052520751953e+00
7.003859519958496094e+00
6.981297016143798828e+00
7.008970260620117188e+00
7.014311790466308594e+00
7.052063465118408203e+00
7.259467601776123047e+00
7.238432884216308594e+00
7.169798851013183594e+00
7.155455112457275391e+00
7.038500785827636719e+00
6.987487792968750000e+00
6.981230735778808594e+00
6.997624397277832031e+00
7.038885593414306641e+00
7.041472434997558594e+00
7.043810844421386719e+00
7.037833690643310547e+00
7.033514499664306641e+00
7.031412601470947266e+00
7.032098293304443359e+00
7.042265892028808594e+00
7.042124271392822266e+00
7.029983043670654297e+00
7.028685092926025391e+00
7.043738842010498047e+00
7.043968200683593750e+00
7.029490947723388672e+00
7.028515815734863281e+00
7.040759563446044922e+00
7.033458232879638672e+00
7.022953033447265625e+00
7.044002532958984375e+00
7.049128055572509766e+00
7.034896850585937500e+00
7.027595043182373047e+00
7.023230552673339844e+00
7.015789508819580078e+00
7.009998321533203125e+00
7.009673118591308594e+00
7.018650531768798828e+00
7.018454074859619141e+00
7.005270481109619141e+00
7.009041786193847656e+00
7.013026714324951172e+00
7.001292228698730469e+00
6.996614456176757812e+00
7.007483959197998047e+00
7.003118991851806641e+00
6.989925384521484375e+00
7.005080699920654297e+00
7.005902767181396484e+00
6.996691703796386719e+00
6.988230228424072266e+00
7.002266407012939453e+00
6.995349407196044922e+00
6.987102985382080078e+00
6.995373725891113281e+00
7.007093429565429688e+00
6.985740184783935547e+00
6.987627029418945312e+00
6.987390518188476562e+00
7.003876209259033203e+00
6.978201389312744141e+00
6.985532760620117188e+00
6.980122089385986328e+00
6.979980468750000000e+00
6.985239505767822266e+00
6.997528076171875000e+00
6.990387439727783203e+00
6.974009990692138672e+00
6.982641696929931641e+00
6.995178699493408203e+00
6.985616207122802734e+00
6.972627639770507812e+00
6.981860160827636719e+00
6.995078563690185547e+00
6.984290122985839844e+00
6.973003864288330078e+00
6.978533744812011719e+00
6.991583347320556641e+00
