2.497419548034667969e+01
1.773513412475585938e+01
1.131281471252441406e+01
7.562545299530029297e+00
6.312131404876708984e+00
6.228697299957275391e+00
6.455177307128906250e+00
6.619693756103515625e+00
6.586830615997314453e+00
6.456650733947753906e+00
6.348322391510009766e+00
5.908062934875488281e+00
5.785621643066406250e+00
5.785033702850341797e+00
5.787736892700195312e+00
5.774765491485595703e+00
5.766803741455078125e+00
5.759325027465820312e+00
5.752589225769042969e+00
5.740434169769287109e+00
5.754375457763671875e+00
5.751783847808837891e+00
5.741372108459472656e+00
5.731822490692138672e+00
5.734604358673095703e+00
5.726391315460205078e+00
5.728188514709472656e+00
5.724133491516113281e+00
5.712307929992675781e+00
5.706478118896484375e+00
5.706025123596191406e+00
5.699575424194335938e+00
5.713838577270507812e+00
5.707494258880615234e+00
5.690455436706542969e+00
5.684282302856445312e+00
5.678293704986572266e+00
5.671147823333740234e+00
5.662915706634521484e+00
5.654356002807617188e+00
5.647100925445556641e+00
5.637526035308837891e+00
5.621287822723388672e+00
5.559055328369140625e+00
5.502957820892333984e+00
5.565598964691162109e+00
5.539913177490234375e+00
5.525764465332031250e+00
5.495411872863769531e+00
5.551191806793212891e+00
5.588447093963623047e+00
5.601602554321289062e+00
5.604291915893554688e+00
5.619508266448974609e+00
5.628040313720703125e+00
5.614095687866210938e+00
5.582431793212890625e+00
5.573927879333496094e+00
5.566515922546386719e+00
5.522064208984375000e+00
5.485260963439941406e+00
5.474552154541015625e+00
5.472237586975097656e+00
5.497191905975341797e+00
5.495993614196777344e+00
5.478467464447021484e+00
5.470833301544189453e+00
5.464806079864501953e+00
5.478384494781494141e+00
5.480889320373535156e+00
5.480889320373535156e+00
5.475303173065185547e+00
5.460934162139892578e+00
5.457414150238037109e+00
5.457015037536621094e+00
5.455569744110107422e+00
5.454132556915283203e+00
5.450495243072509766e+00
5.465811729431152344e+00
5.452747821807861328e+00
5.443799972534179688e+00
5.443924427032470703e+00
5.460445880889892578e+00
5.486442565917968750e+00
5.459836483001708984e+00
5.468046188354492188e+00
5.468825817108154297e+00
5.465339183807373047e+00
5.465764522552490234e+00
5.472390651702880859e+00
5.464804172515869141e+00
5.475015640258789062e+00
5.496619701385498047e+00
5.473399639129638672e+00
5.539634227752685547e+00
5.445992946624755859e+00
5.531482696533203125e+00
5.536960601806640625e+00
5.603679656982421875e+00
5.550060749053955078e+00
5.867785453796386719e+00
5.416317939758300781e+00
5.474804401397705078e+00
5.500844001770019531e+00
5.491350650787353516e+00
5.460714817047119141e+00
5.444013595581054688e+00
5.570073127746582031e+00
6.062142848968505859e+00
5.927987575531005859e+00
5.816514015197753906e+00
5.489642620086669922e+00
5.830956935882568359e+00
5.360493659973144531e+00
5.370097160339355469e+00
6.163756847381591797e+00
5.270565509796142578e+00
6.267600536346435547e+00
5.284498214721679688e+00
5.947617053985595703e+00
5.305400371551513672e+00
5.475731372833251953e+00
5.310456275939941406e+00
5.490365982055664062e+00
5.258784294128417969e+00
5.577476501464843750e+00
5.257001876831054688e+00
5.631109237670898438e+00
5.242688179016113281e+00
5.620107173919677734e+00
5.248703002929687500e+00
5.469090461730957031e+00
5.271882057189941406e+00
5.360381126403808594e+00
5.277711868286132812e+00
5.328339576721191406e+00
5.283460140228271484e+00
5.315971374511718750e+00
5.289314746856689453e+00
5.312378883361816406e+00
5.289493083953857422e+00
5.306869029998779297e+00
5.281394004821777344e+00
5.300409317016601562e+00
5.285464763641357422e+00
5.284125804901123047e+00
5.313336372375488281e+00
5.280714511871337891e+00
5.320927619934082031e+00
5.269759178161621094e+00
5.303498268127441406e+00
5.266165256500244141e+00
5.296107769012451172e+00
5.262339115142822266e+00
5.288804054260253906e+00
5.258045196533203125e+00
5.282769680023193359e+00
5.258443832397460938e+00
5.268546581268310547e+00
5.260527133941650391e+00
5.259421825408935547e+00
5.282766819000244141e+00
5.237285614013671875e+00
5.302142620086669922e+00
5.263464927673339844e+00
5.291247367858886719e+00
5.242039680480957031e+00
5.273630619049072266e+00
5.233347415924072266e+00
5.246719837188720703e+00
5.232890129089355469e+00
5.231319904327392578e+00
5.227128982543945312e+00
5.216065883636474609e+00
5.202621936798095703e+00
5.199033737182617188e+00
5.199314594268798828e+00
5.191193580627441406e+00
5.209062099456787109e+00
5.183683872222900391e+00
5.230138301849365234e+00
5.197368621826171875e+00
5.228215694427490234e+00
5.159910678863525391e+00
5.207927703857421875e+00
5.170196533203125000e+00
5.204457283020019531e+00
5.178241252899169922e+00
5.194025516510009766e+00
5.190430164337158203e+00
5.190682888031005859e+00
5.203501224517822266e+00
5.203425884246826172e+00
5.194294452667236328e+00
5.180112361907958984e+00
5.192269802093505859e+00
5.169050216674804688e+00
5.217871665954589844e+00
5.190983295440673828e+00
5.211109161376953125e+00
