1.523046255111694336e+00
1.060511112213134766e+00
9.419768452644348145e-01
9.358634948730468750e-01
9.527791142463684082e-01
9.665585756301879883e-01
9.646157026290893555e-01
9.628779292106628418e-01
9.627994894981384277e-01
9.615631103515625000e-01
9.630106091499328613e-01
9.541125893592834473e-01
9.494224190711975098e-01
9.443237781524658203e-01
9.402543306350708008e-01
9.368130564689636230e-01
9.394778013229370117e-01
9.444906711578369141e-01
9.641191959381103516e-01
9.786455631256103516e-01
9.665525555610656738e-01
9.613491892814636230e-01
9.717787504196166992e-01
9.432488679885864258e-01
9.466434121131896973e-01
9.526960849761962891e-01
9.578325748443603516e-01
9.524399638175964355e-01
9.482372403144836426e-01
9.500878453254699707e-01
9.502241611480712891e-01
9.525613784790039062e-01
9.496678113937377930e-01
9.484966397285461426e-01
9.440019726753234863e-01
9.466497898101806641e-01
9.449780583381652832e-01
9.443710446357727051e-01
9.444705247879028320e-01
9.452226758003234863e-01
9.437408447265625000e-01
9.431813359260559082e-01
9.423817396163940430e-01
9.415467381477355957e-01
9.414175748825073242e-01
9.418643116950988770e-01
9.396961331367492676e-01
9.395686388015747070e-01
9.386558532714843750e-01
9.389540553092956543e-01
9.380037784576416016e-01
9.383227229118347168e-01
9.375125169754028320e-01
9.385653734207153320e-01
9.367682337760925293e-01
9.366957545280456543e-01
9.369688034057617188e-01
9.366205334663391113e-01
9.366744160652160645e-01
9.363812208175659180e-01
9.363856911659240723e-01
9.360601902008056641e-01
9.360678791999816895e-01
9.357630610466003418e-01
9.357813000679016113e-01
9.355052113533020020e-01
9.355305433273315430e-01
9.351205825805664062e-01
9.359157681465148926e-01
9.365329742431640625e-01
9.366813302040100098e-01
9.364845752716064453e-01
9.366329908370971680e-01
9.365110397338867188e-01
9.365944266319274902e-01
9.359656572341918945e-01
9.366960525512695312e-01
9.362457990646362305e-01
9.365149736404418945e-01
9.369320273399353027e-01
9.362000226974487305e-01
9.362394809722900391e-01
9.369361996650695801e-01
9.361093640327453613e-01
9.360644221305847168e-01
9.361357092857360840e-01
9.367783665657043457e-01
9.360535740852355957e-01
9.361572265625000000e-01
9.364103674888610840e-01
9.369810223579406738e-01
9.361856579780578613e-01
9.365054368972778320e-01
9.369404911994934082e-01
9.364925026893615723e-01
9.365166425704956055e-01
9.375407099723815918e-01
9.372105002403259277e-01
9.370840787887573242e-01
9.384700059890747070e-01
9.389500021934509277e-01
9.387554526329040527e-01
9.690437316894531250e-01
9.345276951789855957e-01
9.339156746864318848e-01
9.440744519233703613e-01
9.445707798004150391e-01
9.333160519599914551e-01
9.353677034378051758e-01
9.311903715133666992e-01
9.293986558914184570e-01
9.244946241378784180e-01
9.286259412765502930e-01
9.414179921150207520e-01
9.236737489700317383e-01
9.061698913574218750e-01
9.099053144454956055e-01
8.967571258544921875e-01
9.069513678550720215e-01
8.876443505287170410e-01
8.871572613716125488e-01
8.756536841392517090e-01
8.747559189796447754e-01
8.767783045768737793e-01
8.746691942214965820e-01
8.751028776168823242e-01
8.713592290878295898e-01
8.715409040451049805e-01
8.725903034210205078e-01
8.688614964485168457e-01
8.692162036895751953e-01
8.705888390541076660e-01
8.672797679901123047e-01
8.663932085037231445e-01
8.744867444038391113e-01
8.782265186309814453e-01
8.733950257301330566e-01
8.719276785850524902e-01
8.677352070808410645e-01
8.679788708686828613e-01
8.804800510406494141e-01
9.137741923332214355e-01
8.825983405113220215e-01
8.710216879844665527e-01
8.658349514007568359e-01
8.665412068367004395e-01
8.644270300865173340e-01
8.607771992683410645e-01
8.583565950393676758e-01
8.601047992706298828e-01
8.622601628303527832e-01
8.640417456626892090e-01
8.656466603279113770e-01
8.659534454345703125e-01
8.662998080253601074e-01
8.659797906875610352e-01
8.656772971153259277e-01
8.645426034927368164e-01
8.653805851936340332e-01
8.654624819755554199e-01
8.651016950607299805e-01
8.657691478729248047e-01
8.658879399299621582e-01
8.658859729766845703e-01
8.659704923629760742e-01
8.659780621528625488e-01
8.659589886665344238e-01
8.659463524818420410e-01
8.659127950668334961e-01
8.658702969551086426e-01
8.658313155174255371e-01
8.657913804054260254e-01
8.658060431480407715e-01
8.659709692001342773e-01
8.661040067672729492e-01
8.662387132644653320e-01
8.663001060485839844e-01
8.663585186004638672e-01
8.664138317108154297e-01
8.664624691009521484e-01
8.664172887802124023e-01
8.665328621864318848e-01
8.667656183242797852e-01
8.668777346611022949e-01
8.669068217277526855e-01
8.669055104255676270e-01
8.670081496238708496e-01
8.670901060104370117e-01
8.671679496765136719e-01
8.671938776969909668e-01
8.671782016754150391e-01
8.672491908073425293e-01
8.673090338706970215e-01
8.571067452430725098e-01
8.572887778282165527e-01
8.582737445831298828e-01
8.590078353881835938e-01
8.588893413543701172e-01
8.589006066322326660e-01
8.591211438179016113e-01
