4.907800292968750000e+01
4.066056060791015625e+01
2.977938270568847656e+01
1.905921745300292969e+01
1.203255844116210938e+01
9.540338516235351562e+00
1.150513839721679688e+01
1.212155151367187500e+01
1.281466102600097656e+01
9.847517967224121094e+00
8.106618881225585938e+00
8.442416191101074219e+00
8.855038642883300781e+00
9.136157035827636719e+00
9.047426223754882812e+00
8.958030700683593750e+00
8.421356201171875000e+00
8.762469291687011719e+00
8.882626533508300781e+00
8.839437484741210938e+00
8.271034240722656250e+00
8.722109794616699219e+00
8.861200332641601562e+00
8.422947883605957031e+00
8.234521865844726562e+00
8.316234588623046875e+00
8.160605430603027344e+00
8.631421089172363281e+00
8.780784606933593750e+00
1.051653957366943359e+01
8.961497306823730469e+00
7.906181335449218750e+00
8.428006172180175781e+00
8.747011184692382812e+00
8.804783821105957031e+00
8.735075950622558594e+00
8.591052055358886719e+00
8.605086326599121094e+00
8.500528335571289062e+00
8.078554153442382812e+00
7.787316799163818359e+00
7.722000122070312500e+00
7.732783794403076172e+00
1.031292343139648438e+01
7.702557563781738281e+00
7.701155185699462891e+00
1.056257534027099609e+01
1.401380920410156250e+01
1.425080013275146484e+01
1.210297298431396484e+01
1.101037025451660156e+01
7.223270416259765625e+00
7.627274990081787109e+00
8.374245643615722656e+00
8.768556594848632812e+00
1.003631114959716797e+01
7.963928222656250000e+00
7.874001502990722656e+00
7.799036502838134766e+00
9.606776237487792969e+00
7.766900539398193359e+00
7.773775577545166016e+00
7.794284343719482422e+00
7.927314758300781250e+00
7.764726161956787109e+00
8.029174804687500000e+00
7.938919067382812500e+00
7.823556423187255859e+00
7.764162540435791016e+00
7.821115016937255859e+00
7.731996059417724609e+00
7.980934143066406250e+00
7.799508571624755859e+00
8.155811309814453125e+00
7.982638835906982422e+00
7.778527736663818359e+00
7.721626281738281250e+00
7.699704170227050781e+00
7.732140541076660156e+00
7.727568149566650391e+00
7.750845432281494141e+00
7.726314067840576172e+00
7.755033016204833984e+00
7.709469795227050781e+00
7.889525890350341797e+00
7.670238018035888672e+00
7.858329772949218750e+00
7.800538539886474609e+00
7.805741786956787109e+00
7.684523105621337891e+00
7.805587768554687500e+00
7.683433055877685547e+00
7.841204166412353516e+00
7.726461887359619141e+00
7.833371162414550781e+00
7.726564884185791016e+00
7.800492763519287109e+00
7.706176757812500000e+00
7.780903816223144531e+00
7.706112861633300781e+00
7.765629768371582031e+00
7.707214355468750000e+00
7.750236511230468750e+00
7.708575725555419922e+00
8.191995620727539062e+00
8.183705329895019531e+00
8.190367698669433594e+00
7.839802742004394531e+00
7.730107307434082031e+00
7.860405921936035156e+00
8.233446121215820312e+00
9.471056938171386719e+00
7.672094821929931641e+00
7.763949871063232422e+00
8.298789024353027344e+00
1.147426414489746094e+01
1.138832855224609375e+01
1.039279270172119141e+01
7.122647285461425781e+00
7.585410594940185547e+00
8.770812034606933594e+00
7.828544616699218750e+00
7.825591564178466797e+00
8.292121887207031250e+00
8.810660362243652344e+00
8.709187507629394531e+00
8.041687965393066406e+00
7.685349941253662109e+00
7.674916744232177734e+00
7.698915958404541016e+00
7.848435878753662109e+00
7.790453433990478516e+00
7.796887397766113281e+00
7.798087596893310547e+00
7.811659336090087891e+00
7.812179565429687500e+00
7.817608833312988281e+00
7.810929775238037109e+00
7.817696571350097656e+00
7.813266277313232422e+00
7.820542812347412109e+00
7.815969944000244141e+00
7.823335170745849609e+00
7.817971706390380859e+00
7.825514316558837891e+00
7.819919109344482422e+00
7.827487468719482422e+00
7.821676731109619141e+00
7.829319953918457031e+00
7.823216438293457031e+00
7.830793857574462891e+00
7.824331760406494141e+00
7.832275390625000000e+00
7.825250148773193359e+00
7.833598613739013672e+00
7.825963020324707031e+00
7.834809780120849609e+00
7.826515197753906250e+00
7.836024761199951172e+00
7.826901435852050781e+00
7.837272644042968750e+00
7.827147006988525391e+00
7.838560581207275391e+00
7.827313423156738281e+00
7.839908599853515625e+00
7.827450752258300781e+00
7.841328620910644531e+00
7.827612400054931641e+00
7.842796325683593750e+00
7.827848911285400391e+00
7.844270229339599609e+00
7.828198909759521484e+00
7.845691204071044922e+00
7.828638553619384766e+00
7.846980571746826172e+00
7.829083442687988281e+00
7.848040103912353516e+00
7.829330444335937500e+00
7.848752021789550781e+00
7.829152107238769531e+00
7.849145412445068359e+00
7.828170776367187500e+00
7.849424839019775391e+00
7.826259613037109375e+00
7.852066040039062500e+00
7.824072360992431641e+00
7.858442783355712891e+00
7.826502323150634766e+00
7.848480224609375000e+00
7.838476657867431641e+00
7.842739105224609375e+00
7.845017910003662109e+00
7.849796295166015625e+00
7.868872165679931641e+00
7.871875286102294922e+00
7.842761993408203125e+00
7.761910915374755859e+00
7.795492649078369141e+00
7.741117000579833984e+00
7.818753719329833984e+00
