3.937505340576171875e+01
3.654740524291992188e+01
3.355855560302734375e+01
3.054385948181152344e+01
2.796459960937500000e+01
2.620603179931640625e+01
2.527359962463378906e+01
2.489303016662597656e+01
2.476254081726074219e+01
2.468122291564941406e+01
2.454647254943847656e+01
2.438100814819335938e+01
2.420606613159179688e+01
2.412354660034179688e+01
2.403986167907714844e+01
2.402102088928222656e+01
2.401363945007324219e+01
2.399114799499511719e+01
2.398072624206542969e+01
2.397601127624511719e+01
2.396681976318359375e+01
2.395981979370117188e+01
2.395228767395019531e+01
2.394792938232421875e+01
2.394125938415527344e+01
2.393610572814941406e+01
2.393121719360351562e+01
2.393241310119628906e+01
2.392600440979003906e+01
2.392700004577636719e+01
2.392148399353027344e+01
2.392132568359375000e+01
2.391418647766113281e+01
2.392468261718750000e+01
2.389894866943359375e+01
2.391106033325195312e+01
2.390791130065917969e+01
2.390558815002441406e+01
2.389105033874511719e+01
2.389808845520019531e+01
2.388601303100585938e+01
2.389819908142089844e+01
2.388195228576660156e+01
2.388726997375488281e+01
2.387121772766113281e+01
2.388072586059570312e+01
2.387398147583007812e+01
2.387638473510742188e+01
2.386697959899902344e+01
2.388124656677246094e+01
2.386240196228027344e+01
2.388927268981933594e+01
2.386257934570312500e+01
2.390195846557617188e+01
2.385368347167968750e+01
2.388947486877441406e+01
2.386471939086914062e+01
2.387766456604003906e+01
2.385247039794921875e+01
2.388068771362304688e+01
2.384013366699218750e+01
2.386973762512207031e+01
2.384968566894531250e+01
2.387941932678222656e+01
2.384303474426269531e+01
2.386349678039550781e+01
2.384587287902832031e+01
2.387155914306640625e+01
2.384708213806152344e+01
2.388396453857421875e+01
2.383775711059570312e+01
2.386533737182617188e+01
2.385167503356933594e+01
2.383567047119140625e+01
2.384472656250000000e+01
2.384664535522460938e+01
2.384919166564941406e+01
2.383715057373046875e+01
2.386894226074218750e+01
2.382933616638183594e+01
2.385963249206542969e+01
2.384056282043457031e+01
2.386123657226562500e+01
2.382403945922851562e+01
2.387202835083007812e+01
2.381830024719238281e+01
2.385600852966308594e+01
2.383860969543457031e+01
2.386502075195312500e+01
2.381830596923828125e+01
2.384857177734375000e+01
2.381999588012695312e+01
2.383309936523437500e+01
2.383416938781738281e+01
2.383326339721679688e+01
2.383725738525390625e+01
2.382145118713378906e+01
2.382069396972656250e+01
2.382880783081054688e+01
2.382673072814941406e+01
2.382513999938964844e+01
2.381263732910156250e+01
2.386293029785156250e+01
2.381487274169921875e+01
2.385807418823242188e+01
2.385844230651855469e+01
2.389228057861328125e+01
2.382555007934570312e+01
2.384634780883789062e+01
2.381550216674804688e+01
2.390281677246093750e+01
2.395859527587890625e+01
2.389288520812988281e+01
2.388652420043945312e+01
2.382110977172851562e+01
2.382974624633789062e+01
2.381207847595214844e+01
2.380633544921875000e+01
2.381405067443847656e+01
2.382460021972656250e+01
2.383404350280761719e+01
2.390951919555664062e+01
2.396400451660156250e+01
2.394889259338378906e+01
2.390595054626464844e+01
2.383616256713867188e+01
2.389006233215332031e+01
2.387386322021484375e+01
2.386157608032226562e+01
2.384060859680175781e+01
2.382177734375000000e+01
2.382351684570312500e+01
2.382599449157714844e+01
2.381362152099609375e+01
2.382571029663085938e+01
2.380400085449218750e+01
2.383076477050781250e+01
2.383755493164062500e+01
2.381026268005371094e+01
2.382002830505371094e+01
2.380722045898437500e+01
2.378840065002441406e+01
2.386030960083007812e+01
2.395877647399902344e+01
2.398688125610351562e+01
2.394670867919921875e+01
2.389760017395019531e+01
2.385295295715332031e+01
2.381917762756347656e+01
2.380362510681152344e+01
2.381588935852050781e+01
2.380412292480468750e+01
2.379233551025390625e+01
2.381743621826171875e+01
2.379003524780273438e+01
2.380245590209960938e+01
2.382524490356445312e+01
2.378665733337402344e+01
2.378964805603027344e+01
2.381560134887695312e+01
2.378987693786621094e+01
2.378785133361816406e+01
2.382553100585937500e+01
2.377271461486816406e+01
2.380131912231445312e+01
2.381118583679199219e+01
2.378351402282714844e+01
2.382728004455566406e+01
2.379164314270019531e+01
2.381673240661621094e+01
2.380709266662597656e+01
2.379963302612304688e+01
2.379957962036132812e+01
2.379332923889160156e+01
2.378076744079589844e+01
1.582696914672851562e+01
8.093128204345703125e+00
8.214879035949707031e+00
9.220318794250488281e+00
9.574392318725585938e+00
9.093791961669921875e+00
8.818798065185546875e+00
8.771220207214355469e+00
8.872093200683593750e+00
8.849467277526855469e+00
8.928673744201660156e+00
8.833898544311523438e+00
8.978244781494140625e+00
8.904025077819824219e+00
8.977631568908691406e+00
8.890471458435058594e+00
8.927322387695312500e+00
8.860904693603515625e+00
8.900544166564941406e+00
8.868157386779785156e+00
8.884017944335937500e+00
8.830037117004394531e+00
8.896813392639160156e+00
8.930274963378906250e+00
8.915596008300781250e+00
