4.412347030639648438e+01
3.603626632690429688e+01
2.801075172424316406e+01
2.121303367614746094e+01
1.655047225952148438e+01
1.403500652313232422e+01
1.303218460083007812e+01
1.283722686767578125e+01
1.295272541046142578e+01
1.311444377899169922e+01
1.322575473785400391e+01
1.327769565582275391e+01
1.329098129272460938e+01
1.328703784942626953e+01
1.327912616729736328e+01
1.327288055419921875e+01
1.326944732666015625e+01
1.326812648773193359e+01
1.326791667938232422e+01
1.326809501647949219e+01
1.326828861236572266e+01
1.326838302612304688e+01
1.326838111877441406e+01
1.326831722259521484e+01
1.326822662353515625e+01
1.326814174652099609e+01
1.326806163787841797e+01
1.326799297332763672e+01
1.326793003082275391e+01
1.326787376403808594e+01
1.326782226562500000e+01
1.326777267456054688e+01
1.326772499084472656e+01
1.326767826080322266e+01
1.326763820648193359e+01
1.326759719848632812e+01
1.326755619049072266e+01
1.326751995086669922e+01
1.326748561859130859e+01
1.326745033264160156e+01
1.326741218566894531e+01
1.326738071441650391e+01
1.326734638214111328e+01
1.326731491088867188e+01
1.326728725433349609e+01
1.326725387573242188e+01
1.326722431182861328e+01
1.326719665527343750e+01
1.326716995239257812e+01
1.326714134216308594e+01
1.326711177825927734e+01
1.326708412170410156e+01
1.326705837249755859e+01
1.326703166961669922e+01
1.326700687408447266e+01
1.326698017120361328e+01
1.326695346832275391e+01
1.326693058013916016e+01
1.326690578460693359e+01
1.326687908172607422e+01
1.326685523986816406e+01
1.326683044433593750e+01
1.326680564880371094e+01
1.326677989959716797e+01
1.326675796508789062e+01
1.326673316955566406e+01
1.326670646667480469e+01
1.326668357849121094e+01
1.326665973663330078e+01
1.326663970947265625e+01
1.326661109924316406e+01
1.326658916473388672e+01
1.326656723022460938e+01
1.326654243469238281e+01
1.326651859283447266e+01
1.326649188995361328e+01
1.326646995544433594e+01
1.326644992828369141e+01
1.326642608642578125e+01
1.326640129089355469e+01
1.326637840270996094e+01
1.326635265350341797e+01
1.326632785797119141e+01
1.326630783081054688e+01
1.326628208160400391e+01
1.326625919342041016e+01
1.326623535156250000e+01
1.326621055603027344e+01
1.326618671417236328e+01
1.326616668701171875e+01
1.326613998413085938e+01
1.326611614227294922e+01
1.326609134674072266e+01
1.326606941223144531e+01
1.326604270935058594e+01
1.326601982116699219e+01
1.326599597930908203e+01
1.326597118377685547e+01
1.326594924926757812e+01
1.326592540740966797e+01
1.326590061187744141e+01
1.326587581634521484e+01
1.326585006713867188e+01
1.326582908630371094e+01
1.326580333709716797e+01
1.326577663421630859e+01
1.326575374603271484e+01
1.326572799682617188e+01
1.326570320129394531e+01
1.326567840576171875e+01
1.326565170288085938e+01
1.326562690734863281e+01
1.326560306549072266e+01
1.326557826995849609e+01
1.326555347442626953e+01
1.326552772521972656e+01
1.326550292968750000e+01
1.326547527313232422e+01
1.326544952392578125e+01
1.326542472839355469e+01
1.326539802551269531e+01
1.326537132263183594e+01
1.326534652709960938e+01
1.326532173156738281e+01
1.326529502868652344e+01
1.326527023315429688e+01
1.326524353027343750e+01
1.326521492004394531e+01
1.326518726348876953e+01
1.326516342163085938e+01
1.326513671875000000e+01
1.326511192321777344e+01
1.326508331298828125e+01
1.326505851745605469e+01
1.326503372192382812e+01
1.326500511169433594e+01
1.326497745513916016e+01
1.326495075225830078e+01
1.326492691040039062e+01
1.326490211486816406e+01
1.326487541198730469e+01
1.326485061645507812e+01
1.326482105255126953e+01
1.326479530334472656e+01
1.326476955413818359e+01
1.326473903656005859e+01
1.326471614837646484e+01
1.326468658447265625e+01
1.326466083526611328e+01
1.326463413238525391e+01
1.326460647583007812e+01
1.326457977294921875e+01
1.326455497741699219e+01
1.326452922821044922e+01
1.326450157165527344e+01
1.326447677612304688e+01
1.326444816589355469e+01
1.326442337036132812e+01
1.326439857482910156e+01
1.326437473297119141e+01
1.326434803009033203e+01
1.326432037353515625e+01
1.326429653167724609e+01
1.326427459716796875e+01
1.326424789428710938e+01
1.326422309875488281e+01
1.326419639587402344e+01
1.326417446136474609e+01
1.326414775848388672e+01
1.326412296295166016e+01
1.326409912109375000e+01
1.326407623291015625e+01
1.326405239105224609e+01
1.326402568817138672e+01
1.326400375366210938e+01
1.326398181915283203e+01
1.326395702362060547e+01
1.326393508911132812e+01
1.326391315460205078e+01
1.326389312744140625e+01
1.326386928558349609e+01
1.326384925842285156e+01
1.326382541656494141e+01
1.326380538940429688e+01
1.326378440856933594e+01
1.326376438140869141e+01
1.326374244689941406e+01
1.326372528076171875e+01
1.326370620727539062e+01
1.326368618011474609e+01
1.326366424560546875e+01
1.326364517211914062e+01
1.326362991333007812e+01
1.326361083984375000e+01
1.326359653472900391e+01
1.326357841491699219e+01
1.326356220245361328e+01
1.326354503631591797e+01
1.326352691650390625e+01
1.326350975036621094e+01
