3.358211898803710938e+01
2.677427482604980469e+01
2.226677513122558594e+01
2.090544509887695312e+01
2.102740669250488281e+01
2.127905845642089844e+01
2.125558090209960938e+01
2.133023452758789062e+01
2.121133232116699219e+01
2.106588554382324219e+01
2.108666038513183594e+01
2.118129539489746094e+01
2.121113014221191406e+01
2.106582069396972656e+01
2.103862953186035156e+01
2.107962799072265625e+01
2.108865165710449219e+01
2.107079696655273438e+01
2.104769325256347656e+01
2.104141998291015625e+01
2.105350685119628906e+01
2.106414031982421875e+01
2.103121376037597656e+01
2.103140068054199219e+01
2.103880119323730469e+01
2.103259086608886719e+01
2.102441787719726562e+01
2.101661109924316406e+01
2.101181793212890625e+01
2.102540588378906250e+01
2.102602386474609375e+01
2.101506042480468750e+01
2.100929069519042969e+01
2.100722312927246094e+01
2.101399040222167969e+01
2.100955009460449219e+01
2.100115394592285156e+01
2.100481033325195312e+01
2.100402069091796875e+01
2.099370002746582031e+01
2.099671936035156250e+01
2.099238395690917969e+01
2.098706626892089844e+01
2.098333549499511719e+01
2.098002052307128906e+01
2.097618103027343750e+01
2.097472572326660156e+01
2.097016716003417969e+01
2.096276664733886719e+01
2.096599578857421875e+01
2.096641540527343750e+01
2.095876312255859375e+01
2.106788253784179688e+01
2.102874565124511719e+01
2.096387672424316406e+01
2.095704078674316406e+01
2.104462051391601562e+01
2.094457435607910156e+01
2.096109008789062500e+01
2.097164344787597656e+01
2.096489524841308594e+01
2.096131324768066406e+01
2.094694137573242188e+01
2.094319915771484375e+01
2.095251274108886719e+01
2.096050834655761719e+01
2.095690727233886719e+01
2.095323181152343750e+01
2.094737243652343750e+01
2.094619750976562500e+01
2.093858146667480469e+01
2.094393730163574219e+01
2.094726943969726562e+01
2.102436637878417969e+01
2.098776817321777344e+01
2.089733123779296875e+01
2.093565177917480469e+01
2.096081733703613281e+01
2.090273094177246094e+01
2.096639442443847656e+01
2.172905731201171875e+01
2.120322227478027344e+01
2.099962234497070312e+01
2.066907310485839844e+01
2.092704772949218750e+01
2.103721046447753906e+01
2.095897483825683594e+01
2.077963066101074219e+01
2.078187370300292969e+01
2.081773376464843750e+01
2.086897850036621094e+01
2.092960929870605469e+01
2.093245506286621094e+01
2.092066383361816406e+01
2.090742492675781250e+01
2.090971565246582031e+01
2.090378570556640625e+01
2.092141723632812500e+01
2.147702407836914062e+01
2.117691612243652344e+01
2.102124404907226562e+01
2.085901641845703125e+01
2.070420265197753906e+01
2.074364852905273438e+01
2.074875450134277344e+01
2.073770713806152344e+01
2.073648452758789062e+01
2.074219131469726562e+01
2.072975349426269531e+01
2.083327865600585938e+01
2.074817466735839844e+01
2.073680877685546875e+01
2.071278953552246094e+01
2.073521804809570312e+01
2.070448112487792969e+01
2.068108940124511719e+01
2.068524169921875000e+01
2.067706108093261719e+01
2.069937133789062500e+01
2.070695304870605469e+01
2.068604278564453125e+01
2.068214988708496094e+01
2.070005607604980469e+01
2.070109939575195312e+01
2.068963050842285156e+01
2.068878364562988281e+01
2.068191146850585938e+01
2.069036102294921875e+01
2.068483543395996094e+01
2.069802284240722656e+01
2.068825340270996094e+01
2.067898559570312500e+01
2.067513465881347656e+01
2.067499351501464844e+01
2.067678833007812500e+01
2.067721366882324219e+01
2.067603874206542969e+01
2.067516136169433594e+01
2.067480850219726562e+01
2.067458915710449219e+01
2.067400169372558594e+01
2.067366027832031250e+01
2.067332458496093750e+01
2.067277526855468750e+01
2.067223548889160156e+01
2.067213439941406250e+01
2.067204093933105469e+01
2.067299270629882812e+01
2.067457580566406250e+01
2.067003250122070312e+01
2.066868019104003906e+01
2.066792678833007812e+01
2.066851043701171875e+01
2.066839408874511719e+01
2.066785430908203125e+01
2.066707611083984375e+01
2.066646385192871094e+01
2.066597557067871094e+01
2.066545677185058594e+01
2.066458511352539062e+01
2.066326332092285156e+01
2.066589927673339844e+01
2.066595268249511719e+01
2.066429519653320312e+01
2.066250228881835938e+01
2.066835403442382812e+01
2.066980361938476562e+01
2.066707420349121094e+01
2.066429138183593750e+01
2.066197967529296875e+01
2.066338920593261719e+01
2.066796684265136719e+01
2.066786193847656250e+01
2.066405296325683594e+01
2.066136741638183594e+01
2.066037559509277344e+01
2.066129493713378906e+01
2.065937805175781250e+01
2.065818405151367188e+01
2.065720367431640625e+01
2.065616035461425781e+01
2.065796661376953125e+01
2.066571426391601562e+01
2.066652297973632812e+01
2.066205215454101562e+01
2.065666580200195312e+01
2.065430259704589844e+01
2.065459060668945312e+01
2.065542602539062500e+01
2.065547943115234375e+01
2.065484428405761719e+01
2.065414810180664062e+01
2.065368652343750000e+01
2.065335273742675781e+01
2.065286827087402344e+01
2.065285110473632812e+01
2.065256500244140625e+01
2.065294075012207031e+01
2.065243339538574219e+01
2.065128326416015625e+01
