4.729651260375976562e+01
4.364017486572265625e+01
3.949788284301757812e+01
3.401394271850585938e+01
3.106425094604492188e+01
3.095205688476562500e+01
3.123920059204101562e+01
3.146399307250976562e+01
3.153914070129394531e+01
3.147302246093750000e+01
3.139273071289062500e+01
3.136672019958496094e+01
3.135856246948242188e+01
3.135348129272460938e+01
3.134826087951660156e+01
3.134109497070312500e+01
3.133213615417480469e+01
3.146494865417480469e+01
3.130201911926269531e+01
3.126183509826660156e+01
3.128507804870605469e+01
3.130863571166992188e+01
3.131032943725585938e+01
3.129018402099609375e+01
3.127228736877441406e+01
3.231940460205078125e+01
3.111412811279296875e+01
3.115663909912109375e+01
3.122897529602050781e+01
3.126364326477050781e+01
3.129496955871582031e+01
3.131075668334960938e+01
3.130292701721191406e+01
3.088671302795410156e+01
3.086083221435546875e+01
3.087333869934082031e+01
3.088486289978027344e+01
3.086431694030761719e+01
3.083772468566894531e+01
3.083089256286621094e+01
3.083037757873535156e+01
3.082618331909179688e+01
3.082085609436035156e+01
3.081633377075195312e+01
3.081165122985839844e+01
3.080676841735839844e+01
3.080227279663085938e+01
3.079811859130859375e+01
3.079412651062011719e+01
3.079020881652832031e+01
3.078646469116210938e+01
3.078289794921875000e+01
3.077947425842285156e+01
3.077618217468261719e+01
3.077302551269531250e+01
3.076999092102050781e+01
3.076707839965820312e+01
3.076428031921386719e+01
3.076158905029296875e+01
3.075899887084960938e+01
3.075650215148925781e+01
3.075410079956054688e+01
3.075178527832031250e+01
3.074954986572265625e+01
3.074738502502441406e+01
3.074529838562011719e+01
3.074327468872070312e+01
3.074131393432617188e+01
3.073941040039062500e+01
3.073756408691406250e+01
3.073576545715332031e+01
3.073401451110839844e+01
3.073230552673339844e+01
3.073064422607421875e+01
3.072900962829589844e+01
3.072741699218750000e+01
3.072586059570312500e+01
3.072433090209960938e+01
3.072282791137695312e+01
3.072135162353515625e+01
3.071990394592285156e+01
3.071847724914550781e+01
3.071707725524902344e+01
3.071569252014160156e+01
3.071441078186035156e+01
3.071293830871582031e+01
3.071175193786621094e+01
3.071045494079589844e+01
3.070915985107421875e+01
2.454671287536621094e+01
1.059321498870849609e+01
9.471793174743652344e+00
1.098669338226318359e+01
1.145535564422607422e+01
1.090211582183837891e+01
1.052612876892089844e+01
1.052980613708496094e+01
1.065056228637695312e+01
1.067938137054443359e+01
1.066878604888916016e+01
1.064439582824707031e+01
1.065220260620117188e+01
1.064750766754150391e+01
1.065972614288330078e+01
1.064850330352783203e+01
1.065904903411865234e+01
1.064719772338867188e+01
1.066006469726562500e+01
1.064792060852050781e+01
1.066124343872070312e+01
1.064855289459228516e+01
1.066184806823730469e+01
1.064900398254394531e+01
1.066238880157470703e+01
1.064944553375244141e+01
1.066288280487060547e+01
1.064984703063964844e+01
1.066335487365722656e+01
1.065022087097167969e+01
1.066383266448974609e+01
1.065058517456054688e+01
1.066432189941406250e+01
1.065094375610351562e+01
1.066482162475585938e+01
1.065130043029785156e+01
1.066532039642333984e+01
1.065165615081787109e+01
1.066581916809082031e+01
1.065201377868652344e+01
1.066630840301513672e+01
1.065237140655517578e+01
1.066678047180175781e+01
1.065272617340087891e+01
1.066723918914794922e+01
1.065308189392089844e+01
1.066767692565917969e+01
1.065343570709228516e+01
1.066809368133544922e+01
1.065378665924072266e+01
1.066848850250244141e+01
1.065413570404052734e+01
1.066886234283447266e+01
1.065447902679443359e+01
1.066921424865722656e+01
1.065481758117675781e+01
1.066954612731933594e+01
1.065515136718750000e+01
1.066985797882080078e+01
1.065547943115234375e+01
1.067015171051025391e+01
1.065580081939697266e+01
1.067042636871337891e+01
1.065611648559570312e+01
1.067068672180175781e+01
1.065642452239990234e+01
1.067093276977539062e+01
1.065672397613525391e+01
1.067116451263427734e+01
1.065701484680175781e+01
1.067138576507568359e+01
1.065729904174804688e+01
1.067159461975097656e+01
1.065757751464843750e+01
1.067179775238037109e+01
1.065784740447998047e+01
1.067199611663818359e+01
1.065811061859130859e+01
1.067220783233642578e+01
1.065819835662841797e+01
1.067237186431884766e+01
1.065858650207519531e+01
1.067259216308593750e+01
1.065887641906738281e+01
1.067276859283447266e+01
1.065895462036132812e+01
1.067289352416992188e+01
1.065932846069335938e+01
1.067308807373046875e+01
1.065960311889648438e+01
1.067323875427246094e+01
1.065966701507568359e+01
1.067334461212158203e+01
1.066001796722412109e+01
1.067352199554443359e+01
1.066027832031250000e+01
1.067364215850830078e+01
1.066049289703369141e+01
1.067378425598144531e+01
1.066053390502929688e+01
1.067388248443603516e+01
1.066085147857666016e+01
1.067405509948730469e+01
1.066108798980712891e+01
1.067419815063476562e+01
1.066111850738525391e+01
1.067428684234619141e+01
1.066142272949218750e+01
1.067445182800292969e+01
1.066164970397949219e+01
1.067458343505859375e+01
