5.040659332275390625e+01
4.632451629638671875e+01
4.185702896118164062e+01
3.815286254882812500e+01
3.714239501953125000e+01
3.798272705078125000e+01
3.925794219970703125e+01
3.685772705078125000e+01
3.649598312377929688e+01
3.707427978515625000e+01
3.678759765625000000e+01
3.714987945556640625e+01
3.750188827514648438e+01
3.721144485473632812e+01
3.675046920776367188e+01
3.648113250732421875e+01
3.757609939575195312e+01
3.727474594116210938e+01
3.639268875122070312e+01
3.613530349731445312e+01
3.595539093017578125e+01
3.622122955322265625e+01
3.639847564697265625e+01
3.648834991455078125e+01
3.647293853759765625e+01
3.638261032104492188e+01
3.633514022827148438e+01
3.631879425048828125e+01
3.631794357299804688e+01
3.633230590820312500e+01
3.633466339111328125e+01
3.633707427978515625e+01
3.633389282226562500e+01
3.633301925659179688e+01
3.632954788208007812e+01
3.633125686645507812e+01
3.656197738647460938e+01
3.649936676025390625e+01
3.646865463256835938e+01
3.651040267944335938e+01
3.654302597045898438e+01
3.648456573486328125e+01
3.646693038940429688e+01
3.647642517089843750e+01
3.645040512084960938e+01
3.646913528442382812e+01
3.647584152221679688e+01
3.645899581909179688e+01
3.645886611938476562e+01
3.645658111572265625e+01
3.645620346069335938e+01
3.645090866088867188e+01
3.645291900634765625e+01
3.645081710815429688e+01
3.645167160034179688e+01
3.644432449340820312e+01
3.644790267944335938e+01
3.644085693359375000e+01
3.644907379150390625e+01
3.643951416015625000e+01
3.643874740600585938e+01
3.643001937866210938e+01
3.642086410522460938e+01
3.641756820678710938e+01
3.640854644775390625e+01
3.641038131713867188e+01
3.640583419799804688e+01
3.644156646728515625e+01
3.647437286376953125e+01
3.643432617187500000e+01
3.636445236206054688e+01
3.633958435058593750e+01
3.633660888671875000e+01
3.634556198120117188e+01
3.634428024291992188e+01
3.633942413330078125e+01
3.634080886840820312e+01
3.636793136596679688e+01
3.670587921142578125e+01
3.622465515136718750e+01
3.619522094726562500e+01
3.622413253784179688e+01
3.626650619506835938e+01
3.628104782104492188e+01
3.628553009033203125e+01
3.628121566772460938e+01
3.628537368774414062e+01
3.628086471557617188e+01
3.628394317626953125e+01
3.628309249877929688e+01
3.628344726562500000e+01
3.627934646606445312e+01
3.628477478027343750e+01
3.628335571289062500e+01
3.628695678710937500e+01
3.628451538085937500e+01
3.629287719726562500e+01
3.629296493530273438e+01
3.628123092651367188e+01
3.628139877319335938e+01
3.628044128417968750e+01
3.628086471557617188e+01
3.628091430664062500e+01
3.628300857543945312e+01
3.628274154663085938e+01
3.628454208374023438e+01
3.628292465209960938e+01
3.628396224975585938e+01
3.628287887573242188e+01
3.628437423706054688e+01
3.628333282470703125e+01
3.628484725952148438e+01
3.628398513793945312e+01
3.628544998168945312e+01
3.628488159179687500e+01
3.628625106811523438e+01
3.628619003295898438e+01
3.628421020507812500e+01
3.628484725952148438e+01
3.628754425048828125e+01
3.628749847412109375e+01
3.629117965698242188e+01
3.632289505004882812e+01
3.628686523437500000e+01
3.631386947631835938e+01
3.637776565551757812e+01
3.635653305053710938e+01
3.633153915405273438e+01
3.629853439331054688e+01
3.628597259521484375e+01
3.628766632080078125e+01
3.628579330444335938e+01
3.628824234008789062e+01
3.629110336303710938e+01
3.629018402099609375e+01
3.629166793823242188e+01
3.629172134399414062e+01
3.629655075073242188e+01
3.629428863525390625e+01
3.629853057861328125e+01
3.629303359985351562e+01
3.629898071289062500e+01
3.629301071166992188e+01
3.630974960327148438e+01
3.629613113403320312e+01
3.632288360595703125e+01
3.632349395751953125e+01
3.629791259765625000e+01
3.628777694702148438e+01
3.628772354125976562e+01
3.628855514526367188e+01
3.629039764404296875e+01
3.629229354858398438e+01
3.629288864135742188e+01
3.629639816284179688e+01
3.629518508911132812e+01
3.629922103881835938e+01
3.629381942749023438e+01
3.630292892456054688e+01
3.629120254516601562e+01
3.630150604248046875e+01
3.629973220825195312e+01
3.630047225952148438e+01
3.629745483398437500e+01
3.629970169067382812e+01
3.630492019653320312e+01
3.637900924682617188e+01
3.643543624877929688e+01
3.631536483764648438e+01
3.630118942260742188e+01
3.642730331420898438e+01
3.652330780029296875e+01
3.653063964843750000e+01
3.648593902587890625e+01
3.643693923950195312e+01
3.640627670288085938e+01
3.639323043823242188e+01
3.638674545288085938e+01
3.637797164916992188e+01
3.636736297607421875e+01
3.635879898071289062e+01
3.635469436645507812e+01
3.635274124145507812e+01
3.635264968872070312e+01
3.635366058349609375e+01
3.635348129272460938e+01
3.635049057006835938e+01
3.634478378295898438e+01
3.633744430541992188e+01
3.632928085327148438e+01
3.632040786743164062e+01
3.631054687500000000e+01
3.629944610595703125e+01
3.629616165161132812e+01
3.629027175903320312e+01
3.627159500122070312e+01
3.626757049560546875e+01
3.625975036621093750e+01
3.625407791137695312e+01
3.624090194702148438e+01
