7.140594124794006348e-01
4.355427622795104980e-01
4.107463061809539795e-01
4.155546426773071289e-01
4.088121652603149414e-01
3.985698819160461426e-01
3.932769000530242920e-01
3.913157284259796143e-01
3.892817497253417969e-01
3.864908218383789062e-01
3.839267194271087646e-01
3.821246922016143799e-01
3.791701197624206543e-01
3.754086494445800781e-01
3.719190359115600586e-01
3.689946830272674561e-01
3.701966702938079834e-01
3.764512538909912109e-01
3.981280028820037842e-01
3.950723409652709961e-01
3.931944668292999268e-01
3.925312757492065430e-01
3.922900259494781494e-01
3.921298384666442871e-01
3.921294808387756348e-01
3.924736082553863525e-01
3.930609822273254395e-01
3.935860693454742432e-01
3.940769433975219727e-01
3.945495486259460449e-01
3.950690329074859619e-01
3.955577313899993896e-01
3.960802257061004639e-01
4.017060399055480957e-01
4.007487893104553223e-01
4.015012681484222412e-01
4.028148651123046875e-01
4.039111733436584473e-01
4.454934000968933105e-01
4.261975288391113281e-01
4.222787618637084961e-01
4.213722050189971924e-01
4.172111749649047852e-01
4.174720346927642822e-01
4.190173447132110596e-01
4.206357896327972412e-01
4.223226904869079590e-01
4.240932464599609375e-01
4.258153736591339111e-01
4.274100959300994873e-01
4.288215637207031250e-01
4.300581514835357666e-01
4.302493929862976074e-01
4.310046732425689697e-01
4.320048987865447998e-01
4.318808317184448242e-01
4.325031638145446777e-01
4.334025681018829346e-01
4.342302978038787842e-01
4.308816790580749512e-01
4.309835135936737061e-01
4.321892559528350830e-01
4.332448840141296387e-01
4.340721368789672852e-01
4.348986446857452393e-01
4.357877373695373535e-01
4.365978837013244629e-01
4.372667074203491211e-01
4.158473610877990723e-01
4.147002100944519043e-01
4.104137122631072998e-01
4.118920564651489258e-01
4.104571640491485596e-01
4.119042754173278809e-01
4.073858261108398438e-01
4.042300283908843994e-01
4.030542969703674316e-01
4.012120962142944336e-01
4.009187519550323486e-01
3.993223905563354492e-01
3.979631066322326660e-01
3.978382349014282227e-01
3.975066244602203369e-01
3.979842960834503174e-01
3.965923190116882324e-01
3.966954350471496582e-01
3.957367539405822754e-01
3.956262171268463135e-01
3.941190838813781738e-01
3.947937488555908203e-01
3.935527503490447998e-01
3.939289450645446777e-01
3.934829533100128174e-01
3.934379518032073975e-01
3.933379948139190674e-01
3.935079574584960938e-01
3.931773304939270020e-01
3.930671811103820801e-01
3.931791484355926514e-01
3.925245702266693115e-01
3.923864662647247314e-01
3.918262124061584473e-01
3.915791809558868408e-01
3.914079368114471436e-01
3.911510109901428223e-01
3.914083242416381836e-01
3.907329440116882324e-01
3.907310366630554199e-01
3.907926976680755615e-01
3.905435502529144287e-01
3.899482190608978271e-01
3.897313773632049561e-01
3.887183368206024170e-01
3.889267742633819580e-01
3.876926600933074951e-01
3.881785571575164795e-01
3.870020508766174316e-01
3.870645165443420410e-01
3.871782422065734863e-01
3.870874941349029541e-01
3.871704339981079102e-01
3.870619237422943115e-01
3.849596679210662842e-01
3.854427337646484375e-01
3.848094940185546875e-01
3.849889934062957764e-01
3.846667408943176270e-01
3.842782974243164062e-01
3.838760852813720703e-01
3.835128843784332275e-01
3.826305270195007324e-01
3.827635645866394043e-01
3.823271989822387695e-01
3.817108869552612305e-01
3.804831802845001221e-01
3.802165389060974121e-01
3.801646530628204346e-01
3.786111474037170410e-01
3.788948059082031250e-01
3.772214651107788086e-01
3.771391510963439941e-01
3.769853711128234863e-01
3.770241141319274902e-01
3.762050271034240723e-01
3.757547140121459961e-01
3.753146231174468994e-01
3.752589523792266846e-01
3.736251294612884521e-01
3.744806051254272461e-01
3.732432126998901367e-01
3.744600117206573486e-01
3.730213642120361328e-01
3.733862936496734619e-01
3.721563518047332764e-01
3.723118603229522705e-01
3.735215365886688232e-01
3.717387020587921143e-01
3.710013926029205322e-01
3.714790046215057373e-01
3.717226684093475342e-01
3.720723390579223633e-01
3.712232112884521484e-01
3.708610534667968750e-01
3.710857629776000977e-01
3.710731565952301025e-01
3.709978163242340088e-01
3.705616593360900879e-01
3.710646331310272217e-01
3.699465990066528320e-01
3.696942627429962158e-01
3.695477247238159180e-01
3.689506649971008301e-01
3.696219325065612793e-01
3.698386251926422119e-01
3.696047067642211914e-01
3.693725168704986572e-01
3.691110908985137939e-01
3.691200613975524902e-01
3.687636256217956543e-01
3.694320321083068848e-01
3.688865005970001221e-01
3.696952462196350098e-01
3.689725697040557861e-01
3.688497245311737061e-01
3.687993586063385010e-01
3.689776957035064697e-01
3.687445819377899170e-01
3.688585162162780762e-01
3.693079054355621338e-01
3.684733808040618896e-01
3.690887689590454102e-01
3.685834407806396484e-01
3.685899674892425537e-01
3.683067560195922852e-01
3.683199584484100342e-01
3.683324754238128662e-01
3.691515028476715088e-01
3.681305348873138428e-01
3.679559528827667236e-01
3.684011697769165039e-01
