3.081522464752197266e+00
2.446129083633422852e+00
2.212068557739257812e+00
2.164806604385375977e+00
2.170351028442382812e+00
2.176508665084838867e+00
2.169274806976318359e+00
2.158323526382446289e+00
2.147766113281250000e+00
2.136238336563110352e+00
2.121904850006103516e+00
2.105498790740966797e+00
2.088469743728637695e+00
2.074066638946533203e+00
2.066064596176147461e+00
2.061355590820312500e+00
2.059031486511230469e+00
2.057124137878417969e+00
2.052544355392456055e+00
2.046074628829956055e+00
2.044043302536010742e+00
2.095037460327148438e+00
2.052025079727172852e+00
2.042639732360839844e+00
2.034438133239746094e+00
2.030400991439819336e+00
2.027450084686279297e+00
2.180260419845581055e+00
2.017739772796630859e+00
2.106598615646362305e+00
2.123009443283081055e+00
2.137346267700195312e+00
2.140069961547851562e+00
2.136174917221069336e+00
2.131348133087158203e+00
2.129490375518798828e+00
2.128953695297241211e+00
2.129752874374389648e+00
2.130719423294067383e+00
2.131530761718750000e+00
2.132502079010009766e+00
2.136168241500854492e+00
2.139435529708862305e+00
2.140375137329101562e+00
2.140279531478881836e+00
2.139939546585083008e+00
2.148631334304809570e+00
2.134203672409057617e+00
2.132686614990234375e+00
2.131128549575805664e+00
2.129609346389770508e+00
2.128369092941284180e+00
2.127465248107910156e+00
2.126792669296264648e+00
2.126369953155517578e+00
2.125854492187500000e+00
2.125183582305908203e+00
2.123510837554931641e+00
2.121043205261230469e+00
2.117810487747192383e+00
2.114546298980712891e+00
2.111768007278442383e+00
2.108933687210083008e+00
2.106449365615844727e+00
2.104487895965576172e+00
2.103227376937866211e+00
2.098364353179931641e+00
2.094786405563354492e+00
2.091499090194702148e+00
2.087094783782958984e+00
2.082450628280639648e+00
2.102368593215942383e+00
2.075012922286987305e+00
2.077239513397216797e+00
2.096763372421264648e+00
2.093458175659179688e+00
2.084588527679443359e+00
2.079738378524780273e+00
2.077940225601196289e+00
2.075604677200317383e+00
2.073450565338134766e+00
2.071536064147949219e+00
2.070203781127929688e+00
2.068611860275268555e+00
2.066930294036865234e+00
2.064405918121337891e+00
2.062460184097290039e+00
2.061319589614868164e+00
2.060077428817749023e+00
2.037625789642333984e+00
2.059093475341796875e+00
2.043412446975708008e+00
2.019176721572875977e+00
2.017443180084228516e+00
2.021838903427124023e+00
2.019042491912841797e+00
2.020895242691040039e+00
2.016261100769042969e+00
2.011731624603271484e+00
2.009530782699584961e+00
2.008323669433593750e+00
2.005994796752929688e+00
2.002972841262817383e+00
2.000971555709838867e+00
1.999545335769653320e+00
1.997218251228332520e+00
1.995559573173522949e+00
1.994287729263305664e+00
1.993023872375488281e+00
1.991669893264770508e+00
1.990129113197326660e+00
1.988347768783569336e+00
1.986443758010864258e+00
1.984248638153076172e+00
1.981738805770874023e+00
1.978586077690124512e+00
1.975740909576416016e+00
1.972989678382873535e+00
1.970456838607788086e+00
1.967741370201110840e+00
1.965213537216186523e+00
1.962990760803222656e+00
1.960623383522033691e+00
1.960363984107971191e+00
1.959290385246276855e+00
1.967271924018859863e+00
1.961153149604797363e+00
1.987684607505798340e+00
1.973169565200805664e+00
1.980625629425048828e+00
2.002080678939819336e+00
1.997093081474304199e+00
1.981033325195312500e+00
1.998757362365722656e+00
1.987108707427978516e+00
2.000982046127319336e+00
1.974458813667297363e+00
1.977748751640319824e+00
2.015846967697143555e+00
1.973187565803527832e+00
1.993641257286071777e+00
1.984748721122741699e+00
2.002243757247924805e+00
1.995577692985534668e+00
1.994413733482360840e+00
1.991065859794616699e+00
1.986233711242675781e+00
2.021063327789306641e+00
2.016550302505493164e+00
2.005456447601318359e+00
2.005313634872436523e+00
1.999770760536193848e+00
2.005291700363159180e+00
1.999688982963562012e+00
1.997178554534912109e+00
1.994717717170715332e+00
1.992492318153381348e+00
1.991690397262573242e+00
2.019084930419921875e+00
1.997433781623840332e+00
1.991173028945922852e+00
2.014501094818115234e+00
1.997401356697082520e+00
1.990358591079711914e+00
2.012088298797607422e+00
1.990908145904541016e+00
1.986568331718444824e+00
2.012252807617187500e+00
1.989072442054748535e+00
2.012230157852172852e+00
1.984599232673645020e+00
2.021398544311523438e+00
1.991786479949951172e+00
1.982396483421325684e+00
2.008317708969116211e+00
2.000875234603881836e+00
1.992138385772705078e+00
1.995774745941162109e+00
1.994467496871948242e+00
1.994390606880187988e+00
1.993774056434631348e+00
1.993555784225463867e+00
1.992926955223083496e+00
2.026288986206054688e+00
1.997246026992797852e+00
1.989055514335632324e+00
2.022755384445190430e+00
1.993192315101623535e+00
1.985374808311462402e+00
1.932196617126464844e+00
1.920686364173889160e+00
1.967276215553283691e+00
1.969934344291687012e+00
1.932770609855651855e+00
1.894920229911804199e+00
1.947593092918395996e+00
2.005021095275878906e+00
1.968070626258850098e+00
2.000014543533325195e+00
1.965130209922790527e+00
