5.619223713874816895e-01
5.828487277030944824e-01
3.755955994129180908e-01
3.432934582233428955e-01
3.355545997619628906e-01
3.433093130588531494e-01
3.391183614730834961e-01
3.368451297283172607e-01
3.385441005229949951e-01
3.418738245964050293e-01
3.433846831321716309e-01
3.516093790531158447e-01
3.546082973480224609e-01
3.492061495780944824e-01
3.569968640804290771e-01
3.743865191936492920e-01
3.773010671138763428e-01
3.615060150623321533e-01
3.593008518218994141e-01
3.591001331806182861e-01
3.592942059040069580e-01
3.591927587985992432e-01
3.589788079261779785e-01
3.565605580806732178e-01
3.557767271995544434e-01
3.545199036598205566e-01
3.539915382862091064e-01
3.538185656070709229e-01
3.535569906234741211e-01
3.535963892936706543e-01
3.534320890903472900e-01
3.536688387393951416e-01
3.539279997348785400e-01
3.664150238037109375e-01
3.682586848735809326e-01
3.692532777786254883e-01
3.691584169864654541e-01
3.692562282085418701e-01
3.694079220294952393e-01
3.691130280494689941e-01
3.694015145301818848e-01
3.694004714488983154e-01
3.691271841526031494e-01
3.690623641014099121e-01
3.694257736206054688e-01
3.693871498107910156e-01
3.691365420818328857e-01
3.695654869079589844e-01
3.696058392524719238e-01
3.689723312854766846e-01
3.695079982280731201e-01
3.693071305751800537e-01
3.689680695533752441e-01
3.694366216659545898e-01
3.690743446350097656e-01
3.688925802707672119e-01
3.690074086189270020e-01
3.739046752452850342e-01
3.673918545246124268e-01
3.695865869522094727e-01
3.664833307266235352e-01
3.677147924900054932e-01
3.673189580440521240e-01
3.673405647277832031e-01
3.675201237201690674e-01
3.670219480991363525e-01
3.677190244197845459e-01
3.678901493549346924e-01
3.685919642448425293e-01
3.685308992862701416e-01
3.686324357986450195e-01
3.683658838272094727e-01
3.682461977005004883e-01
3.649835586547851562e-01
3.791483938694000244e-01
3.743481338024139404e-01
3.742047250270843506e-01
4.028780460357666016e-01
4.008607268333435059e-01
3.976024687290191650e-01
3.937833309173583984e-01
3.915249705314636230e-01
3.901745378971099854e-01
3.890406787395477295e-01
3.880440294742584229e-01
3.868572413921356201e-01
3.857597410678863525e-01
3.850806057453155518e-01
3.844350576400756836e-01
3.838038742542266846e-01
3.833082020282745361e-01
3.828104436397552490e-01
3.823909461498260498e-01
3.820949196815490723e-01
3.817512392997741699e-01
3.813245594501495361e-01
3.809618353843688965e-01
3.813106119632720947e-01
3.805180191993713379e-01
3.802770972251892090e-01
3.802641034126281738e-01
3.800013065338134766e-01
3.798176050186157227e-01
3.794326186180114746e-01
3.792890012264251709e-01
3.791104555130004883e-01
3.792092800140380859e-01
3.786149919033050537e-01
3.782391548156738281e-01
3.783501386642456055e-01
3.783127963542938232e-01
3.779135942459106445e-01
3.781534433364868164e-01
3.778493106365203857e-01
3.770636022090911865e-01
3.779734075069427490e-01
3.771986663341522217e-01
3.777382373809814453e-01
3.768056929111480713e-01
3.774543404579162598e-01
3.763217926025390625e-01
3.772729933261871338e-01
3.761542737483978271e-01
3.769946396350860596e-01
3.757466375827789307e-01
3.766521811485290527e-01
3.755419254302978516e-01
3.762680292129516602e-01
3.751251697540283203e-01
3.761285841464996338e-01
3.750657439231872559e-01
3.758777678012847900e-01
3.750306069850921631e-01
3.755435347557067871e-01
3.752234280109405518e-01
3.753880858421325684e-01
3.748763501644134521e-01
3.749510943889617920e-01
3.742893338203430176e-01
3.743026256561279297e-01
3.748213052749633789e-01
3.747245073318481445e-01
3.744259774684906006e-01
3.745438754558563232e-01
3.737758100032806396e-01
3.737367987632751465e-01
3.742770254611968994e-01
3.736413419246673584e-01
3.744605481624603271e-01
3.743514716625213623e-01
3.733850121498107910e-01
3.732837140560150146e-01
3.738433420658111572e-01
3.732310533523559570e-01
3.731140196323394775e-01
3.735786974430084229e-01
3.734029829502105713e-01
3.732489049434661865e-01
3.730555474758148193e-01
3.730917572975158691e-01
3.734503388404846191e-01
3.725563585758209229e-01
3.723663985729217529e-01
3.729288578033447266e-01
3.723739981651306152e-01
3.732158243656158447e-01
3.732400238513946533e-01
3.722547590732574463e-01
3.720573484897613525e-01
3.727891445159912109e-01
3.725858330726623535e-01
3.723484575748443604e-01
3.721790015697479248e-01
3.722121417522430420e-01
3.725966215133666992e-01
3.717276155948638916e-01
3.715386986732482910e-01
3.722750246524810791e-01
3.720531761646270752e-01
3.718220889568328857e-01
3.716671466827392578e-01
3.717010319232940674e-01
3.720996081829071045e-01
3.712522685527801514e-01
3.710616528987884521e-01
3.717813193798065186e-01
3.715805113315582275e-01
3.713706433773040771e-01
3.717674314975738525e-01
3.708972334861755371e-01
3.717183172702789307e-01
3.711475431919097900e-01
3.712550103664398193e-01
3.704468011856079102e-01
3.705813586711883545e-01
3.712452948093414307e-01
3.710180222988128662e-01
3.711403310298919678e-01
3.705254197120666504e-01
3.708557784557342529e-01
